600 43.39333333333333 -38.22792222222221 -44.333333333333336 -49.99055555555556 0.00016666666666666666 
1100 49.426666666666655 -17.307433333333332 -31.2 -49.96866666666667 0.0005555555555555556 
1600 60.066666666666684 -3.3447333333333322 -2.6666666666666665 -49.8815 0.0018333333333333329 
2100 66.19333333333334 8.101999999999999 6.1 -49.80561111111111 0.002944444444444444 
2600 70.36 17.84445555555556 24.466666666666665 -49.6741111111111 0.004666666666666666 
3100 78.32666666666665 26.59584444444444 38.4 -49.57183333333333 0.005555555555555553 
3600 83.67999999999998 34.339655555555574 43.63333333333333 -49.50466666666667 0.005722222222222221 
4100 88.96666666666665 41.35644444444445 49.63333333333333 -49.39716666666667 0.006333333333333331 
4600 91.36666666666666 47.56512222222222 59.63333333333333 -49.28944444444444 0.007111111111111111 
5100 93.70666666666666 53.18425555555556 64.3 -49.22700000000001 0.007333333333333332 
5600 96.45333333333333 58.290766666666656 68.4 -49.234222222222236 0.006999999999999998 
6100 99.58666666666667 63.08419999999999 72.03333333333333 -49.23922222222222 0.006666666666666666 
6600 103.55333333333333 67.42435555555556 76.83333333333333 -49.095277777777774 0.007666666666666667 
7100 106.90666666666668 71.42540000000001 76.43333333333334 -49.02738888888889 0.008000000000000004 
7600 109.18666666666668 75.22635555555556 84.0 -49.09033333333334 0.007277777777777777 
8100 112.06666666666666 78.76572222222222 82.53333333333333 -49.041111111111114 0.007444444444444443 
8600 112.98666666666666 82.05657777777779 85.13333333333334 -49.17133333333333 0.006277777777777777 
9100 114.48 85.22131111111112 94.66666666666667 -49.15227777777779 0.006222222222222223 
9600 116.67999999999998 88.20623333333333 95.3 -49.21883333333332 0.00561111111111111 
10100 119.57999999999997 91.07227777777777 93.3 -49.17811111111112 0.005777777777777777 
10600 122.09999999999998 93.78473333333334 96.3 -49.21066666666668 0.005444444444444445 
11100 123.48666666666665 96.40653333333331 96.7 -49.2018888888889 0.005444444444444444 
11600 124.36666666666663 98.78078888888889 94.16666666666667 -49.26916666666667 0.004888888888888887 
12100 125.33333333333331 101.06604444444443 96.03333333333333 -49.3146111111111 0.0045 
12600 127.46666666666664 103.20480000000002 97.93333333333334 -49.29049999999999 0.004611111111111111 
13100 129.15333333333334 105.2001888888889 88.66666666666667 -49.333166666666656 0.004277777777777778 
13600 129.96 107.09427777777779 95.46666666666667 -49.33966666666666 0.004166666666666665 
14100 130.93333333333334 108.90406666666665 90.86666666666666 -49.39605555555555 0.003777777777777777 
14600 131.84666666666666 110.59725555555558 77.2 -49.389500000000005 0.003777777777777776 
15100 133.48666666666665 112.25072222222224 78.3 -49.3992777777778 0.0036666666666666653 
15600 134.52666666666664 113.83299999999996 85.83333333333333 -49.32633333333334 0.0040555555555555544 
16100 135.93999999999997 115.32762222222223 92.4 -49.287166666666664 0.004277777777777777 
16600 136.82666666666668 116.77468888888887 104.3 -49.313222222222215 0.0041111111111111105 
17100 137.71333333333334 118.15196666666667 111.16666666666667 -49.39794444444444 0.0035555555555555544 
17600 138.49333333333334 119.48916666666668 112.63333333333334 -49.38399999999999 0.003611111111111109 
18100 139.42000000000002 120.70442222222223 113.06666666666666 -49.40966666666666 0.003444444444444444 
18600 140.01333333333335 121.90894444444443 108.16666666666667 -49.443999999999996 0.0032222222222222214 
19100 140.82000000000002 123.06544444444444 102.63333333333334 -49.45133333333333 0.003166666666666665 
19600 141.64666666666665 124.15283333333333 104.93333333333334 -49.42716666666666 0.0032777777777777757 
20100 143.31333333333333 125.18646666666663 105.53333333333333 -49.42544444444444 0.003277777777777776 
20600 143.88666666666666 126.19454444444446 82.4 -49.54627777777777 0.002555555555555555 
21100 143.91333333333333 127.19753333333331 94.56666666666666 -49.57344444444445 0.002388888888888888 
21600 144.78 128.16843333333333 95.46666666666667 -49.51172222222222 0.0027222222222222214 
22100 145.72666666666663 129.13706666666667 96.56666666666666 -49.45838888888889 0.0029999999999999983 
22600 145.98666666666665 130.01793333333333 84.43333333333334 -49.50599999999999 0.0027222222222222214 
23100 147.34666666666664 130.85284444444446 72.9 -49.55361111111111 0.0024444444444444435 
23600 147.7866666666667 131.6744222222222 73.3 -49.52088888888889 0.00261111111111111 
24100 148.24666666666664 132.44543333333334 61.666666666666664 -49.589999999999996 0.002222222222222222 
24600 148.93333333333334 133.20982222222221 62.46666666666667 -49.60816666666667 0.0021111111111111105 
25100 149.39333333333335 133.9844666666667 62.6 -49.61672222222223 0.0020555555555555553 
25600 149.9733333333333 134.69837777777778 75.26666666666667 -49.554055555555564 0.002388888888888888 
26100 150.07999999999998 135.39073333333332 75.9 -49.591888888888896 0.0021666666666666657 
26600 150.4133333333333 136.0252888888889 82.36666666666666 -49.60172222222223 0.0021111111111111105 
27100 150.7333333333333 136.6948444444444 76.46666666666667 -49.58000000000001 0.0022222222222222214 
27600 151.11333333333332 137.31596666666664 83.5 -49.5575 0.0023333333333333327 
28100 151.5333333333333 137.95002222222226 84.13333333333334 -49.5455 0.0023888888888888874 
28600 152.02666666666667 138.5344666666667 84.33333333333333 -49.55566666666667 0.0023333333333333327 
29100 152.63333333333333 139.09697777777777 72.53333333333333 -49.596055555555566 0.0021111111111111105 
29600 153.35333333333332 139.65994444444445 66.56666666666666 -49.57366666666667 0.0022222222222222214 
30100 153.33333333333334 140.2075222222222 73.26666666666667 -49.5725 0.0022222222222222214 
30600 154.10666666666668 140.727 79.86666666666666 -49.58177777777777 0.0021666666666666657 
31100 154.64666666666668 141.23706666666666 86.33333333333333 -49.55988888888888 0.002277777777777776 
31600 154.96 141.69850000000002 80.36666666666666 -49.57916666666665 0.0021666666666666653 
32100 155.33333333333334 142.18444444444444 86.9 -49.56772222222221 0.0022222222222222214 
32600 155.82666666666668 142.65905555555554 101.2 -49.57588888888888 0.0021666666666666653 
33100 156.05999999999997 143.10896666666667 101.66666666666667 -49.49833333333333 0.002555555555555554 
33600 156.26000000000002 143.5473 109.56666666666666 -49.484166666666646 0.0026111111111111105 
34100 156.41333333333336 144.00806666666668 110.03333333333333 -49.43922222222222 0.0028333333333333327 
34600 156.70666666666668 144.4501222222222 116.46666666666667 -49.417666666666655 0.002944444444444443 
35100 157.13333333333333 144.83717777777778 116.83333333333333 -49.41538888888888 0.002944444444444443 
35600 157.19333333333333 145.28447777777777 117.63333333333334 -49.36911111111111 0.0031666666666666653 
36100 157.88 145.7128 118.2 -49.344611111111114 0.003277777777777776 
36600 158.2533333333333 146.13525555555552 111.66666666666667 -49.33166666666667 0.003333333333333332 
37100 158.51333333333335 146.50985555555556 105.33333333333333 -49.30772222222222 0.003444444444444443 
37600 158.86 146.89144444444446 99.0 -49.294888888888885 0.003499999999999998 
38100 159.18000000000004 147.2888111111111 106.06666666666666 -49.20422222222222 0.003944444444444442 
38600 159.74000000000004 147.66546666666667 106.06666666666666 -49.19161111111111 0.003999999999999998 
39100 159.90666666666667 148.0454 106.06666666666666 -49.168388888888884 0.00411111111111111 
39600 160.11333333333334 148.37274444444444 112.93333333333334 -49.099555555555554 0.004444444444444444 
40100 160.23333333333332 148.77116666666672 112.93333333333334 -49.06444444444444 0.00461111111111111 
40600 160.62 149.14228888888883 140.13333333333333 -48.93616666666666 0.005222222222222221 
41100 160.70000000000002 149.51595555555556 140.63333333333333 -48.91288888888889 0.005333333333333331 
41600 160.8666666666667 149.86158888888892 140.76666666666668 -48.854611111111105 0.005611111111111109 
42100 161.36000000000004 150.23796666666667 148.03333333333333 -48.81894444444444 0.005777777777777777 
42600 161.5666666666667 150.6068888888889 148.46666666666667 -48.78377777777778 0.005944444444444444 
43100 161.7133333333334 150.93306666666666 141.76666666666668 -48.74766666666667 0.00611111111111111 
43600 161.7866666666667 151.3051222222222 149.03333333333333 -48.6768888888889 0.006444444444444442 
44100 162.0066666666667 151.64810000000003 156.4 -48.54861111111112 0.007055555555555554 
44600 162.42666666666668 152.0212444444445 157.03333333333333 -48.46333333333334 0.0074444444444444445 
45100 162.66666666666669 152.36596666666665 157.23333333333332 -48.34500000000001 0.008 
45600 162.86 152.70138888888883 157.56666666666666 -48.08844444444444 0.009222222222222222 
46100 163.0066666666667 153.04833333333332 151.36666666666667 -48.00627777777778 0.009611111111111114 
46600 163.3666666666667 153.3949444444444 151.86666666666667 -47.842722222222214 0.010388888888888888 
47100 163.51333333333335 153.74442222222223 151.93333333333334 -47.68005555555556 0.011166666666666667 
47600 163.70000000000002 154.08824444444443 152.83333333333334 -47.342333333333336 0.01277777777777778 
48100 163.93333333333334 154.40262222222222 152.93333333333334 -47.18500000000001 0.013500000000000002 
48600 164.04 154.72337777777784 153.0 -46.79899999999999 0.015333333333333336 
49100 164.24666666666664 155.0768111111111 153.86666666666667 -46.37211111111112 0.017333333333333333 
49600 164.32666666666668 155.3917555555555 154.26666666666668 -46.11088888888889 0.018555555555555554 
50100 164.57333333333332 155.69331111111111 154.4 -45.70677777777778 0.02044444444444445 
50600 164.88000000000002 155.99867777777774 140.9 -45.50177777777777 0.021388888888888888 
51100 164.98000000000002 156.32846666666666 141.16666666666666 -45.00455555555556 0.02372222222222222 
51600 165.28000000000003 156.6570111111111 141.76666666666668 -44.434888888888885 0.026388888888888896 
52100 165.29333333333335 156.9711222222222 142.0 -43.89027777777777 0.02894444444444445 
52600 165.38000000000002 157.28165555555555 142.13333333333333 -43.71638888888888 0.029722222222222223 
53100 165.74666666666664 157.59366666666662 142.46666666666667 -43.287888888888894 0.03172222222222222 
53600 166.02666666666667 157.93263333333337 142.6 -42.882333333333335 0.03361111111111111 
54100 166.32666666666665 158.24662222222224 142.93333333333334 -42.38666666666668 0.035888888888888894 
54600 166.53333333333333 158.5584888888889 157.1 -42.021777777777764 0.037555555555555564 
55100 166.74666666666664 158.88842222222218 157.43333333333334 -41.290277777777774 0.04094444444444444 
55600 167.1333333333333 159.1902222222222 157.33333333333334 -40.64544444444444 0.04388888888888888 
56100 167.2133333333333 159.47325555555554 150.3 -40.204722222222216 0.04588888888888888 
56600 167.51333333333332 159.7756111111111 136.83333333333334 -38.835833333333326 0.05222222222222221 
57100 167.55333333333334 160.0544333333333 151.3 -37.13083333333334 0.06011111111111112 
57600 167.66666666666669 160.37416666666667 151.5 -35.2706111111111 0.06872222222222221 
58100 167.72 160.68226666666666 151.63333333333333 -32.88922222222222 0.0797777777777778 
58600 167.91333333333333 160.95315555555555 151.9 -30.73205555555556 0.08972222222222222 
59100 168.39333333333335 161.2428222222222 159.33333333333334 -27.895611111111112 0.10283333333333333 
59600 168.60666666666668 161.52873333333335 159.83333333333334 -24.76277777777778 0.1172777777777778 
60100 168.58666666666667 161.81298888888887 160.06666666666666 -21.27377777777777 0.13338888888888886 
60600 168.66 162.09023333333332 160.26666666666668 -18.140833333333333 0.14783333333333334 
61100 168.68666666666664 162.34303333333335 153.03333333333333 -15.163 0.16155555555555556 
61600 168.92000000000002 162.60894444444446 159.86666666666667 -11.675944444444442 0.17761111111111108 
62100 169.12000000000003 162.87154444444442 167.0 -8.453777777777777 0.19249999999999995 
62600 169.19333333333336 163.1594333333333 167.06666666666666 -5.843555555555555 0.20449999999999996 
63100 169.33333333333337 163.42924444444444 167.6 -3.523888888888887 0.21516666666666662 
63600 169.54000000000002 163.69201111111113 168.23333333333332 -0.9101666666666676 0.2272222222222222 
64100 169.63333333333335 163.9339888888889 168.26666666666668 1.9241666666666641 0.24027777777777776 
64600 169.7133333333334 164.2044111111111 168.46666666666667 4.655166666666667 0.25277777777777777 
65100 169.91333333333336 164.46067777777776 168.56666666666666 7.537111111111113 0.2658888888888889 
65600 170.10000000000002 164.72041111111108 168.73333333333332 10.367388888888888 0.2787777777777778 
66100 170.30000000000004 164.96902222222224 169.13333333333333 13.589166666666667 0.2935 
66600 170.4866666666667 165.19354444444443 169.33333333333334 16.214499999999997 0.30544444444444446 
67100 170.50666666666672 165.45432222222226 169.46666666666667 19.51738888888889 0.32049999999999995 
67600 170.54000000000005 165.6818 169.46666666666667 22.513333333333332 0.33411111111111114 
68100 170.63333333333335 165.91932222222223 169.7 26.24644444444444 0.35111111111111115 
68600 170.85333333333338 166.17384444444443 169.76666666666668 30.24716666666667 0.36927777777777776 
69100 170.88000000000002 166.4183222222222 162.5 34.245333333333335 0.3874444444444443 
69600 171.0666666666667 166.64803333333336 162.56666666666666 37.68600000000001 0.4029999999999999 
70100 171.14000000000001 166.88796666666664 162.8 41.81438888888889 0.4217222222222222 
70600 171.2866666666667 167.11912222222225 163.0 45.75672222222222 0.4394999999999999 
71100 171.3066666666667 167.3580111111111 163.06666666666666 50.023166666666675 0.4587777777777777 
71600 171.51999999999998 167.56183333333334 170.73333333333332 54.605222222222224 0.4795555555555556 
72100 171.61333333333334 167.7851111111111 170.86666666666667 59.84805555555556 0.5033333333333333 
72600 171.6333333333333 167.97722222222225 171.06666666666666 65.58105555555555 0.5293333333333333 
73100 171.76666666666668 168.15970000000002 171.23333333333332 70.29961111111112 0.5506666666666667 
73600 171.86666666666667 168.35603333333336 171.36666666666667 75.74694444444442 0.5752777777777778 
74100 171.9 168.52405555555552 171.43333333333334 79.41816666666666 0.5917777777777776 
74600 172.01333333333335 168.69780000000003 171.66666666666666 83.2918888888889 0.6092777777777776 
75100 172.08666666666667 168.8659555555556 171.7 86.35550000000002 0.623 
75600 172.26666666666668 169.0062 171.83333333333334 88.1686111111111 0.6309999999999999 
76100 172.34 169.17151111111113 171.9 89.7068888888889 0.6377222222222223 
76600 172.48666666666668 169.3179 172.03333333333333 91.25161111111109 0.6444444444444445 
77100 172.50666666666666 169.4706222222222 172.06666666666666 92.29350000000001 0.6488333333333335 
77600 172.62 169.6263 172.2 93.76166666666668 0.6551666666666666 
78100 172.66 169.77192222222223 172.33333333333334 95.78561111111112 0.664 
78600 172.81333333333336 169.89936666666665 172.46666666666667 99.5208888888889 0.6805555555555555 
79100 172.9066666666667 170.0381888888889 172.53333333333333 104.6891111111111 0.7036111111111111 
79600 172.97333333333336 170.1526444444445 172.53333333333333 108.7 0.721388888888889 
80100 173.01333333333335 170.2712222222222 172.66666666666666 111.84027777777777 0.7352777777777779 
80600 173.04000000000002 170.3801555555556 172.66666666666666 113.09099999999998 0.7406111111111112 
81100 173.01333333333335 170.4787111111111 172.66666666666666 114.35677777777776 0.7460555555555555 
81600 173.10666666666668 170.59545555555553 172.7 116.20155555555556 0.754 
82100 173.10666666666668 170.70875555555557 172.73333333333332 117.99955555555555 0.7617777777777779 
82600 173.26000000000002 170.80031111111109 172.93333333333334 119.14055555555557 0.7666666666666667 
83100 173.30000000000004 170.91122222222222 172.96666666666667 120.39538888888886 0.7721111111111113 
83600 173.40000000000003 171.0339111111111 173.0 120.52477777777774 0.772388888888889 
84100 173.58666666666667 171.14636666666667 173.3 120.71399999999998 0.7728333333333332 
84600 173.66 171.26335555555562 173.4 121.81238888888889 0.7774444444444445 
85100 173.73999999999998 171.3762111111111 173.56666666666666 123.25238888888892 0.7834999999999999 
85600 173.80666666666667 171.48072222222217 173.63333333333333 124.90755555555555 0.7904444444444446 
86100 173.87333333333333 171.59728888888887 173.7 126.53577777777777 0.7971666666666667 
86600 173.90666666666667 171.72758888888885 173.73333333333332 130.77194444444444 0.8157222222222225 
87100 174.14 171.82844444444447 173.93333333333334 134.09205555555556 0.8302777777777777 
87600 174.20666666666665 171.93686666666665 174.03333333333333 137.5865 0.8456666666666668 
88100 174.20666666666665 172.02045555555554 174.03333333333333 139.9537222222222 0.8560555555555556 
88600 174.20666666666665 172.1048 174.03333333333333 141.79205555555555 0.8640555555555556 
89100 174.23333333333338 172.16505555555557 174.03333333333333 142.5456666666667 0.8671666666666665 
89600 174.2866666666667 172.24003333333334 174.03333333333333 143.88761111111114 0.8729444444444444 
90100 174.31333333333336 172.31336666666667 174.03333333333333 143.9938888888889 0.8731666666666666 
90600 174.37333333333336 172.40055555555554 174.06666666666666 144.53266666666667 0.8752777777777776 
91100 174.37333333333336 172.48463333333333 174.06666666666666 144.4853333333334 0.8747222222222224 
91600 174.46666666666667 172.57243333333332 174.2 144.84238888888888 0.8758888888888889 
92100 174.5 172.6586333333333 174.23333333333332 145.19877777777774 0.8770555555555554 
92600 174.6 172.75367777777777 174.33333333333334 147.10611111111115 0.8851111111111111 
93100 174.63333333333333 172.8426111111111 174.4 149.48100000000002 0.8952777777777775 
93600 174.63333333333333 172.93563333333336 174.4 152.74377777777778 0.9095555555555552 
94100 174.63333333333333 173.02415555555552 174.4 155.76799999999997 0.9227777777777777 
94600 174.70666666666665 173.12214444444444 174.5 158.7382777777777 0.9357222222222222 
95100 174.70666666666665 173.2043222222222 174.5 159.39500000000004 0.9383333333333334 
95600 174.76666666666668 173.29125555555555 174.53333333333333 158.91555555555553 0.9358888888888889 
96100 174.8 173.37460000000002 174.56666666666666 157.8 0.9306111111111111 
96600 174.8 173.43458888888892 174.56666666666666 157.6613888888889 0.9297222222222223 
97100 174.82666666666668 173.48518888888884 174.56666666666666 157.89311111111112 0.9304444444444443 
97600 174.8466666666667 173.53981111111113 174.6 157.58311111111112 0.9288333333333335 
98100 174.8466666666667 173.58404444444443 174.6 155.78455555555556 0.9206111111111112 
98600 174.8466666666667 173.6214222222222 174.6 153.28916666666663 0.9093333333333332 
99100 174.85333333333335 173.66841111111114 174.63333333333333 151.35455555555558 0.9005555555555554 
99600 174.85333333333335 173.69812222222222 174.63333333333333 149.9696666666667 0.8942777777777776 
100100 174.88000000000002 173.7325888888889 174.66666666666666 150.1383888888889 0.8949444444444443 
