248732
53
[(127, 25, 1), (87, 25, 0), (109, 15, 3), (172, 26, 2), (80, 19, 2), (65, 17, 1), (115, 17, 3), (100, 17, 0), (76, 15, 1), (144, 16, 1), (96, 21, 1), (121, 17, 0), (98, 28, 0), (114, 28, 2), (69, 17, 2), (112, 15, 3), (138, 20, 1), (140, 16, 2), (138, 25, 1), (168, 25, 3)]
[(128, 19, 3), (87, 25, 0), (109, 15, 3), (61, 14, 1), (80, 19, 2), (65, 17, 1), (106, 5, 2), (96, 11, 2), (74, 9, 3), (137, 7, 3), (93, 21, 2), (111, 10, 2), (98, 28, 0), (114, 28, 2), (77, 18, 1), (117, 12, 2), (140, 33, 3), (142, 15, 2), (140, 24, 1), (139, 3, 3)]
[(128, 19, 3), (87, 25, 0), (109, 15, 3), (72, 8, 3), (80, 19, 2), (65, 17, 1), (96, 10, 2), (100, 17, 0), (74, 9, 3), (137, 7, 3), (93, 21, 2), (111, 10, 2), (98, 28, 0), (114, 28, 2), (70, 20, 3), (117, 12, 2), (142, 27, 2), (140, 16, 2), (138, 25, 1), (148, 7, 0)]
[(128, 19, 3), (87, 25, 0), (109, 15, 3), (60, 15, 1), (80, 19, 2), (65, 17, 1), (106, 5, 2), (96, 11, 2), (74, 9, 3), (141, 4, 3), (93, 21, 2), (111, 10, 2), (98, 28, 0), (114, 28, 2), (70, 20, 3), (117, 12, 2), (142, 27, 2), (125, 3, 0), (138, 25, 1), (143, 10, 3)]
[(128, 19, 3), (87, 25, 0), (109, 15, 3), (60, 15, 1), (80, 19, 2), (65, 17, 1), (106, 5, 2), (96, 11, 2), (74, 9, 3), (141, 4, 3), (93, 21, 2), (111, 10, 2), (98, 28, 0), (114, 28, 2), (70, 20, 3), (117, 12, 2), (142, 27, 2), (125, 3, 0), (138, 25, 1), (143, 10, 3)]
[(128, 19, 3), (87, 25, 0), (109, 15, 3), (72, 8, 3), (80, 19, 2), (65, 17, 1), (96, 10, 2), (100, 17, 0), (78, 4, 0), (141, 4, 3), (93, 21, 2), (111, 10, 2), (98, 28, 0), (114, 28, 2), (70, 20, 3), (117, 12, 2), (142, 27, 2), (140, 16, 2), (138, 25, 1), (148, 7, 0)]
[(128, 19, 3), (87, 25, 0), (109, 15, 3), (60, 15, 1), (80, 19, 2), (65, 17, 1), (106, 5, 2), (100, 17, 0), (74, 9, 3), (141, 4, 3), (93, 21, 2), (111, 10, 2), (98, 28, 0), (114, 28, 2), (70, 20, 3), (117, 12, 2), (142, 27, 2), (125, 3, 0), (138, 25, 1), (143, 10, 3)]
[(128, 19, 3), (87, 25, 0), (109, 15, 3), (175, 21, 2), (80, 19, 2), (65, 17, 1), (115, 17, 3), (100, 17, 0), (76, 15, 1), (144, 16, 1), (96, 21, 1), (178, 13, 0), (98, 28, 0), (178, 24, 3), (69, 17, 2), (112, 15, 3), (143, 19, 1), (140, 16, 2), (138, 25, 1), (168, 25, 3)]
[(127, 25, 1), (87, 25, 0), (109, 15, 3), (170, 15, 2), (80, 19, 2), (65, 17, 1), (115, 17, 3), (100, 17, 0), (76, 15, 1), (144, 16, 1), (96, 21, 1), (121, 17, 0), (98, 28, 0), (114, 28, 2), (69, 17, 2), (117, 12, 2), (138, 20, 1), (142, 15, 2), (138, 25, 1), (168, 25, 3)]
[(128, 19, 3), (87, 25, 0), (109, 15, 3), (72, 8, 3), (80, 19, 2), (65, 17, 1), (96, 10, 2), (100, 17, 0), (74, 9, 3), (137, 7, 3), (93, 21, 2), (111, 10, 2), (98, 28, 0), (114, 28, 2), (70, 20, 3), (117, 12, 2), (142, 27, 2), (140, 16, 2), (138, 25, 1), (148, 7, 0)]
[(128, 19, 3), (87, 25, 0), (109, 15, 3), (60, 15, 1), (80, 19, 2), (65, 17, 1), (106, 5, 2), (96, 11, 2), (74, 9, 3), (141, 4, 3), (93, 21, 2), (111, 10, 2), (98, 28, 0), (114, 28, 2), (70, 20, 3), (117, 12, 2), (142, 27, 2), (125, 3, 0), (138, 25, 1), (143, 10, 3)]
[(128, 19, 3), (87, 25, 0), (109, 15, 3), (72, 8, 3), (80, 19, 2), (65, 17, 1), (96, 10, 2), (100, 17, 0), (78, 4, 0), (141, 4, 3), (93, 21, 2), (111, 10, 2), (98, 28, 0), (114, 28, 2), (70, 20, 3), (117, 12, 2), (142, 27, 2), (140, 16, 2), (138, 25, 1), (148, 7, 0)]
[(128, 19, 3), (87, 25, 0), (109, 15, 3), (172, 26, 2), (80, 19, 2), (65, 17, 1), (96, 10, 2), (100, 17, 0), (74, 9, 3), (144, 16, 1), (93, 21, 2), (115, 14, 3), (98, 28, 0), (114, 28, 2), (70, 20, 3), (117, 11, 2), (138, 20, 1), (142, 15, 2), (138, 25, 1), (168, 25, 3)]
[(128, 19, 3), (87, 25, 0), (109, 15, 3), (175, 21, 2), (80, 19, 2), (65, 17, 1), (115, 17, 3), (100, 17, 0), (76, 15, 1), (144, 16, 1), (96, 21, 1), (178, 13, 0), (98, 28, 0), (178, 24, 3), (69, 17, 2), (112, 15, 3), (143, 19, 1), (140, 16, 2), (138, 25, 1), (168, 25, 3)]
[(128, 19, 3), (87, 25, 0), (109, 15, 3), (72, 8, 3), (80, 19, 2), (65, 17, 1), (96, 10, 2), (100, 17, 0), (74, 9, 3), (137, 7, 3), (93, 21, 2), (111, 10, 2), (98, 28, 0), (114, 28, 2), (70, 20, 3), (117, 12, 2), (142, 27, 2), (140, 16, 2), (138, 25, 1), (148, 7, 0)]
[(128, 19, 3), (87, 25, 0), (109, 15, 3), (60, 15, 1), (80, 19, 2), (65, 17, 1), (106, 5, 2), (96, 11, 2), (74, 9, 3), (141, 4, 3), (93, 21, 2), (111, 10, 2), (98, 28, 0), (114, 28, 2), (70, 20, 3), (117, 12, 2), (142, 27, 2), (125, 3, 0), (138, 25, 1), (143, 10, 3)]
[(127, 25, 1), (87, 25, 0), (106, 13, 3), (172, 26, 2), (80, 19, 2), (65, 17, 1), (114, 23, 1), (100, 17, 0), (74, 9, 3), (144, 16, 1), (96, 21, 1), (121, 17, 0), (98, 28, 0), (114, 28, 2), (70, 20, 3), (117, 12, 2), (138, 20, 1), (142, 15, 2), (138, 25, 1), (168, 25, 3)]
[(128, 19, 3), (87, 25, 0), (109, 15, 3), (60, 15, 1), (80, 19, 2), (65, 17, 1), (106, 5, 2), (96, 11, 2), (74, 9, 3), (141, 4, 3), (93, 21, 2), (111, 10, 2), (98, 28, 0), (114, 28, 2), (70, 20, 3), (117, 12, 2), (142, 27, 2), (125, 3, 0), (138, 25, 1), (143, 10, 3)]
[(128, 19, 3), (87, 25, 0), (109, 15, 3), (61, 14, 1), (80, 19, 2), (65, 17, 1), (106, 5, 2), (96, 11, 2), (74, 9, 3), (137, 7, 3), (93, 21, 2), (111, 10, 2), (98, 28, 0), (114, 28, 2), (70, 20, 3), (117, 12, 2), (140, 33, 3), (142, 15, 2), (140, 24, 1), (139, 3, 3)]
[(128, 19, 3), (87, 25, 0), (109, 15, 3), (72, 8, 3), (80, 19, 2), (65, 17, 1), (106, 5, 2), (100, 17, 0), (78, 4, 0), (141, 4, 3), (93, 21, 2), (111, 10, 2), (98, 28, 0), (114, 28, 2), (70, 20, 3), (117, 12, 2), (142, 27, 2), (125, 3, 0), (138, 25, 1), (143, 10, 3)]
[(128, 19, 3), (87, 25, 0), (109, 15, 3), (61, 14, 1), (80, 19, 2), (65, 17, 1), (106, 5, 2), (96, 11, 2), (74, 9, 3), (137, 7, 3), (93, 21, 2), (111, 10, 2), (98, 28, 0), (114, 28, 2), (70, 20, 3), (117, 12, 2), (140, 33, 3), (142, 15, 2), (140, 24, 1), (139, 3, 3)]
[(128, 19, 3), (87, 25, 0), (109, 15, 3), (172, 26, 2), (80, 19, 2), (65, 17, 1), (96, 10, 2), (100, 17, 0), (74, 9, 3), (144, 16, 1), (93, 21, 2), (115, 14, 3), (98, 28, 0), (115, 25, 1), (70, 20, 3), (117, 11, 2), (138, 20, 1), (142, 15, 2), (138, 25, 1), (168, 25, 3)]
[(128, 19, 3), (87, 25, 0), (109, 15, 3), (61, 14, 1), (80, 19, 2), (65, 17, 1), (106, 5, 2), (96, 11, 2), (74, 9, 3), (137, 7, 3), (93, 21, 2), (111, 10, 2), (98, 28, 0), (114, 28, 2), (70, 20, 3), (117, 12, 2), (140, 33, 3), (142, 15, 2), (140, 24, 1), (139, 3, 3)]
[(128, 19, 3), (87, 25, 0), (109, 15, 3), (65, 9, 0), (80, 19, 2), (65, 17, 1), (106, 5, 2), (96, 11, 2), (78, 4, 0), (141, 4, 3), (93, 21, 2), (111, 10, 2), (98, 28, 0), (114, 28, 2), (70, 20, 3), (117, 12, 2), (142, 27, 2), (125, 6, 0), (138, 25, 1), (143, 9, 3)]
[(128, 19, 3), (87, 25, 0), (109, 15, 3), (60, 15, 1), (80, 19, 2), (65, 17, 1), (106, 5, 2), (96, 11, 2), (74, 9, 3), (141, 4, 3), (93, 21, 2), (111, 10, 2), (98, 28, 0), (114, 28, 2), (70, 20, 3), (117, 12, 2), (142, 27, 2), (125, 3, 0), (138, 25, 1), (143, 10, 3)]
[(128, 19, 3), (87, 25, 0), (109, 15, 3), (62, 15, 1), (80, 19, 2), (65, 17, 1), (106, 5, 2), (98, 11, 2), (74, 9, 3), (141, 4, 3), (93, 21, 2), (111, 10, 2), (98, 28, 0), (117, 29, 2), (70, 20, 3), (117, 12, 2), (140, 33, 3), (142, 15, 2), (140, 24, 1), (139, 3, 3)]
[(127, 25, 1), (87, 25, 0), (109, 15, 3), (175, 21, 2), (80, 19, 2), (65, 17, 1), (115, 17, 3), (100, 17, 0), (76, 15, 1), (144, 16, 1), (96, 21, 1), (121, 17, 0), (98, 28, 0), (178, 24, 3), (69, 17, 2), (112, 15, 3), (143, 19, 1), (140, 16, 2), (138, 25, 1), (168, 25, 3)]
[(128, 19, 3), (87, 25, 0), (109, 15, 3), (170, 15, 2), (80, 19, 2), (67, 6, 1), (96, 10, 2), (100, 17, 0), (74, 9, 3), (144, 16, 1), (93, 21, 2), (115, 14, 3), (98, 28, 0), (114, 28, 2), (70, 20, 3), (118, 10, 0), (138, 20, 1), (142, 15, 2), (138, 25, 1), (168, 25, 3)]
[(127, 25, 1), (87, 25, 0), (106, 13, 3), (172, 26, 2), (80, 19, 2), (65, 17, 1), (114, 23, 1), (100, 17, 0), (74, 9, 3), (144, 16, 1), (96, 21, 1), (121, 17, 0), (98, 28, 0), (114, 28, 2), (70, 20, 3), (117, 12, 2), (138, 20, 1), (142, 15, 2), (138, 25, 1), (168, 25, 3)]
[(128, 19, 3), (87, 25, 0), (109, 15, 3), (72, 8, 3), (80, 19, 2), (65, 17, 1), (96, 10, 2), (100, 17, 0), (74, 9, 3), (137, 7, 3), (93, 21, 2), (111, 10, 2), (98, 28, 0), (114, 28, 2), (70, 20, 3), (117, 12, 2), (142, 27, 2), (140, 16, 2), (138, 25, 1), (148, 7, 0)]
[(128, 19, 3), (87, 25, 0), (109, 15, 3), (60, 15, 1), (80, 19, 2), (65, 17, 1), (106, 5, 2), (100, 17, 0), (78, 4, 0), (141, 4, 3), (93, 21, 2), (111, 10, 2), (98, 28, 0), (114, 28, 2), (70, 20, 3), (117, 12, 2), (142, 27, 2), (125, 3, 0), (140, 24, 1), (141, 5, 0)]
[(128, 19, 3), (87, 25, 0), (109, 15, 3), (61, 14, 1), (80, 19, 2), (65, 17, 1), (106, 5, 2), (100, 17, 0), (74, 9, 3), (137, 7, 3), (93, 21, 2), (111, 10, 2), (98, 28, 0), (114, 28, 2), (70, 20, 3), (117, 12, 2), (140, 33, 3), (142, 15, 2), (140, 24, 1), (139, 3, 3)]
[(128, 19, 3), (87, 25, 0), (109, 15, 3), (175, 21, 2), (80, 19, 2), (65, 17, 1), (115, 17, 3), (100, 17, 0), (76, 15, 1), (144, 16, 1), (96, 21, 1), (178, 13, 0), (98, 28, 0), (178, 24, 3), (69, 17, 2), (112, 15, 3), (143, 19, 1), (140, 16, 2), (138, 25, 1), (168, 25, 3)]
[(128, 19, 3), (87, 25, 0), (109, 15, 3), (65, 9, 0), (80, 19, 2), (65, 17, 1), (106, 5, 2), (96, 11, 2), (78, 4, 0), (141, 4, 3), (93, 21, 2), (111, 10, 2), (98, 28, 0), (114, 28, 2), (70, 20, 3), (117, 12, 2), (142, 27, 2), (125, 3, 0), (138, 25, 1), (148, 7, 0)]
[(128, 19, 3), (87, 25, 0), (109, 15, 3), (60, 15, 1), (80, 19, 2), (65, 17, 1), (106, 5, 2), (96, 11, 2), (74, 9, 3), (141, 4, 3), (93, 21, 2), (111, 10, 2), (98, 28, 0), (114, 28, 2), (70, 20, 3), (117, 12, 2), (142, 27, 2), (125, 3, 0), (138, 25, 1), (143, 10, 3)]
[(128, 19, 3), (87, 25, 0), (109, 15, 3), (61, 14, 1), (80, 19, 2), (65, 17, 1), (106, 5, 2), (96, 11, 2), (74, 9, 3), (137, 7, 3), (93, 21, 2), (111, 10, 2), (98, 28, 0), (114, 28, 2), (70, 20, 3), (117, 12, 2), (140, 33, 3), (142, 15, 2), (140, 24, 1), (139, 3, 3)]
[(128, 19, 3), (87, 25, 0), (109, 15, 3), (60, 15, 1), (80, 18, 3), (65, 17, 1), (106, 5, 2), (100, 17, 0), (74, 9, 3), (141, 4, 3), (93, 21, 2), (111, 10, 2), (98, 28, 0), (114, 28, 2), (70, 20, 3), (117, 12, 2), (142, 27, 2), (125, 3, 0), (140, 24, 1), (141, 5, 0)]
[(128, 19, 3), (87, 25, 0), (109, 15, 3), (172, 26, 2), (80, 19, 2), (65, 17, 1), (96, 10, 2), (100, 17, 0), (74, 9, 3), (144, 16, 1), (93, 21, 2), (115, 14, 3), (98, 28, 0), (115, 25, 1), (70, 20, 3), (117, 11, 2), (138, 20, 1), (142, 15, 2), (138, 25, 1), (168, 25, 3)]
[(128, 19, 3), (87, 25, 0), (109, 15, 3), (62, 15, 1), (80, 19, 2), (65, 17, 1), (106, 5, 2), (100, 13, 2), (74, 9, 3), (137, 7, 3), (93, 21, 2), (111, 10, 2), (98, 28, 0), (114, 28, 2), (77, 18, 1), (117, 12, 2), (142, 27, 2), (140, 16, 2), (138, 25, 1), (139, 3, 3)]
[(128, 19, 3), (87, 25, 0), (109, 15, 3), (60, 15, 1), (80, 19, 2), (65, 17, 1), (106, 5, 2), (98, 11, 2), (74, 9, 3), (141, 4, 3), (93, 21, 2), (111, 10, 2), (98, 28, 0), (114, 28, 2), (70, 20, 3), (117, 12, 2), (142, 27, 2), (125, 3, 0), (140, 24, 1), (141, 5, 0)]
[(128, 19, 3), (87, 25, 0), (109, 15, 3), (65, 9, 0), (80, 19, 2), (65, 17, 1), (106, 5, 2), (96, 11, 2), (78, 4, 0), (141, 4, 3), (93, 21, 2), (111, 10, 2), (98, 28, 0), (114, 28, 2), (70, 20, 3), (117, 12, 2), (142, 27, 2), (125, 3, 0), (138, 25, 1), (148, 7, 0)]
[(127, 25, 1), (87, 25, 0), (109, 15, 3), (170, 15, 2), (80, 19, 2), (65, 17, 1), (115, 17, 3), (100, 17, 0), (76, 15, 1), (144, 16, 1), (96, 21, 1), (121, 17, 0), (98, 28, 0), (114, 28, 2), (69, 17, 2), (117, 12, 2), (138, 20, 1), (140, 16, 2), (138, 25, 1), (168, 25, 3)]
[(128, 19, 3), (87, 25, 0), (109, 15, 3), (61, 14, 1), (80, 19, 2), (65, 17, 1), (106, 5, 2), (96, 11, 2), (74, 9, 3), (137, 7, 3), (93, 21, 2), (111, 10, 2), (98, 28, 0), (114, 28, 2), (70, 20, 3), (117, 12, 2), (140, 33, 3), (142, 15, 2), (140, 24, 1), (139, 3, 3)]
[(127, 25, 1), (87, 25, 0), (109, 15, 3), (172, 26, 2), (80, 19, 2), (65, 17, 1), (115, 17, 3), (100, 17, 0), (76, 15, 1), (144, 16, 1), (96, 21, 1), (121, 17, 0), (98, 28, 0), (114, 28, 2), (69, 17, 2), (112, 15, 3), (138, 20, 1), (140, 16, 2), (138, 25, 1), (168, 25, 3)]
[(127, 25, 1), (87, 25, 0), (109, 15, 3), (175, 21, 2), (80, 19, 2), (65, 17, 1), (115, 17, 3), (100, 17, 0), (76, 15, 1), (144, 16, 1), (96, 21, 1), (121, 17, 0), (98, 28, 0), (178, 24, 3), (69, 17, 2), (117, 12, 2), (138, 20, 1), (140, 16, 2), (138, 25, 1), (168, 25, 3)]
[(128, 19, 3), (87, 25, 0), (109, 15, 3), (65, 9, 0), (80, 19, 2), (65, 17, 1), (106, 5, 2), (100, 17, 0), (78, 4, 0), (141, 4, 3), (93, 21, 2), (111, 10, 2), (98, 28, 0), (114, 28, 2), (70, 20, 3), (117, 12, 2), (142, 27, 2), (125, 6, 0), (138, 25, 1), (143, 9, 3)]
[(128, 19, 3), (87, 25, 0), (109, 15, 3), (60, 15, 1), (80, 19, 2), (65, 17, 1), (106, 5, 2), (100, 17, 0), (74, 9, 3), (141, 4, 3), (93, 21, 2), (111, 10, 2), (98, 28, 0), (114, 28, 2), (70, 20, 3), (117, 12, 2), (142, 27, 2), (125, 3, 0), (138, 25, 1), (143, 10, 3)]
[(128, 19, 3), (87, 25, 0), (109, 15, 3), (172, 26, 2), (80, 19, 2), (65, 17, 1), (96, 10, 2), (100, 17, 0), (74, 9, 3), (144, 16, 1), (93, 21, 2), (115, 14, 3), (98, 28, 0), (114, 28, 2), (70, 20, 3), (117, 11, 2), (138, 20, 1), (142, 15, 2), (138, 25, 1), (168, 25, 3)]
[(128, 19, 3), (87, 25, 0), (109, 15, 3), (175, 21, 2), (80, 19, 2), (65, 17, 1), (115, 17, 3), (100, 17, 0), (76, 15, 1), (144, 16, 1), (96, 21, 1), (183, 17, 2), (98, 28, 0), (178, 24, 3), (69, 17, 2), (112, 15, 3), (138, 20, 1), (140, 16, 2), (138, 25, 1), (168, 25, 3)]
[(128, 19, 3), (87, 25, 0), (109, 15, 3), (61, 14, 1), (80, 19, 2), (65, 17, 1), (106, 5, 2), (96, 11, 2), (74, 9, 3), (137, 7, 3), (93, 21, 2), (111, 10, 2), (98, 28, 0), (114, 28, 2), (70, 20, 3), (117, 12, 2), (140, 33, 3), (142, 15, 2), (140, 24, 1), (139, 3, 3)]
[(128, 19, 3), (87, 25, 0), (109, 15, 3), (60, 15, 1), (80, 19, 2), (65, 17, 1), (106, 5, 2), (96, 11, 2), (74, 9, 3), (141, 4, 3), (93, 21, 2), (111, 10, 2), (98, 28, 0), (114, 28, 2), (70, 20, 3), (117, 12, 2), (142, 27, 2), (125, 3, 0), (138, 25, 1), (143, 10, 3)]
[(128, 19, 3), (87, 25, 0), (109, 15, 3), (60, 15, 1), (80, 19, 2), (65, 17, 1), (106, 5, 2), (98, 11, 2), (74, 9, 3), (141, 4, 3), (93, 21, 2), (111, 10, 2), (98, 28, 0), (114, 28, 2), (70, 20, 3), (117, 12, 2), (142, 27, 2), (125, 3, 0), (140, 24, 1), (141, 5, 0)]
[(128, 19, 3), (87, 25, 0), (109, 15, 3), (60, 15, 1), (80, 19, 2), (65, 17, 1), (106, 5, 2), (98, 11, 2), (74, 9, 3), (141, 4, 3), (93, 21, 2), (111, 10, 2), (98, 28, 0), (114, 28, 2), (70, 20, 3), (117, 12, 2), (142, 27, 2), (125, 3, 0), (140, 24, 1), (141, 5, 0)]
200
600 -1 -1 -1 -1 -1 -1 0
1100 -1 -1 -1 -1 -1 -1 0
1600 -1 -1 -1 -1 -1 -1 0
2100 24 -0.9583333333333334 3 -0.9933333333333333 89 -0.85 9000
2600 24 -0.9316666666666666 3 -0.99 89 -0.7083333333333334 9000
3100 24 -0.9316666666666666 3 -0.99 89 -0.7083333333333334 9000
3600 28 -0.8833333333333333 3 -0.9866666666666667 90 -0.5566666666666666 9778
4100 28 -0.8833333333333333 3 -0.9866666666666667 90 -0.5566666666666666 9778
4600 44 -0.8083333333333333 3 -0.9833333333333333 90 -0.4066666666666667 12658
5100 44 -0.7966666666666666 3 -0.98 90 -0.25666666666666665 12658
5600 44 -0.7483333333333333 3 -0.9766666666666667 90 -0.105 12658
6100 44 -0.7066666666666667 3 -0.9733333333333334 90 0.045 12658
6600 44 -0.695 3 -0.9716666666666667 90 0.195 12658
7100 44 -0.5483333333333333 3 -0.955 90 0.7633333333333333 12658
7600 44 -0.3416666666666667 3 -0.9233333333333333 90 1.6666666666666667 12698
8100 44 -0.185 3 -0.8933333333333333 90 2.56 12698
8600 44 0.14166666666666666 3 -0.8516666666666667 90 4.026666666666666 13518
9100 44 0.7966666666666666 4 -0.7433333333333333 90 7.6066666666666665 15271
9600 44 2.1166666666666667 5 -0.5416666666666666 90 13.97 16750
10100 44 4.121666666666667 7 -0.225 90 23.433333333333334 19942
10600 44 7.3566666666666665 7 0.35 90 39.63166666666667 23870
11100 46 12.618333333333334 10 1.1783333333333332 90 61.24166666666667 34898
11600 57 18.371666666666666 12 2.1016666666666666 90 80.95 42299
12100 57 21.923333333333332 14 2.8783333333333334 90 86.58666666666667 59910
12600 75 24.873333333333335 14 3.4383333333333335 90 86.98166666666667 66729
13100 75 27.273333333333333 14 3.9616666666666664 90 87.065 67055
13600 75 29.008333333333333 14 4.641666666666667 90 87.00166666666667 71995
14100 81 31.383333333333333 14 5.256666666666667 90 86.63833333333334 75943
14600 81 33.461666666666666 14 5.916666666666667 90 86.57333333333334 76272
15100 81 35.638333333333335 15 6.651666666666666 90 86.42 82931
15600 81 39.69166666666667 15 7.046666666666667 90 86.70333333333333 90303
16100 81 44.263333333333335 15 7.216666666666667 90 86.83666666666667 91356
16600 81 47.43333333333333 16 7.34 90 86.84 93075
17100 81 48.7 16 7.66 90 86.62333333333333 94030
17600 81 51.415 16 7.778333333333333 90 87.27166666666666 98812
18100 82 52.32666666666667 16 8.201666666666666 90 86.93333333333334 101814
18600 84 55.195 16 8.138333333333334 90 87.54333333333334 103413
19100 86 57.721666666666664 16 8.13 90 87.98333333333333 105946
19600 87 59.483333333333334 16 8.151666666666667 90 87.855 107607
20100 87 59.985 16 8.681666666666667 90 87.92666666666666 108601
20600 87 60.236666666666665 16 9.238333333333333 90 87.96 109979
21100 92 61.56 16 9.57 90 88.32666666666667 117033
21600 92 61.99166666666667 16 10.035 90 88.55 118919
22100 92 62.855 16 10.358333333333333 90 88.63 122068
22600 92 63.346666666666664 16 10.598333333333333 90 88.69333333333333 122093
23100 92 64.47166666666666 16 10.59 90 88.97666666666667 122191
23600 93 64.75 16 10.661666666666667 90 89.05666666666667 122774
24100 93 65.75166666666667 16 10.416666666666666 90 89.06666666666666 123332
24600 93 66.06166666666667 16 10.393333333333333 90 88.62166666666667 124777
25100 93 67.015 16 10.4 90 88.76333333333334 127992
25600 93 68.84166666666667 17 10.036666666666667 90 89.04666666666667 133892
26100 93 71.66833333333334 17 9.515 90 88.93166666666667 135107
26600 96 73.51166666666667 17 9.275 90 89.13 137177
27100 96 74.925 17 9.255 90 89.15 137619
27600 96 74.63833333333334 17 9.581666666666667 90 88.905 139230
28100 98 76.55666666666667 17 9.428333333333333 90 88.835 142400
28600 103 78.395 17 9.27 90 88.745 148560
29100 103 79.30833333333334 17 9.28 90 88.87166666666667 148847
29600 103 78.575 17 9.831666666666667 90 88.45166666666667 150499
30100 104 79.66666666666667 17 9.79 90 88.51 152486
30600 104 81.26166666666667 17 9.756666666666666 90 88.58333333333333 153394
31100 109 81.04 17 10.185 90 88.49333333333334 156484
31600 109 80.65 17 10.746666666666666 90 88.39166666666667 157395
32100 109 80.65333333333334 17 11.205 90 88.69333333333333 160107
32600 109 81.37166666666667 17 11.351666666666667 90 88.83166666666666 160667
33100 109 81.91 20 11.445 90 88.745 178614
33600 109 82.48666666666666 20 11.703333333333333 90 88.86166666666666 179591
34100 109 83.60833333333333 20 11.713333333333333 90 88.92833333333333 180675
34600 109 82.99166666666666 20 11.99 90 88.96833333333333 181064
35100 109 84.82833333333333 20 12.016666666666667 90 89.14833333333333 182083
35600 109 87.15333333333334 20 11.691666666666666 90 88.83333333333333 183341
36100 109 89.115 20 11.601666666666667 90 89.21833333333333 183348
36600 109 90.455 20 11.61 90 89.27666666666667 183539
37100 109 92.44666666666667 20 11.328333333333333 90 89.17333333333333 185095
37600 109 95.42166666666667 20 10.813333333333333 90 89.56666666666666 185190
38100 111 97.13166666666666 20 10.416666666666666 90 89.695 186538
38600 111 98.33 20 9.945 90 89.77333333333333 186902
39100 111 99.95 20 9.295 90 89.67 186902
39600 111 101.375 20 8.94 90 89.79833333333333 186906
40100 111 100.50833333333334 20 9.313333333333333 90 89.73833333333333 188039
40600 111 99.66333333333333 20 9.638333333333334 90 89.70333333333333 188985
41100 111 99.07333333333334 20 9.638333333333334 90 89.255 189308
41600 111 98.47166666666666 20 10.053333333333333 90 89.36833333333334 189668
42100 111 97.79333333333334 20 10.593333333333334 90 89.455 189779
42600 111 98.36333333333333 20 10.938333333333333 90 89.56833333333333 191218
43100 111 98.23166666666667 20 11.655 90 89.545 191861
43600 111 97.72333333333333 20 12.036666666666667 90 89.45333333333333 193303
44100 111 96.01166666666667 20 12.408333333333333 90 89.52666666666667 193316
44600 111 96.58833333333334 20 12.311666666666667 90 89.355 194542
45100 111 96.77666666666667 20 12.655 90 89.64833333333333 194901
45600 111 96.745 21 12.873333333333333 90 89.59166666666667 201283
46100 111 95.775 21 13.403333333333334 90 89.51666666666667 202478
46600 111 95.00333333333333 21 13.468333333333334 90 89.28833333333333 202528
47100 111 95.38166666666666 21 13.42 90 88.83 203061
47600 111 96.81666666666666 21 13.426666666666666 90 89.23166666666667 204093
48100 111 98.74 21 13.246666666666666 90 89.505 204184
48600 111 99.25833333333334 21 13.135 90 89.145 204285
49100 111 99.99833333333333 21 13.065 90 89.07 204550
49600 111 101.235 21 13.036666666666667 90 89.34 204550
50100 113 103.52166666666666 21 12.718333333333334 90 89.305 206870
50600 113 104.78 21 12.443333333333333 90 89.21 207474
51100 113 107.41166666666666 21 12.006666666666666 90 89.35166666666667 207654
51600 113 108.66666666666667 21 11.826666666666666 90 89.21666666666667 207661
52100 113 109.11833333333334 21 11.733333333333333 90 89.24666666666667 207661
52600 114 108.69666666666667 21 11.868333333333334 90 88.89833333333333 208753
53100 116 108.285 21 12.018333333333333 90 88.50333333333333 211289
53600 116 108.19833333333334 21 12.241666666666667 90 88.60333333333334 211410
54100 116 107.39 21 12.351666666666667 90 88.68666666666667 213051
54600 116 107.30666666666667 21 12.4 90 89.02333333333333 213289
55100 116 107.25333333333333 21 12.521666666666667 90 88.935 213737
55600 116 107.45166666666667 21 12.62 90 88.86 213745
56100 116 106.92166666666667 21 12.943333333333333 90 88.66666666666667 213748
56600 116 105.85 21 13.218333333333334 90 88.39666666666666 214624
57100 116 106.93666666666667 21 13.196666666666667 90 88.485 216426
57600 116 108.77833333333334 21 12.95 90 88.735 216445
58100 116 109.76666666666667 21 12.89 90 88.95166666666667 216447
58600 116 109.53833333333333 21 12.968333333333334 90 88.61833333333334 216450
59100 117 109.13 21 13.263333333333334 90 88.90333333333334 217696
59600 117 109.27 21 13.413333333333334 90 88.86333333333333 217704
60100 117 109.22666666666667 21 13.438333333333333 90 89.19166666666666 217718
60600 117 109.285 21 13.693333333333333 90 89.29166666666667 217758
61100 117 110.07 21 13.808333333333334 90 89.09333333333333 217984
61600 117 111.11666666666666 21 14.07 90 89.27166666666666 218075
62100 120 110.95666666666666 21 14.263333333333334 90 89.12166666666667 219988
62600 120 110.51333333333334 21 14.431666666666667 90 89.18166666666667 220012
63100 120 109.96 21 14.578333333333333 90 88.97833333333334 220018
63600 120 109.51166666666667 21 14.738333333333333 90 89.06666666666666 223078
64100 120 109.34666666666666 21 14.795 90 89.09833333333333 223176
64600 120 109.68333333333334 21 14.755 90 89.16 223194
65100 120 111.80666666666667 21 14.53 90 89.64833333333333 224559
65600 120 112.75666666666666 21 14.453333333333333 90 89.94166666666666 224559
66100 120 113.06 21 14.353333333333333 90 89.78166666666667 224559
66600 120 113.66333333333333 21 14.305 90 89.945 224559
67100 122 113.79 21 14.243333333333334 90 89.92 228108
67600 122 113.53833333333333 21 14.206666666666667 90 89.91333333333333 228132
68100 122 112.41333333333333 21 14.301666666666666 90 89.71333333333334 229917
68600 122 109.99333333333334 21 14.863333333333333 90 89.81833333333333 229917
69100 122 106.58333333333333 21 15.545 90 89.795 229993
69600 122 103.26166666666667 21 16.215 90 89.84666666666666 230365
70100 122 99.25666666666666 21 17.175 90 89.83166666666666 230395
70600 122 96.925 21 17.836666666666666 90 89.835 230407
71100 122 94.72 21 18.46 90 89.69833333333334 231123
71600 122 93.12 21 18.948333333333334 90 89.65666666666667 231170
72100 122 92.37333333333333 21 19.341666666666665 90 89.6 231170
72600 122 92.33333333333333 21 19.44333333333333 90 89.50666666666666 231438
73100 122 92.88666666666667 21 19.436666666666667 90 89.335 231438
73600 122 94.01666666666667 21 19.161666666666665 90 88.94666666666667 231439
74100 122 95.445 21 18.82 90 88.41666666666667 231444
74600 122 97.335 21 18.723333333333333 90 88.20833333333333 232470
75100 122 98.605 21 18.133333333333333 90 88.435 232482
75600 122 100.04166666666667 21 17.543333333333333 90 88.805 232518
76100 122 100.92666666666666 21 17.173333333333332 90 89.27833333333334 233067
76600 122 101.21833333333333 21 16.885 90 89.36833333333334 233432
77100 122 103.01666666666667 21 16.795 90 89.51166666666667 233432
77600 122 105.37666666666667 21 16.455 90 89.56 233432
78100 122 108.76666666666667 21 16.065 90 89.63833333333334 233435
78600 124 112.79666666666667 21 15.546666666666667 90 89.68 235992
79100 124 116.54666666666667 21 15.001666666666667 90 89.58833333333334 236244
79600 124 118.79166666666667 21 14.68 90 89.65333333333334 236877
80100 124 119.26333333333334 21 14.638333333333334 90 89.75833333333334 236877
80600 127 119.53833333333333 21 14.42 90 89.46666666666667 239721
81100 127 120.12833333333333 21 14.44 90 89.90166666666667 240795
81600 127 120.43 21 14.363333333333333 90 89.91333333333333 240959
82100 127 120.615 21 14.328333333333333 90 89.88 240959
82600 127 120.47666666666667 21 14.21 90 89.54333333333334 240959
83100 127 120.69666666666667 21 14.246666666666666 90 89.62666666666667 240959
83600 127 121.04666666666667 21 14.221666666666666 90 89.77333333333333 240959
84100 127 121.09166666666667 21 14.21 90 89.765 240959
84600 127 120.78666666666666 21 14.13 90 89.41166666666666 240959
85100 127 121.58833333333334 21 14.101666666666667 90 89.65166666666667 240971
85600 127 121.645 21 14.086666666666666 90 89.675 240971
86100 127 121.58666666666667 21 14.036666666666667 90 89.465 240971
86600 129 121.52166666666666 21 14.051666666666666 90 89.51833333333333 243181
87100 129 121.81166666666667 21 14.036666666666667 90 89.65666666666667 243181
87600 129 121.83833333333334 21 14.031666666666666 90 89.59333333333333 243194
88100 129 121.895 21 14.015 90 89.52833333333334 243196
88600 129 122.10666666666667 21 13.975 90 89.495 243600
89100 129 122.01166666666667 21 13.951666666666666 90 89.54666666666667 243640
89600 129 121.35166666666667 21 13.995 90 89.30333333333333 243694
90100 130 121.75 21 14.08 90 89.555 244429
90600 130 121.62833333333333 21 14.033333333333333 90 89.37166666666667 244429
91100 130 121.60166666666667 21 14.051666666666666 90 89.75666666666666 244449
91600 130 121.46666666666667 21 14.046666666666667 90 89.735 244449
92100 130 121.74166666666666 21 14.011666666666667 90 89.66666666666667 244449
92600 130 121.69333333333333 21 14.04 90 89.615 244449
93100 130 121.695 21 14.043333333333333 90 89.595 244449
93600 130 121.845 21 14.016666666666667 90 89.52666666666667 245129
94100 130 121.74666666666667 21 14.036666666666667 90 89.465 245129
94600 130 121.635 21 14.051666666666666 90 89.50666666666666 246250
95100 130 121.655 21 14.066666666666666 90 89.48333333333333 246250
95600 130 121.44833333333334 21 14.035 90 89.31166666666667 246250
96100 130 121.76833333333333 21 14.025 90 89.46 246736
96600 131 121.765 21 13.988333333333333 90 89.70166666666667 248441
97100 131 121.51333333333334 21 13.958333333333334 90 89.56666666666666 248624
97600 131 121.69333333333333 21 13.946666666666667 90 89.70333333333333 248624
98100 131 121.73666666666666 21 13.913333333333334 90 89.63 248681
98600 131 121.47833333333334 21 14.011666666666667 90 89.38 248692
99100 131 121.74 21 13.986666666666666 90 89.38333333333334 248714
99600 131 121.61666666666666 21 13.906666666666666 90 89.23 248724
100100 131 121.36333333333333 21 13.928333333333333 90 89.16 248732