222779
101
[(93, 29, 1), (64, 25, 3), (72, 17, 1), (85, 14, 3), (46, 7, 1), (101, 9, 0), (109, 27, 0), (115, 9, 2), (125, 20, 3), (51, 12, 0), (120, 16, 2), (64, 28, 3), (121, 26, 3), (61, 10, 1), (85, 6, 1), (122, 6, 1), (107, 29, 2), (87, 24, 3), (58, 19, 2), (104, 18, 0)]
[(93, 29, 1), (64, 25, 3), (72, 17, 1), (85, 14, 3), (46, 7, 1), (99, 13, 0), (109, 27, 0), (115, 9, 2), (125, 20, 3), (51, 12, 0), (120, 16, 2), (67, 31, 1), (120, 31, 0), (61, 10, 1), (85, 6, 1), (122, 6, 1), (107, 29, 2), (87, 24, 3), (58, 19, 2), (104, 18, 0)]
[(96, 28, 2), (64, 25, 3), (69, 11, 2), (83, 13, 0), (47, 23, 3), (99, 13, 0), (109, 27, 0), (115, 9, 2), (127, 25, 0), (51, 12, 0), (130, 18, 1), (67, 31, 1), (135, 11, 3), (132, 12, 1), (77, 12, 2), (123, 20, 0), (107, 29, 2), (87, 24, 3), (58, 24, 2), (104, 18, 0)]
[(93, 29, 1), (64, 25, 3), (72, 17, 1), (85, 14, 3), (46, 7, 1), (95, 16, 3), (109, 27, 0), (115, 9, 2), (120, 19, 0), (51, 12, 0), (120, 16, 2), (64, 28, 3), (123, 35, 1), (61, 10, 1), (80, 10, 3), (122, 6, 1), (107, 29, 2), (87, 24, 3), (58, 19, 2), (104, 18, 0)]
[(93, 29, 1), (64, 25, 3), (72, 17, 1), (85, 14, 3), (46, 7, 1), (99, 13, 0), (109, 27, 0), (115, 9, 2), (125, 20, 3), (51, 12, 0), (120, 16, 2), (64, 28, 3), (121, 26, 3), (61, 10, 1), (85, 6, 1), (122, 6, 1), (107, 29, 2), (87, 24, 3), (58, 19, 2), (104, 18, 0)]
[(96, 28, 2), (64, 25, 3), (72, 17, 1), (85, 14, 3), (46, 7, 1), (99, 13, 0), (109, 27, 0), (115, 9, 2), (125, 20, 3), (51, 12, 0), (120, 16, 2), (64, 28, 3), (121, 25, 3), (61, 10, 1), (85, 6, 1), (122, 6, 1), (107, 29, 2), (87, 24, 3), (58, 19, 2), (104, 18, 0)]
[(93, 29, 1), (64, 25, 3), (72, 17, 1), (85, 14, 3), (46, 7, 1), (95, 16, 3), (109, 27, 0), (112, 11, 3), (125, 20, 3), (51, 12, 0), (120, 16, 2), (64, 28, 3), (121, 26, 3), (61, 10, 1), (85, 6, 1), (122, 6, 1), (107, 29, 2), (87, 24, 3), (58, 19, 2), (104, 18, 0)]
[(93, 29, 1), (64, 25, 3), (72, 17, 1), (85, 14, 3), (46, 7, 1), (99, 13, 0), (109, 27, 0), (115, 9, 2), (125, 20, 3), (51, 12, 0), (120, 16, 2), (67, 31, 1), (121, 26, 3), (54, 7, 0), (85, 6, 1), (122, 6, 1), (107, 29, 2), (87, 24, 3), (58, 19, 2), (104, 18, 0)]
[(93, 29, 1), (64, 25, 3), (72, 17, 1), (85, 14, 3), (46, 7, 1), (99, 13, 0), (109, 27, 0), (115, 9, 2), (125, 20, 3), (51, 12, 0), (120, 16, 2), (67, 31, 1), (120, 31, 0), (54, 7, 0), (85, 6, 1), (122, 6, 1), (107, 29, 2), (87, 24, 3), (58, 19, 2), (104, 18, 0)]
[(93, 29, 1), (64, 25, 3), (72, 17, 1), (85, 14, 3), (46, 7, 1), (95, 16, 3), (109, 27, 0), (115, 9, 2), (120, 19, 0), (51, 12, 0), (120, 16, 2), (64, 28, 3), (123, 35, 1), (54, 7, 0), (85, 6, 1), (122, 6, 1), (107, 29, 2), (87, 24, 3), (58, 19, 2), (104, 18, 0)]
[(93, 29, 1), (64, 25, 3), (73, 21, 3), (85, 14, 3), (46, 7, 1), (95, 16, 3), (109, 27, 0), (115, 9, 2), (120, 19, 0), (51, 12, 0), (120, 16, 2), (64, 28, 3), (123, 35, 1), (54, 7, 0), (85, 6, 1), (122, 6, 1), (107, 29, 2), (87, 24, 3), (58, 19, 2), (104, 18, 0)]
[(93, 29, 1), (64, 25, 3), (72, 17, 1), (85, 14, 3), (46, 7, 1), (95, 16, 3), (109, 27, 0), (115, 9, 2), (125, 20, 3), (51, 12, 0), (120, 16, 2), (67, 31, 1), (121, 26, 3), (61, 10, 1), (85, 6, 1), (122, 6, 1), (107, 29, 2), (87, 24, 3), (58, 19, 2), (104, 18, 0)]
[(93, 29, 1), (64, 25, 3), (72, 17, 1), (85, 14, 3), (46, 7, 1), (99, 13, 0), (109, 27, 0), (115, 9, 2), (125, 20, 3), (51, 12, 0), (120, 16, 2), (67, 31, 1), (120, 31, 0), (61, 10, 1), (85, 6, 1), (122, 6, 1), (107, 29, 2), (87, 24, 3), (58, 19, 2), (104, 18, 0)]
[(96, 28, 2), (64, 25, 3), (68, 9, 2), (87, 14, 2), (46, 7, 1), (95, 16, 3), (109, 27, 0), (115, 9, 2), (125, 20, 3), (51, 12, 0), (120, 16, 2), (67, 31, 1), (129, 27, 2), (54, 7, 0), (77, 12, 2), (128, 11, 0), (107, 29, 2), (87, 24, 3), (58, 19, 2), (104, 18, 0)]
[(93, 29, 1), (64, 25, 3), (72, 17, 1), (85, 14, 3), (46, 7, 1), (95, 16, 3), (109, 27, 0), (115, 9, 2), (120, 19, 0), (51, 12, 0), (120, 16, 2), (67, 30, 2), (123, 35, 1), (61, 10, 1), (80, 10, 3), (122, 6, 1), (107, 29, 2), (87, 24, 3), (58, 19, 2), (104, 18, 0)]
[(93, 29, 1), (64, 25, 3), (72, 17, 1), (85, 14, 3), (46, 7, 1), (99, 13, 0), (109, 27, 0), (112, 11, 3), (120, 19, 0), (51, 12, 0), (120, 16, 2), (64, 28, 3), (123, 35, 1), (54, 7, 0), (85, 6, 1), (122, 6, 1), (107, 29, 2), (87, 24, 3), (58, 19, 2), (104, 18, 0)]
[(96, 28, 2), (64, 25, 3), (72, 17, 1), (85, 14, 3), (46, 7, 1), (99, 13, 0), (109, 27, 0), (115, 9, 2), (120, 19, 0), (51, 12, 0), (120, 16, 2), (67, 30, 2), (123, 35, 1), (61, 10, 1), (85, 6, 1), (122, 6, 1), (107, 29, 2), (87, 24, 3), (58, 19, 2), (104, 18, 0)]
[(96, 28, 2), (64, 25, 3), (69, 11, 2), (83, 13, 0), (47, 23, 3), (99, 13, 0), (109, 27, 0), (115, 9, 2), (127, 25, 0), (51, 12, 0), (130, 18, 1), (67, 31, 1), (133, 22, 3), (132, 15, 0), (77, 12, 2), (123, 20, 0), (107, 29, 2), (75, 16, 3), (58, 24, 2), (104, 18, 0)]
[(93, 29, 1), (64, 25, 3), (72, 17, 1), (85, 14, 3), (46, 7, 1), (98, 9, 2), (109, 27, 0), (115, 9, 2), (125, 20, 3), (51, 12, 0), (120, 16, 2), (64, 28, 3), (121, 26, 3), (54, 7, 0), (85, 6, 1), (122, 6, 1), (107, 29, 2), (87, 24, 3), (58, 19, 2), (104, 18, 0)]
[(93, 29, 1), (64, 25, 3), (72, 17, 1), (85, 14, 3), (46, 7, 1), (99, 13, 0), (109, 27, 0), (115, 9, 2), (125, 20, 3), (51, 12, 0), (120, 16, 2), (64, 28, 3), (121, 26, 3), (54, 7, 0), (85, 6, 1), (122, 6, 1), (107, 29, 2), (87, 24, 3), (58, 19, 2), (104, 18, 0)]
[(96, 28, 2), (64, 25, 3), (72, 17, 1), (85, 14, 3), (46, 7, 1), (99, 13, 0), (109, 27, 0), (115, 9, 2), (125, 20, 3), (51, 12, 0), (120, 16, 2), (64, 28, 3), (121, 26, 3), (61, 10, 1), (80, 10, 3), (122, 6, 1), (107, 29, 2), (87, 24, 3), (58, 19, 2), (104, 18, 0)]
[(93, 29, 1), (64, 25, 3), (72, 17, 1), (85, 14, 3), (46, 7, 1), (99, 13, 0), (109, 27, 0), (115, 9, 2), (120, 19, 0), (51, 12, 0), (120, 16, 2), (67, 30, 2), (123, 35, 1), (53, 12, 1), (85, 6, 1), (122, 6, 1), (107, 29, 2), (87, 24, 3), (58, 19, 2), (104, 18, 0)]
[(93, 29, 1), (64, 25, 3), (68, 9, 2), (87, 14, 2), (46, 7, 1), (95, 16, 3), (109, 27, 0), (115, 9, 2), (125, 20, 3), (51, 12, 0), (120, 16, 2), (67, 31, 1), (129, 27, 2), (54, 7, 0), (77, 12, 2), (128, 11, 0), (107, 29, 2), (87, 24, 3), (58, 19, 2), (104, 18, 0)]
[(93, 29, 1), (64, 25, 3), (73, 21, 3), (85, 14, 3), (46, 7, 1), (99, 13, 0), (109, 27, 0), (115, 9, 2), (120, 19, 0), (51, 12, 0), (120, 16, 2), (64, 28, 3), (123, 35, 1), (54, 7, 0), (85, 6, 1), (122, 6, 1), (107, 29, 2), (88, 24, 2), (58, 19, 2), (104, 18, 0)]
[(93, 29, 1), (64, 25, 3), (72, 17, 1), (85, 14, 3), (46, 7, 1), (95, 16, 3), (109, 27, 0), (114, 8, 2), (125, 20, 3), (51, 12, 0), (120, 16, 2), (64, 28, 3), (121, 26, 3), (61, 10, 1), (80, 10, 3), (122, 6, 1), (107, 29, 2), (87, 24, 3), (58, 19, 2), (104, 18, 0)]
[(91, 33, 2), (64, 25, 3), (72, 17, 1), (85, 14, 3), (46, 7, 1), (99, 13, 0), (109, 27, 0), (115, 9, 2), (125, 20, 3), (51, 12, 0), (120, 16, 2), (64, 28, 3), (121, 26, 3), (61, 10, 1), (85, 6, 1), (122, 6, 1), (107, 29, 2), (87, 24, 3), (58, 19, 2), (104, 18, 0)]
[(96, 28, 2), (63, 18, 1), (69, 11, 2), (88, 10, 3), (47, 23, 3), (84, 13, 2), (109, 27, 0), (115, 9, 2), (127, 25, 0), (51, 12, 0), (128, 15, 3), (148, 25, 3), (142, 12, 0), (138, 14, 0), (77, 12, 2), (123, 20, 0), (72, 19, 3), (91, 19, 3), (51, 25, 2), (107, 17, 3)]
[(96, 28, 2), (64, 25, 3), (72, 17, 1), (85, 14, 3), (46, 7, 1), (99, 13, 0), (109, 27, 0), (115, 9, 2), (125, 20, 3), (51, 12, 0), (120, 16, 2), (67, 31, 1), (120, 31, 0), (61, 10, 1), (85, 6, 1), (122, 6, 1), (107, 29, 2), (87, 24, 3), (58, 19, 2), (104, 18, 0)]
[(93, 29, 1), (64, 25, 3), (72, 17, 1), (85, 14, 3), (46, 7, 1), (99, 13, 0), (109, 27, 0), (115, 9, 2), (125, 20, 3), (51, 12, 0), (120, 16, 2), (67, 31, 1), (121, 26, 3), (61, 10, 1), (85, 6, 1), (122, 6, 1), (107, 29, 2), (87, 24, 3), (58, 19, 2), (104, 18, 0)]
[(93, 29, 1), (64, 25, 3), (72, 17, 1), (85, 14, 3), (46, 7, 1), (95, 16, 3), (109, 27, 0), (115, 9, 2), (125, 20, 3), (51, 12, 0), (120, 16, 2), (67, 31, 1), (120, 31, 0), (54, 7, 0), (85, 6, 1), (122, 6, 1), (107, 29, 2), (88, 27, 2), (58, 19, 2), (104, 18, 0)]
[(96, 28, 2), (64, 25, 3), (68, 9, 2), (87, 14, 2), (46, 7, 1), (95, 16, 3), (109, 27, 0), (115, 9, 2), (125, 20, 3), (51, 12, 0), (120, 16, 2), (67, 31, 1), (129, 27, 2), (54, 7, 0), (77, 12, 2), (128, 11, 0), (107, 29, 2), (87, 24, 3), (58, 19, 2), (104, 18, 0)]
[(93, 29, 1), (64, 25, 3), (72, 17, 1), (85, 14, 3), (46, 7, 1), (99, 13, 0), (109, 27, 0), (115, 9, 2), (125, 20, 3), (51, 12, 0), (120, 16, 2), (67, 31, 1), (121, 26, 3), (61, 10, 1), (85, 6, 1), (122, 6, 1), (107, 29, 2), (87, 24, 3), (58, 19, 2), (104, 18, 0)]
[(93, 29, 1), (64, 25, 3), (72, 17, 1), (85, 14, 3), (46, 7, 1), (95, 16, 3), (109, 27, 0), (115, 9, 2), (125, 20, 3), (51, 12, 0), (120, 16, 2), (67, 31, 1), (121, 26, 3), (61, 10, 1), (85, 6, 1), (122, 6, 1), (107, 29, 2), (87, 24, 3), (58, 19, 2), (104, 18, 0)]
[(93, 29, 1), (64, 25, 3), (72, 17, 1), (85, 14, 3), (48, 7, 2), (83, 10, 2), (109, 34, 0), (115, 9, 2), (125, 20, 3), (51, 12, 0), (120, 16, 2), (67, 31, 1), (121, 26, 3), (61, 10, 1), (85, 6, 1), (122, 6, 1), (107, 29, 2), (87, 24, 3), (51, 27, 1), (104, 18, 0)]
[(96, 28, 2), (64, 25, 3), (69, 11, 2), (83, 13, 0), (47, 23, 3), (99, 13, 0), (109, 27, 0), (115, 9, 2), (127, 25, 0), (51, 12, 0), (130, 18, 1), (67, 31, 1), (135, 11, 3), (132, 12, 1), (77, 12, 2), (123, 20, 0), (107, 29, 2), (87, 24, 3), (63, 27, 1), (104, 18, 0)]
[(93, 29, 1), (64, 25, 3), (72, 17, 1), (85, 14, 3), (46, 7, 1), (99, 13, 0), (109, 27, 0), (115, 9, 2), (125, 20, 3), (51, 12, 0), (120, 16, 2), (67, 31, 1), (120, 31, 0), (54, 7, 0), (85, 6, 1), (122, 6, 1), (107, 29, 2), (87, 24, 3), (58, 19, 2), (104, 18, 0)]
[(93, 29, 1), (64, 25, 3), (69, 11, 2), (85, 14, 3), (46, 7, 1), (99, 13, 0), (109, 27, 0), (115, 9, 2), (125, 20, 3), (51, 12, 0), (120, 16, 2), (67, 31, 1), (120, 31, 0), (54, 7, 0), (85, 6, 1), (122, 6, 1), (107, 29, 2), (88, 27, 2), (58, 19, 2), (104, 18, 0)]
[(93, 29, 1), (64, 25, 3), (72, 17, 1), (85, 14, 3), (46, 7, 1), (99, 13, 0), (109, 27, 0), (115, 9, 2), (125, 20, 3), (51, 12, 0), (120, 16, 2), (67, 31, 1), (120, 31, 0), (61, 10, 1), (85, 6, 1), (122, 6, 1), (107, 29, 2), (87, 24, 3), (58, 19, 2), (104, 18, 0)]
[(96, 28, 2), (64, 25, 3), (68, 9, 2), (87, 14, 2), (46, 7, 1), (99, 13, 0), (109, 27, 0), (115, 9, 2), (125, 20, 3), (51, 12, 0), (120, 16, 2), (67, 31, 1), (129, 27, 2), (54, 7, 0), (77, 12, 2), (128, 11, 0), (107, 29, 2), (87, 24, 3), (58, 19, 2), (104, 18, 0)]
[(93, 29, 1), (64, 25, 3), (72, 17, 1), (85, 14, 3), (46, 7, 1), (95, 16, 3), (109, 27, 0), (112, 11, 3), (125, 20, 3), (51, 12, 0), (120, 16, 2), (64, 28, 3), (121, 26, 3), (61, 10, 1), (85, 6, 1), (122, 6, 1), (107, 29, 2), (87, 24, 3), (58, 19, 2), (104, 18, 0)]
[(96, 28, 2), (64, 25, 3), (72, 17, 1), (85, 14, 3), (46, 7, 1), (99, 13, 0), (109, 27, 0), (115, 9, 2), (125, 20, 3), (51, 12, 0), (120, 16, 2), (64, 28, 3), (121, 26, 3), (61, 10, 1), (80, 10, 3), (122, 6, 1), (107, 29, 2), (87, 24, 3), (58, 19, 2), (104, 18, 0)]
[(93, 29, 1), (64, 25, 3), (72, 17, 1), (85, 14, 3), (46, 7, 1), (95, 16, 3), (109, 27, 0), (115, 9, 2), (125, 20, 3), (51, 12, 0), (120, 16, 2), (64, 28, 3), (121, 26, 3), (61, 10, 1), (85, 6, 1), (122, 6, 1), (107, 29, 2), (87, 24, 3), (58, 19, 2), (104, 18, 0)]
[(96, 28, 2), (64, 25, 3), (69, 11, 2), (83, 13, 0), (47, 23, 3), (99, 13, 0), (109, 27, 0), (115, 9, 2), (127, 25, 0), (51, 12, 0), (128, 16, 3), (67, 31, 1), (133, 22, 3), (132, 12, 1), (77, 12, 2), (123, 20, 0), (107, 29, 2), (75, 16, 3), (58, 24, 2), (104, 18, 0)]
[(96, 28, 2), (64, 25, 3), (72, 17, 1), (85, 14, 3), (46, 7, 1), (99, 13, 0), (109, 27, 0), (115, 9, 2), (120, 19, 0), (51, 12, 0), (120, 16, 2), (67, 30, 2), (123, 35, 1), (61, 10, 1), (85, 6, 1), (122, 6, 1), (107, 29, 2), (87, 24, 3), (58, 19, 2), (104, 18, 0)]
[(93, 29, 1), (64, 25, 3), (72, 17, 1), (85, 14, 3), (46, 7, 1), (99, 13, 0), (109, 27, 0), (115, 9, 2), (120, 19, 0), (51, 12, 0), (120, 16, 2), (67, 30, 2), (123, 35, 1), (54, 7, 0), (85, 6, 1), (122, 6, 1), (107, 29, 2), (87, 24, 3), (58, 19, 2), (104, 18, 0)]
[(96, 28, 2), (64, 25, 3), (69, 11, 2), (83, 13, 0), (47, 23, 3), (99, 13, 0), (109, 27, 0), (115, 9, 2), (127, 25, 0), (51, 12, 0), (125, 12, 3), (67, 31, 1), (135, 11, 3), (132, 12, 1), (77, 12, 2), (123, 20, 0), (107, 29, 2), (87, 24, 3), (58, 24, 2), (104, 18, 0)]
[(93, 29, 1), (64, 25, 3), (68, 9, 2), (87, 14, 2), (46, 7, 1), (95, 16, 3), (109, 27, 0), (115, 9, 2), (125, 20, 3), (51, 12, 0), (120, 16, 2), (67, 31, 1), (129, 27, 2), (54, 7, 0), (77, 12, 2), (128, 11, 0), (107, 29, 2), (87, 24, 3), (58, 19, 2), (104, 18, 0)]
[(93, 29, 1), (64, 25, 3), (72, 17, 1), (85, 14, 3), (46, 7, 1), (95, 16, 3), (109, 27, 0), (115, 9, 2), (120, 19, 0), (51, 12, 0), (120, 16, 2), (67, 30, 2), (123, 35, 1), (61, 10, 1), (80, 10, 3), (122, 6, 1), (107, 29, 2), (87, 24, 3), (58, 19, 2), (104, 18, 0)]
[(93, 29, 1), (64, 25, 3), (72, 17, 1), (85, 14, 3), (46, 7, 1), (99, 13, 0), (109, 27, 0), (115, 9, 2), (125, 20, 3), (51, 12, 0), (120, 16, 2), (67, 31, 1), (121, 26, 3), (54, 7, 0), (85, 6, 1), (122, 6, 1), (107, 29, 2), (87, 24, 3), (58, 19, 2), (104, 18, 0)]
[(93, 29, 1), (64, 25, 3), (72, 17, 1), (85, 14, 3), (46, 7, 1), (95, 16, 3), (109, 27, 0), (115, 9, 2), (125, 20, 3), (51, 12, 0), (120, 16, 2), (64, 28, 3), (121, 26, 3), (61, 10, 1), (85, 6, 1), (122, 6, 1), (107, 29, 2), (87, 24, 3), (58, 19, 2), (104, 18, 0)]
[(93, 29, 1), (64, 25, 3), (72, 17, 1), (85, 14, 3), (46, 7, 1), (99, 13, 0), (109, 27, 0), (115, 9, 2), (125, 20, 3), (51, 12, 0), (120, 16, 2), (67, 31, 1), (121, 26, 3), (54, 7, 0), (85, 6, 1), (122, 6, 1), (107, 29, 2), (87, 24, 3), (58, 19, 2), (104, 18, 0)]
[(93, 29, 1), (64, 25, 3), (72, 17, 1), (85, 14, 3), (46, 7, 1), (99, 13, 0), (109, 27, 0), (115, 9, 2), (125, 20, 3), (51, 12, 0), (120, 16, 2), (64, 28, 3), (121, 26, 3), (61, 10, 1), (85, 6, 1), (122, 6, 1), (107, 29, 2), (87, 24, 3), (58, 19, 2), (104, 18, 0)]
[(96, 28, 2), (64, 25, 3), (69, 11, 2), (83, 13, 0), (47, 23, 3), (99, 13, 0), (109, 27, 0), (115, 9, 2), (127, 25, 0), (51, 12, 0), (128, 16, 3), (67, 31, 1), (133, 22, 3), (132, 12, 1), (77, 12, 2), (123, 20, 0), (107, 29, 2), (87, 24, 3), (58, 24, 2), (104, 18, 0)]
[(96, 28, 2), (64, 25, 3), (69, 11, 2), (83, 13, 0), (47, 23, 3), (99, 13, 0), (109, 27, 0), (115, 9, 2), (127, 25, 0), (51, 12, 0), (130, 18, 1), (67, 31, 1), (133, 22, 3), (132, 15, 0), (77, 12, 2), (123, 20, 0), (107, 29, 2), (75, 16, 3), (58, 24, 2), (104, 18, 0)]
[(93, 29, 1), (64, 25, 3), (72, 17, 1), (85, 14, 3), (46, 7, 1), (99, 13, 0), (109, 27, 0), (115, 9, 2), (120, 19, 0), (51, 12, 0), (120, 16, 2), (67, 30, 2), (123, 35, 1), (61, 10, 1), (80, 10, 3), (122, 6, 1), (107, 29, 2), (87, 24, 3), (58, 19, 2), (104, 18, 0)]
[(93, 29, 1), (64, 25, 3), (72, 17, 1), (85, 14, 3), (46, 7, 1), (99, 13, 0), (109, 27, 0), (115, 9, 2), (120, 19, 0), (51, 12, 0), (120, 16, 2), (67, 30, 2), (123, 35, 1), (54, 7, 0), (85, 6, 1), (122, 6, 1), (107, 29, 2), (87, 24, 3), (58, 19, 2), (104, 18, 0)]
[(96, 28, 2), (64, 25, 3), (69, 11, 2), (83, 13, 0), (47, 23, 3), (99, 13, 0), (109, 27, 0), (115, 9, 2), (127, 25, 0), (51, 12, 0), (128, 16, 3), (67, 31, 1), (133, 22, 3), (132, 12, 1), (77, 12, 2), (123, 20, 0), (107, 29, 2), (87, 24, 3), (58, 24, 2), (104, 18, 0)]
[(93, 29, 1), (64, 25, 3), (72, 17, 1), (85, 14, 3), (46, 7, 1), (99, 13, 0), (109, 27, 0), (115, 9, 2), (125, 20, 3), (51, 12, 0), (120, 16, 2), (67, 31, 1), (121, 26, 3), (54, 7, 0), (85, 6, 1), (122, 6, 1), (107, 29, 2), (87, 24, 3), (58, 19, 2), (104, 18, 0)]
[(89, 27, 1), (64, 25, 3), (72, 17, 1), (85, 14, 3), (46, 7, 1), (95, 16, 3), (109, 27, 0), (115, 9, 2), (125, 20, 3), (51, 12, 0), (120, 16, 2), (64, 28, 3), (121, 26, 3), (54, 7, 0), (85, 6, 1), (122, 6, 1), (107, 29, 2), (87, 24, 3), (58, 19, 2), (104, 18, 0)]
[(93, 29, 1), (64, 25, 3), (72, 17, 1), (85, 14, 3), (46, 7, 1), (99, 13, 0), (109, 27, 0), (112, 11, 3), (120, 19, 0), (51, 12, 0), (120, 16, 2), (67, 30, 2), (123, 35, 1), (61, 10, 1), (80, 10, 3), (122, 6, 1), (107, 29, 2), (87, 24, 3), (58, 19, 2), (104, 18, 0)]
[(96, 28, 2), (64, 25, 3), (72, 17, 1), (85, 14, 3), (46, 7, 1), (95, 16, 3), (109, 27, 0), (115, 9, 2), (125, 20, 3), (51, 12, 0), (120, 16, 2), (67, 31, 1), (120, 31, 0), (61, 10, 1), (85, 6, 1), (122, 6, 1), (107, 29, 2), (87, 24, 3), (58, 19, 2), (104, 18, 0)]
[(96, 28, 2), (64, 25, 3), (72, 17, 1), (85, 14, 3), (46, 7, 1), (99, 13, 0), (109, 27, 0), (115, 9, 2), (125, 20, 3), (51, 12, 0), (120, 16, 2), (64, 28, 3), (121, 26, 3), (61, 10, 1), (80, 10, 3), (122, 6, 1), (107, 29, 2), (87, 24, 3), (58, 19, 2), (104, 18, 0)]
[(93, 29, 1), (64, 25, 3), (72, 17, 1), (85, 14, 3), (46, 7, 1), (99, 13, 0), (109, 27, 0), (115, 9, 2), (120, 19, 0), (51, 12, 0), (120, 16, 2), (67, 30, 2), (123, 35, 1), (54, 7, 0), (85, 6, 1), (122, 6, 1), (107, 29, 2), (87, 24, 3), (58, 19, 2), (104, 18, 0)]
[(93, 29, 1), (64, 25, 3), (72, 17, 1), (85, 14, 3), (46, 7, 1), (95, 16, 3), (109, 27, 0), (115, 9, 2), (125, 20, 3), (51, 12, 0), (120, 16, 2), (64, 28, 3), (121, 26, 3), (61, 10, 1), (85, 6, 1), (122, 6, 1), (107, 29, 2), (87, 24, 3), (58, 19, 2), (104, 18, 0)]
[(93, 29, 1), (64, 25, 3), (72, 17, 1), (85, 14, 3), (46, 7, 1), (99, 13, 0), (109, 27, 0), (115, 9, 2), (125, 20, 3), (51, 12, 0), (120, 16, 2), (67, 31, 1), (121, 26, 3), (54, 7, 0), (85, 6, 1), (122, 6, 1), (107, 29, 2), (87, 24, 3), (58, 19, 2), (104, 18, 0)]
[(96, 28, 2), (64, 25, 3), (69, 11, 2), (83, 13, 0), (47, 23, 3), (99, 13, 0), (109, 27, 0), (115, 9, 2), (127, 25, 0), (51, 12, 0), (125, 12, 3), (67, 31, 1), (135, 11, 3), (132, 12, 1), (77, 12, 2), (123, 20, 0), (107, 29, 2), (87, 24, 3), (58, 24, 2), (104, 18, 0)]
[(96, 28, 2), (64, 25, 3), (69, 11, 2), (83, 13, 0), (47, 23, 3), (99, 13, 0), (109, 27, 0), (115, 9, 2), (127, 25, 0), (51, 12, 0), (130, 18, 1), (67, 31, 1), (133, 22, 3), (132, 15, 0), (77, 12, 2), (123, 20, 0), (107, 29, 2), (87, 24, 3), (58, 24, 2), (104, 18, 0)]
[(96, 28, 2), (64, 25, 3), (69, 11, 2), (83, 13, 0), (47, 23, 3), (99, 13, 0), (109, 27, 0), (115, 9, 2), (127, 25, 0), (51, 12, 0), (128, 16, 3), (67, 31, 1), (133, 22, 3), (132, 12, 1), (77, 12, 2), (123, 20, 0), (107, 29, 2), (87, 24, 3), (58, 24, 2), (104, 18, 0)]
[(93, 29, 1), (64, 25, 3), (72, 17, 1), (85, 14, 3), (46, 7, 1), (98, 9, 2), (109, 27, 0), (115, 9, 2), (125, 20, 3), (51, 12, 0), (120, 16, 2), (64, 28, 3), (121, 26, 3), (61, 10, 1), (85, 6, 1), (122, 6, 1), (107, 29, 2), (87, 24, 3), (58, 19, 2), (104, 18, 0)]
[(93, 29, 1), (64, 25, 3), (72, 17, 1), (85, 14, 3), (48, 12, 3), (95, 16, 3), (109, 27, 0), (115, 9, 2), (125, 20, 3), (51, 12, 0), (120, 16, 2), (67, 31, 1), (121, 26, 3), (54, 7, 0), (84, 7, 1), (122, 6, 1), (107, 29, 2), (87, 24, 3), (51, 27, 1), (104, 18, 0)]
[(93, 29, 1), (64, 25, 3), (72, 17, 1), (85, 14, 3), (46, 7, 1), (99, 13, 0), (109, 27, 0), (115, 9, 2), (125, 20, 3), (51, 12, 0), (120, 16, 2), (67, 31, 1), (121, 26, 3), (54, 7, 0), (85, 6, 1), (122, 6, 1), (107, 29, 2), (87, 24, 3), (58, 19, 2), (104, 18, 0)]
[(96, 28, 2), (64, 25, 3), (68, 9, 2), (87, 14, 2), (46, 7, 1), (98, 9, 2), (109, 27, 0), (115, 9, 2), (125, 20, 3), (51, 12, 0), (120, 16, 2), (67, 31, 1), (129, 27, 2), (54, 7, 0), (77, 12, 2), (128, 11, 0), (107, 29, 2), (87, 24, 3), (58, 19, 2), (104, 18, 0)]
[(93, 29, 1), (64, 25, 3), (72, 17, 1), (85, 14, 3), (46, 7, 1), (99, 13, 0), (109, 27, 0), (115, 9, 2), (120, 19, 0), (51, 12, 0), (120, 16, 2), (64, 28, 3), (123, 35, 1), (54, 7, 0), (85, 6, 1), (122, 6, 1), (107, 29, 2), (87, 24, 3), (58, 19, 2), (104, 18, 0)]
[(89, 27, 1), (64, 25, 3), (72, 17, 1), (85, 14, 3), (46, 7, 1), (99, 13, 0), (109, 27, 0), (115, 9, 2), (125, 20, 3), (51, 12, 0), (120, 16, 2), (67, 31, 1), (120, 31, 0), (61, 10, 1), (85, 6, 1), (122, 6, 1), (107, 29, 2), (87, 24, 3), (58, 19, 2), (104, 18, 0)]
[(93, 29, 1), (64, 25, 3), (72, 17, 1), (85, 14, 3), (48, 12, 3), (95, 16, 3), (109, 27, 0), (115, 9, 2), (125, 20, 3), (51, 12, 0), (120, 16, 2), (67, 31, 1), (121, 26, 3), (61, 10, 1), (80, 10, 3), (122, 6, 1), (107, 29, 2), (87, 24, 3), (51, 27, 1), (104, 18, 0)]
[(93, 29, 1), (64, 25, 3), (72, 17, 1), (85, 14, 3), (46, 7, 1), (99, 13, 0), (109, 27, 0), (112, 11, 3), (120, 19, 0), (51, 12, 0), (120, 16, 2), (64, 28, 3), (123, 35, 1), (54, 7, 0), (85, 6, 1), (122, 6, 1), (107, 29, 2), (87, 24, 3), (58, 19, 2), (104, 18, 0)]
[(96, 28, 2), (64, 25, 3), (72, 17, 1), (85, 14, 3), (46, 7, 1), (99, 13, 0), (109, 27, 0), (115, 9, 2), (125, 20, 3), (51, 12, 0), (120, 16, 2), (64, 28, 3), (121, 26, 3), (61, 10, 1), (85, 6, 1), (122, 6, 1), (107, 29, 2), (87, 24, 3), (58, 19, 2), (104, 18, 0)]
[(93, 29, 1), (64, 25, 3), (72, 17, 1), (85, 14, 3), (46, 7, 1), (99, 13, 0), (109, 27, 0), (115, 9, 2), (120, 19, 0), (51, 12, 0), (120, 16, 2), (67, 30, 2), (123, 35, 1), (61, 10, 1), (80, 10, 3), (122, 6, 1), (107, 29, 2), (87, 24, 3), (58, 19, 2), (104, 18, 0)]
[(93, 29, 1), (64, 25, 3), (68, 9, 2), (87, 14, 2), (46, 7, 1), (95, 16, 3), (109, 27, 0), (115, 9, 2), (125, 20, 3), (51, 12, 0), (120, 16, 2), (67, 31, 1), (129, 27, 2), (54, 7, 0), (77, 12, 2), (128, 11, 0), (107, 29, 2), (87, 24, 3), (58, 19, 2), (104, 18, 0)]
[(93, 29, 1), (64, 25, 3), (68, 9, 2), (87, 14, 2), (46, 7, 1), (99, 13, 0), (109, 27, 0), (115, 9, 2), (125, 20, 3), (51, 12, 0), (120, 16, 2), (67, 31, 1), (129, 27, 2), (54, 7, 0), (77, 12, 2), (128, 11, 0), (107, 29, 2), (87, 24, 3), (58, 19, 2), (104, 18, 0)]
[(93, 29, 1), (64, 25, 3), (72, 17, 1), (85, 14, 3), (46, 7, 1), (95, 16, 3), (109, 27, 0), (115, 9, 2), (125, 20, 3), (51, 12, 0), (120, 16, 2), (64, 28, 3), (121, 26, 3), (61, 10, 1), (85, 6, 1), (122, 6, 1), (107, 29, 2), (87, 24, 3), (58, 19, 2), (104, 18, 0)]
[(93, 29, 1), (64, 25, 3), (72, 17, 1), (85, 14, 3), (46, 7, 1), (99, 13, 0), (109, 27, 0), (115, 9, 2), (125, 20, 3), (51, 12, 0), (120, 16, 2), (64, 28, 3), (121, 26, 3), (61, 10, 1), (85, 6, 1), (122, 6, 1), (107, 29, 2), (87, 24, 3), (58, 19, 2), (104, 18, 0)]
[(93, 29, 1), (64, 25, 3), (72, 17, 1), (85, 14, 3), (46, 7, 1), (99, 13, 0), (109, 27, 0), (115, 9, 2), (120, 19, 0), (51, 12, 0), (120, 16, 2), (67, 30, 2), (123, 35, 1), (54, 7, 0), (85, 6, 1), (122, 6, 1), (107, 29, 2), (87, 24, 3), (58, 19, 2), (104, 18, 0)]
[(93, 29, 1), (64, 25, 3), (68, 9, 2), (87, 14, 2), (46, 7, 1), (99, 13, 0), (109, 27, 0), (115, 9, 2), (125, 20, 3), (51, 12, 0), (120, 16, 2), (67, 31, 1), (129, 27, 2), (54, 7, 0), (77, 12, 2), (128, 11, 0), (107, 29, 2), (87, 24, 3), (58, 19, 2), (104, 18, 0)]
[(93, 29, 1), (64, 25, 3), (72, 17, 1), (85, 14, 3), (46, 7, 1), (95, 16, 3), (109, 27, 0), (115, 9, 2), (125, 20, 3), (51, 12, 0), (120, 16, 2), (67, 31, 1), (121, 26, 3), (61, 10, 1), (85, 6, 1), (122, 6, 1), (107, 29, 2), (87, 24, 3), (58, 19, 2), (104, 18, 0)]
[(96, 28, 2), (64, 25, 3), (72, 17, 1), (85, 14, 3), (46, 7, 1), (98, 9, 2), (109, 27, 0), (115, 9, 2), (125, 20, 3), (51, 12, 0), (120, 16, 2), (64, 28, 3), (121, 26, 3), (61, 10, 1), (85, 6, 1), (122, 6, 1), (107, 29, 2), (87, 24, 3), (58, 19, 2), (104, 18, 0)]
[(89, 27, 1), (64, 25, 3), (72, 17, 1), (85, 14, 3), (46, 7, 1), (97, 17, 3), (109, 27, 0), (115, 9, 2), (125, 20, 3), (51, 12, 0), (120, 16, 2), (67, 31, 1), (120, 31, 0), (61, 10, 1), (85, 6, 1), (122, 6, 1), (107, 29, 2), (87, 24, 3), (58, 19, 2), (104, 18, 0)]
[(93, 29, 1), (64, 25, 3), (72, 17, 1), (85, 14, 3), (46, 7, 1), (95, 16, 3), (109, 27, 0), (115, 9, 2), (120, 19, 0), (51, 12, 0), (120, 16, 2), (64, 28, 3), (123, 35, 1), (54, 7, 0), (85, 6, 1), (122, 6, 1), (107, 29, 2), (87, 24, 3), (58, 19, 2), (104, 18, 0)]
[(96, 28, 2), (64, 25, 3), (72, 17, 1), (85, 14, 3), (46, 7, 1), (99, 13, 0), (109, 27, 0), (115, 9, 2), (125, 20, 3), (51, 12, 0), (120, 16, 2), (67, 31, 1), (120, 31, 0), (61, 10, 1), (85, 6, 1), (122, 6, 1), (107, 29, 2), (87, 24, 3), (58, 19, 2), (104, 18, 0)]
[(96, 28, 2), (64, 25, 3), (72, 17, 1), (85, 14, 3), (46, 7, 1), (99, 13, 0), (109, 27, 0), (115, 9, 2), (125, 20, 3), (51, 12, 0), (120, 16, 2), (67, 31, 1), (120, 31, 0), (61, 10, 1), (85, 6, 1), (122, 6, 1), (107, 29, 2), (87, 24, 3), (58, 19, 2), (104, 18, 0)]
[(91, 33, 2), (64, 25, 3), (72, 17, 1), (85, 14, 3), (46, 7, 1), (99, 13, 0), (109, 27, 0), (115, 9, 2), (125, 20, 3), (51, 12, 0), (120, 16, 2), (64, 28, 3), (121, 26, 3), (61, 10, 1), (85, 6, 1), (122, 6, 1), (107, 29, 2), (87, 24, 3), (58, 19, 2), (104, 18, 0)]
[(96, 28, 2), (64, 25, 3), (69, 11, 2), (83, 13, 0), (47, 23, 3), (99, 13, 0), (109, 27, 0), (115, 9, 2), (127, 25, 0), (51, 12, 0), (128, 16, 3), (67, 31, 1), (133, 22, 3), (132, 12, 1), (77, 12, 2), (123, 20, 0), (107, 29, 2), (87, 24, 3), (58, 24, 2), (104, 18, 0)]
[(96, 28, 2), (64, 25, 3), (68, 9, 2), (87, 14, 2), (46, 7, 1), (95, 16, 3), (109, 27, 0), (115, 9, 2), (125, 20, 3), (51, 12, 0), (120, 16, 2), (67, 31, 1), (129, 27, 2), (54, 7, 0), (77, 12, 2), (128, 11, 0), (107, 29, 2), (87, 24, 3), (58, 19, 2), (104, 18, 0)]
[(93, 29, 1), (64, 25, 3), (72, 17, 1), (85, 14, 3), (48, 12, 3), (95, 16, 3), (109, 27, 0), (115, 9, 2), (125, 20, 3), (51, 12, 0), (120, 16, 2), (67, 31, 1), (121, 26, 3), (61, 10, 1), (80, 10, 3), (122, 6, 1), (107, 29, 2), (87, 24, 3), (51, 27, 1), (104, 18, 0)]
[(93, 29, 1), (65, 21, 2), (72, 17, 1), (85, 14, 3), (46, 7, 1), (99, 13, 0), (109, 27, 0), (115, 9, 2), (120, 19, 0), (51, 12, 0), (120, 16, 2), (67, 30, 2), (123, 35, 1), (62, 13, 2), (85, 6, 1), (122, 6, 1), (107, 29, 2), (87, 24, 3), (58, 19, 2), (104, 18, 0)]
[(93, 29, 1), (64, 25, 3), (72, 17, 1), (85, 14, 3), (46, 7, 1), (95, 16, 3), (109, 27, 0), (115, 9, 2), (125, 20, 3), (51, 12, 0), (120, 16, 2), (64, 28, 3), (121, 26, 3), (61, 10, 1), (85, 6, 1), (122, 6, 1), (107, 29, 2), (87, 24, 3), (58, 19, 2), (104, 18, 0)]
[(93, 29, 1), (64, 25, 3), (72, 17, 1), (85, 14, 3), (46, 7, 1), (99, 13, 0), (109, 27, 0), (115, 9, 2), (125, 20, 3), (51, 12, 0), (120, 16, 2), (67, 31, 1), (121, 26, 3), (61, 10, 1), (85, 6, 1), (122, 6, 1), (107, 29, 2), (87, 24, 3), (58, 19, 2), (104, 18, 0)]
[(93, 29, 1), (64, 25, 3), (72, 17, 1), (85, 14, 3), (46, 7, 1), (95, 16, 3), (109, 27, 0), (115, 9, 2), (125, 20, 3), (51, 12, 0), (120, 16, 2), (64, 28, 3), (121, 26, 3), (61, 10, 1), (85, 6, 1), (122, 6, 1), (107, 29, 2), (87, 24, 3), (58, 19, 2), (104, 18, 0)]
[(93, 29, 1), (64, 25, 3), (72, 17, 1), (85, 14, 3), (46, 7, 1), (99, 13, 0), (109, 27, 0), (115, 9, 2), (120, 19, 0), (51, 12, 0), (120, 16, 2), (67, 30, 2), (123, 35, 1), (53, 12, 1), (85, 6, 1), (122, 6, 1), (107, 29, 2), (87, 24, 3), (58, 19, 2), (104, 18, 0)]
[(93, 29, 1), (64, 25, 3), (72, 17, 1), (85, 14, 3), (46, 7, 1), (95, 16, 3), (109, 27, 0), (115, 9, 2), (125, 20, 3), (51, 12, 0), (120, 16, 2), (64, 28, 3), (121, 26, 3), (61, 10, 1), (85, 6, 1), (122, 6, 1), (107, 29, 2), (87, 24, 3), (58, 19, 2), (104, 18, 0)]
[(93, 29, 1), (64, 25, 3), (68, 9, 2), (87, 14, 2), (46, 7, 1), (95, 16, 3), (109, 27, 0), (115, 9, 2), (125, 20, 3), (51, 12, 0), (120, 16, 2), (67, 31, 1), (129, 27, 2), (54, 7, 0), (77, 12, 2), (128, 11, 0), (107, 29, 2), (87, 24, 3), (58, 19, 2), (104, 18, 0)]
200
600 8 -0.985 1 -0.9966666666666667 89 -0.85 1620
1100 19 -0.9516666666666667 3 -0.99 89 -0.7083333333333334 6890
1600 19 -0.9516666666666667 3 -0.99 89 -0.7083333333333334 6890
2100 19 -0.9516666666666667 3 -0.99 89 -0.7083333333333334 6890
2600 19 -0.9516666666666667 3 -0.99 89 -0.7083333333333334 6890
3100 19 -0.9466666666666667 3 -0.9866666666666667 89 -0.5583333333333333 6890
3600 19 -0.9466666666666667 3 -0.9866666666666667 89 -0.5583333333333333 6890
4100 19 -0.91 4 -0.975 89 -0.28 7995
4600 22 -0.8283333333333334 4 -0.9616666666666667 89 0.15666666666666668 9237
5100 22 -0.7016666666666667 4 -0.9483333333333334 90 0.7583333333333333 9370
5600 22 -0.5933333333333334 4 -0.9316666666666666 90 1.2033333333333334 9370
6100 39 -0.455 4 -0.9166666666666666 90 1.6416666666666666 10883
6600 39 -0.3333333333333333 4 -0.8933333333333333 90 2.2283333333333335 10916
7100 39 -0.06666666666666667 4 -0.8466666666666667 90 3.8216666666666668 11422
7600 39 0.3466666666666667 4 -0.7733333333333333 90 5.993333333333333 12227
8100 39 0.9483333333333334 4 -0.6616666666666666 90 9.211666666666666 14992
8600 43 2.3 4 -0.4533333333333333 90 16.081666666666667 16182
9100 47 4.973333333333334 6 -0.04 90 28.963333333333335 23478
9600 47 9.21 6 0.6416666666666667 90 48.46333333333333 23792
10100 57 14.838333333333333 8 1.4683333333333333 90 70.78166666666667 34841
10600 57 20.661666666666665 8 2.2066666666666666 90 85.78333333333333 35426
11100 57 24.45 8 2.5383333333333336 90 87.23666666666666 39517
11600 57 27.348333333333333 8 2.763333333333333 90 87.42833333333333 41270
12100 66 29.971666666666668 9 3.131666666666667 90 87.475 43281
12600 68 31.851666666666667 9 3.513333333333333 90 86.86666666666666 51658
13100 68 33.835 10 3.965 90 86.64166666666667 56378
13600 68 35.971666666666664 12 4.511666666666667 90 86.505 69098
14100 79 39.538333333333334 12 4.763333333333334 90 86.28666666666666 72641
14600 79 43.275 12 5.075 90 86.59833333333333 81311
15100 80 46.405 13 5.46 90 86.66166666666666 85895
15600 87 49.56 13 5.703333333333333 90 86.80166666666666 90905
16100 87 52.406666666666666 13 5.875 90 86.715 91748
16600 89 55.778333333333336 14 6.095 90 86.66333333333333 96257
17100 89 59.3 14 6.34 90 86.44666666666667 98322
17600 89 60.06166666666667 14 6.743333333333333 90 86.33166666666666 100344
18100 89 62.05833333333333 14 7.0216666666666665 90 86.71166666666667 104431
18600 98 63.09166666666667 15 7.261666666666667 90 86.615 116854
19100 98 64.23 15 7.423333333333333 90 86.405 118030
19600 98 65.61666666666666 15 7.501666666666667 90 86.72833333333334 120187
20100 102 67.23166666666667 15 7.788333333333333 90 86.77833333333334 123193
20600 102 66.64 15 8.305 90 87.07666666666667 127019
21100 102 65.47833333333334 15 8.773333333333333 90 86.88333333333334 127567
21600 102 67.41666666666667 15 8.863333333333333 90 87.26 128465
22100 102 67.75333333333333 16 9.076666666666666 90 87.13833333333334 133810
22600 102 69.06166666666667 16 9.27 90 87.38833333333334 134233
23100 102 70.01 16 9.288333333333334 90 87.40833333333333 139123
23600 102 70.64333333333333 16 9.385 90 87.78333333333333 141106
24100 102 70.26166666666667 16 9.585 90 87.85166666666667 143767
24600 109 70.63666666666667 17 9.636666666666667 90 87.61666666666666 157201
25100 109 73.755 17 9.611666666666666 90 87.94666666666667 157458
25600 109 74.72333333333333 17 9.66 90 87.92666666666666 157625
26100 109 73.85166666666667 17 9.935 90 87.535 158162
26600 109 74.02166666666666 17 10.253333333333334 90 87.74666666666667 160230
27100 109 75.585 17 10.15 90 87.27 164913
27600 109 77.31166666666667 17 10.306666666666667 90 87.77 167945
28100 109 77.14 17 10.721666666666666 90 87.70666666666666 167995
28600 109 76.43833333333333 17 11.258333333333333 90 87.94666666666667 168224
29100 109 77.39333333333333 17 11.443333333333333 90 87.68833333333333 169404
29600 113 78.33833333333334 17 11.785 90 87.80333333333333 173129
30100 113 79.55 17 11.761666666666667 90 87.645 173808
30600 118 82.72333333333333 17 11.715 90 87.87833333333333 175803
31100 118 86.31166666666667 17 11.488333333333333 90 88.12166666666667 176769
31600 118 86.69333333333333 17 11.838333333333333 90 88.22 179309
32100 118 87.96 17 11.873333333333333 90 88.26166666666667 180445
32600 118 88.08666666666667 17 11.72 90 87.34166666666667 180823
33100 118 90.16166666666666 17 11.545 90 87.575 181881
33600 118 94.31333333333333 17 11.118333333333334 90 88 181956
34100 118 96.935 17 10.845 90 88.03166666666667 181964
34600 119 99.11 17 10.665 90 88.08166666666666 182354
35100 119 99.79 17 10.633333333333333 90 87.84833333333333 182639
35600 121 101.02 17 10.588333333333333 90 87.955 183988
36100 121 101.61333333333333 17 10.408333333333333 90 87.55166666666666 185319
36600 121 102.65833333333333 17 10.496666666666666 90 87.72166666666666 186108
37100 121 103.73333333333333 17 10.62 90 87.835 186639
37600 121 103.47666666666667 17 10.941666666666666 90 87.34 188877
38100 121 103.83333333333333 17 11.176666666666666 90 87.14333333333333 189835
38600 121 104.85 17 11.505 90 87.52333333333333 189866
39100 121 104.68666666666667 17 11.755 90 87.19333333333333 189915
39600 121 106.45833333333333 17 12.013333333333334 90 88.08833333333334 190816
40100 121 106.84166666666667 17 11.973333333333333 90 87.70833333333333 192950
40600 121 108.29666666666667 17 12.071666666666667 90 88.375 193235
41100 121 108.385 17 12.048333333333334 90 88.20166666666667 193253
41600 121 108.35333333333334 17 11.8 90 87.96166666666667 193254
42100 121 108.54 17 11.806666666666667 90 88.2 193274
42600 121 108.44666666666667 17 11.761666666666667 90 88.24833333333333 193380
43100 121 107.985 17 12.076666666666666 90 88.43833333333333 193401
43600 121 107.09166666666667 17 12.451666666666666 90 88.48 193422
44100 121 106.71 17 12.96 90 89.00833333333334 193422
44600 121 105.67333333333333 17 13.515 90 88.955 193536
45100 121 104.395 17 14.173333333333334 90 89.10833333333333 193538
45600 121 104.11 17 14.426666666666666 90 89.115 193549
46100 121 104.455 17 14.52 90 89.16166666666666 193572
46600 121 104.625 17 14.255 90 88.85 193578
47100 121 105.705 17 14.461666666666666 90 89.6 194667
47600 121 106.855 17 14.285 90 89.585 195571
48100 121 108.20333333333333 17 13.995 90 89.50666666666666 195715
48600 121 108.04333333333334 17 13.858333333333333 90 89.08 195751
49100 122 107.97333333333333 17 13.995 90 89.15333333333334 197001
49600 127 108.55666666666667 17 14.12 90 89.63 201095
50100 127 108.12833333333333 17 13.92 90 88.88833333333334 201103
50600 127 109.36833333333334 17 13.916666666666666 90 89.30333333333333 201804
51100 127 110.52 17 13.498333333333333 90 89.09333333333333 201816
51600 127 112.595 17 12.96 90 89.22666666666667 201837
52100 127 114.84333333333333 17 12.431666666666667 90 89.36166666666666 202512
52600 128 116.08166666666666 17 12.281666666666666 90 89.49333333333334 203368
53100 128 116.20333333333333 17 12.148333333333333 90 89.20333333333333 203369
53600 128 116.335 17 12.27 90 89.30166666666666 203630
54100 128 115.83166666666666 17 12.275 90 88.76333333333334 204365
54600 128 116.315 17 12.263333333333334 90 88.705 205533
55100 128 116.655 17 12.261666666666667 90 88.56166666666667 205938
55600 128 116.535 17 12.073333333333334 90 88.11833333333334 205939
56100 128 117.00666666666666 17 12.038333333333334 90 88.08833333333334 206018
56600 129 117.26333333333334 17 12.16 90 88.23 207252
57100 129 116.43333333333334 17 12.3 90 87.81166666666667 207561
57600 129 116.88666666666667 17 12.611666666666666 90 88.25666666666666 207585
58100 129 115.76333333333334 17 12.9 90 87.885 207600
58600 129 114.99666666666667 17 13.318333333333333 90 88.015 207626
59100 129 115.30666666666667 17 13.63 90 88.55833333333334 207673
59600 129 114.38333333333334 18 13.85 90 88.19833333333334 216256
60100 129 115.41666666666667 18 13.923333333333334 90 88.60833333333333 216976
60600 129 115.06166666666667 18 14.045 90 88.40166666666667 217084
61100 129 116.51666666666667 18 13.935 90 88.68 217089
61600 129 116.955 18 13.886666666666667 90 88.70166666666667 217194
62100 129 117.73333333333333 18 13.92 90 88.87333333333333 217196
62600 129 119.15166666666667 18 13.56 90 88.76833333333333 217199
63100 129 120.97166666666666 18 13.188333333333333 90 88.685 217200
63600 129 122.60666666666667 18 12.918333333333333 90 88.84333333333333 217203
64100 129 123.57 18 12.771666666666667 90 88.91333333333333 217473
64600 129 123.82333333333334 18 12.615 90 88.785 217476
65100 129 124.24333333333334 18 12.703333333333333 90 88.82166666666667 217486
65600 129 124.45166666666667 18 12.758333333333333 90 88.78666666666666 217576
66100 129 124.135 18 12.871666666666666 90 88.69166666666666 217589
66600 129 123.50833333333334 18 12.976666666666667 90 88.435 217589
67100 129 123.72833333333334 18 13.171666666666667 90 88.81 217589
67600 129 123.56 18 13.338333333333333 90 88.87666666666667 217590
68100 129 124.56166666666667 18 13.25 90 89.12833333333333 217591
68600 129 124.10833333333333 18 13.318333333333333 90 88.82666666666667 217860
69100 129 123.72666666666667 18 13.38 90 88.9 217865
69600 129 123.29833333333333 18 13.523333333333333 90 89.09833333333333 217866
70100 129 122.36 18 13.853333333333333 90 89.205 218490
70600 129 120.85833333333333 18 14.448333333333334 90 89.34333333333333 218490
71100 129 119.18 18 15.083333333333334 90 89.52166666666666 218490
71600 129 117.57833333333333 18 15.591666666666667 90 89.52166666666666 218490
72100 129 117.33666666666667 18 15.855 90 89.88833333333334 218742
72600 129 117.27833333333334 18 15.88 90 89.91333333333333 218748
73100 130 117.37833333333333 18 15.85 90 89.86833333333334 219468
73600 130 117.165 18 15.83 90 89.70166666666667 219468
74100 130 117.41 18 15.848333333333333 90 89.805 219475
74600 130 117.43 18 15.831666666666667 90 89.88333333333334 219493
75100 130 117.15333333333334 18 15.74 90 89.56 219493
75600 130 117.57166666666667 18 15.675 90 89.64833333333333 219493
76100 132 117.34666666666666 18 15.445 90 89.165 220047
76600 132 117.7 18 15.335 90 89.17666666666666 220313
77100 132 118.36833333333334 18 15.161666666666667 90 89.26166666666667 220317
77600 132 119.06833333333333 18 14.983333333333333 90 89.275 220317
78100 132 120.58833333333334 18 14.628333333333334 90 89.33333333333333 220591
78600 132 122.12 18 14.116666666666667 90 89.21166666666667 220591
79100 132 122.90333333333334 18 13.583333333333334 90 88.785 220593
79600 132 124.83666666666667 18 12.773333333333333 90 88.94166666666666 220593
80100 132 126.35333333333334 18 12.015 90 88.995 220593
80600 132 126.34333333333333 18 12.048333333333334 90 88.49833333333333 220609
81100 132 127.12333333333333 18 12.4 90 88.50833333333334 220609
81600 132 127.20666666666666 18 12.341666666666667 90 88.505 221402
82100 132 126.66666666666667 18 12.293333333333333 90 88.30833333333334 221493
82600 132 125.62833333333333 18 12.338333333333333 90 87.81833333333333 221493
83100 132 125.86833333333334 18 12.556666666666667 90 88.21166666666667 221672
83600 132 125.61333333333333 18 12.636666666666667 90 88.17666666666666 221760
84100 132 126.15333333333334 18 12.545 90 88.55166666666666 221942
84600 132 126.10333333333334 18 12.46 90 88.535 221942
85100 132 126.62166666666667 18 12.335 90 89.01666666666667 221951
85600 132 126.75 18 12.13 90 89.08333333333333 221953
86100 132 126.23166666666667 18 11.98 90 88.91333333333333 221953
86600 132 126.05833333333334 18 11.791666666666666 90 88.82166666666667 221953
87100 132 126.29 18 12.253333333333334 90 89.09333333333333 221959
87600 132 125.58333333333333 18 12.411666666666667 90 88.60833333333333 221959
88100 132 125.85166666666667 18 12.568333333333333 90 88.72333333333333 221959
88600 132 126.07 18 12.661666666666667 90 88.855 221959
89100 132 126.31166666666667 18 12.66 90 88.99 222295
89600 132 125.81166666666667 18 12.578333333333333 90 88.51 222295
90100 132 126.61666666666666 18 12.601666666666667 90 88.91666666666667 222295
90600 132 126.6 18 12.593333333333334 90 88.705 222299
91100 132 127.255 18 12.558333333333334 90 88.96666666666667 222299
91600 132 127.19833333333334 18 12.498333333333333 90 88.79 222299
92100 132 127.37 18 12.645 90 88.97833333333334 222489
92600 132 127.46 18 12.586666666666666 90 88.95666666666666 222489
93100 132 127.60166666666667 18 12.526666666666667 90 88.96666666666667 222489
93600 132 127.36 18 12.405 90 88.62666666666667 222576
94100 132 127.955 18 12.37 90 88.94166666666666 222576
94600 132 127.87333333333333 18 12.286666666666667 90 88.785 222576
95100 132 128.22666666666666 18 12.288333333333334 90 88.855 222576
95600 132 128.31666666666666 18 12.256666666666666 90 88.825 222576
96100 132 128.285 18 12.415 90 88.86 222591
96600 132 128.36666666666667 18 12.295 90 88.84666666666666 222596
97100 132 128.34 18 12.115 90 88.68333333333334 222596
97600 132 128.685 18 12.105 90 88.82333333333334 222596
98100 132 128.305 18 12.041666666666666 90 88.555 222596
98600 132 128.28333333333333 18 12.038333333333334 90 88.59333333333333 222596
99100 132 128.82666666666665 18 12.063333333333333 90 88.86333333333333 222596
99600 132 128.86 18 12.035 90 88.85333333333334 222768
100100 132 128.91 18 12.006666666666666 90 88.82833333333333 222779