5000 83.93333333333334 10.83976 0.16666666666666666 -49.983033333333324 0.0002666666666666666 
10000 87.4 20.803793333333335 17.1 -49.97655333333333 0.00033999999999999997 
15000 96.33333333333333 29.978653333333334 22.1 -49.97548666666665 0.0003133333333333333 
20000 101.83333333333333 38.46746 12.766666666666667 -49.97833999999999 0.00025333333333333333 
25000 106.13333333333334 45.94650666666666 9.1 -49.981640000000006 0.00019333333333333328 
30000 110.8 52.71677333333332 11.3 -49.980746666666654 0.00019333333333333328 
35000 115.83333333333333 58.92762666666667 3.7333333333333334 -49.98650666666666 0.0001266666666666667 
40000 120.56666666666666 64.67823333333332 -1.4 -49.98807333333335 0.00010666666666666671 
45000 123.3 70.11426666666667 -15.5 -49.99088666666668 8.000000000000002e-05 
50000 126.1 75.23378666666666 -6.0 -49.991200000000006 7.333333333333336e-05 
55000 128.3 80.13742666666667 -19.966666666666665 -49.993993333333336 4.666666666666667e-05 
60000 131.26666666666668 84.86056666666668 -23.8 -49.99476000000001 4e-05 
65000 135.53333333333333 89.37205333333335 -26.933333333333334 -49.99538666666667 3.3333333333333335e-05 
70000 137.23333333333332 93.61798 -25.9 -49.995180000000005 3.3333333333333335e-05 
75000 139.8 97.68394666666667 -21.3 -49.994260000000004 4e-05 
80000 141.96666666666667 101.58912000000001 -25.866666666666667 -49.99426666666667 4e-05 
85000 144.56666666666666 105.33501333333332 -39.833333333333336 -49.99796666666666 1.3333333333333333e-05 
90000 146.83333333333334 108.87785333333333 -40.3 -49.99806 1.3333333333333333e-05 
95000 148.93333333333334 112.30569999999994 -50.0 -50.0 0.0 
100000 149.36666666666667 115.49402000000002 -50.0 -50.0 0.0 
