2356
3
[(23, 25, 0), (43, 12, 2), (70, 29, 1), (89, 16, 2), (84, 15, 1), (23, 18, 2), (95, 14, 3), (42, 16, 2), (60, 27, 3), (72, 10, 3), (104, 24, 2), (26, 12, 0), (49, 23, 3), (70, 18, 2), (64, 27, 0), (103, 19, 0), (21, 23, 1), (27, 24, 1), (109, 23, 1), (57, 23, 2)]
[(23, 25, 0), (43, 12, 2), (70, 29, 1), (89, 16, 2), (84, 15, 1), (23, 18, 2), (95, 14, 3), (42, 16, 2), (60, 27, 3), (72, 10, 3), (104, 24, 2), (26, 12, 0), (49, 23, 3), (70, 18, 2), (64, 27, 0), (103, 19, 0), (21, 23, 1), (27, 24, 1), (109, 23, 1), (57, 23, 2)]
[(23, 25, 0), (43, 12, 2), (70, 29, 1), (89, 16, 2), (82, 12, 1), (23, 18, 2), (95, 14, 3), (42, 16, 2), (60, 27, 3), (72, 10, 3), (104, 24, 2), (26, 12, 0), (49, 23, 3), (66, 17, 0), (64, 27, 0), (103, 19, 0), (21, 23, 1), (27, 24, 1), (109, 23, 1), (57, 23, 2)]
200
600 24 -0.9583333333333334 4 -0.9916666666666667 125
1100 24 -0.9583333333333334 4 -0.9916666666666667 125
1600 24 -0.9583333333333334 4 -0.9916666666666667 125
2100 24 -0.9433333333333334 6 -0.98 143
2600 24 -0.9016666666666666 6 -0.9783333333333334 143
3100 24 -0.9016666666666666 6 -0.9783333333333334 143
3600 26 -0.8566666666666667 6 -0.9766666666666667 145
4100 26 -0.8566666666666667 6 -0.9766666666666667 145
4600 40 -0.705 6 -0.9716666666666667 159
5100 40 -0.6133333333333333 6 -0.9633333333333334 159
5600 40 -0.4683333333333333 6 -0.95 159
6100 40 -0.185 6 -0.9116666666666666 174
6600 40 0.095 6 -0.8833333333333333 174
7100 52 0.7816666666666666 6 -0.81 327
7600 52 1.9183333333333332 6 -0.6483333333333333 333
8100 52 4.2683333333333335 6 -0.36 346
8600 52 8.185 6 0.12833333333333333 346
9100 60 14.383333333333333 7 0.8933333333333333 396
9600 72 20.966666666666665 8 1.92 514
10100 72 25.35 8 2.8 524
10600 72 28.246666666666666 10 3.565 637
11100 74 32.92666666666667 10 4.081666666666667 679
11600 82 36.53666666666667 10 4.76 754
12100 88 42.25 11 5.3133333333333335 844
12600 99 47.20166666666667 11 5.653333333333333 946
13100 99 51.656666666666666 11 6.243333333333333 1023
13600 99 55.285 12 6.901666666666666 1114
14100 103 56.873333333333335 12 7.558333333333334 1176
14600 103 60.17166666666667 13 7.895 1262
15100 103 64.33333333333333 13 8.066666666666666 1272
15600 103 69.79 13 7.915 1301
16100 103 74.17833333333333 13 8.015 1369
16600 103 77.85333333333334 13 8.145 1369
17100 108 83.2 13 7.93 1414
17600 108 89.32833333333333 13 7.63 1446
18100 110 94.84 13 7.501666666666667 1481
18600 110 96.765 14 8.135 1563
19100 113 98.495 14 8.603333333333333 1631
19600 113 99.60166666666667 14 9.065 1654
20100 113 100.615 14 9.495 1654
20600 113 102.14166666666667 14 9.583333333333334 1654
21100 113 103.66833333333334 14 9.635 1666
21600 113 104.87833333333333 14 9.771666666666667 1700
22100 115 107.435 14 10.103333333333333 1736
22600 116 109.12166666666667 14 10.65 1748
23100 116 110.54666666666667 14 11.32 1748
23600 117 112.01333333333334 14 11.898333333333333 1764
24100 117 112.99 14 12.105 1764
24600 117 113.00333333333333 14 12.176666666666666 1766
25100 117 113.44 14 12.385 1766
25600 117 113.78333333333333 16 12.668333333333333 1994
26100 117 113.99666666666667 16 13.03 1996
26600 117 114.525 17 13.17 2116
27100 117 114.96166666666667 17 13.368333333333334 2116
27600 117 115.06666666666666 17 13.623333333333333 2116
28100 117 114.93833333333333 17 13.846666666666666 2116
28600 117 115.22666666666667 17 13.991666666666667 2116
29100 117 114.98333333333333 17 14.023333333333333 2116
29600 117 115.57333333333334 17 14.325 2116
30100 117 115.66 17 14.806666666666667 2118
30600 117 115.47 17 15.848333333333333 2118
31100 117 115.35833333333333 18 16.27166666666667 2234
31600 117 115.1 18 16.385 2234
32100 117 115.28333333333333 18 16.45 2234
32600 117 115.06 18 16.883333333333333 2238
33100 117 115.05 18 17.008333333333333 2238
33600 117 115.08333333333333 18 17.055 2238
34100 117 114.93333333333334 18 17.095 2242
34600 117 115 18 17.248333333333335 2242
35100 117 114.97666666666667 18 17.518333333333334 2242
35600 117 115.08 18 17.866666666666667 2242
36100 117 114.92333333333333 18 17.961666666666666 2242
36600 117 115.30666666666667 18 17.998333333333335 2242
37100 117 115.71666666666667 18 18 2242
37600 117 115.91333333333333 18 17.933333333333334 2242
38100 118 116.86833333333334 18 17.993333333333332 2257
38600 118 117.00166666666667 18 17.993333333333332 2257
39100 118 117.00166666666667 18 17.983333333333334 2257
39600 117 116.80333333333333 18 17.968333333333334 2242
40100 117 116.79666666666667 18 17.968333333333334 2242
40600 117 117 18 18 2242
41100 117 116.97333333333333 18 17.993333333333332 2242
41600 117 116.97 18 18 2242
42100 117 117 18 18 2242
42600 117 117 18 18 2242
43100 117 117 18 17.98 2242
43600 117 116.80333333333333 18 17.968333333333334 2242
44100 117 116.995 18 17.995 2242
44600 117 116.97666666666667 18 17.981666666666666 2242
45100 117 117 18 18 2242
45600 117 117 18 18 2242
46100 117 117 18 18 2242
46600 117 116.985 18 17.975 2242
47100 117 116.99166666666666 18 17.981666666666666 2242
47600 117 117 18 18 2242
48100 117 117 18 17.998333333333335 2242
48600 117 116.80333333333333 18 17.968333333333334 2242
49100 117 117 18 17.993333333333332 2242
49600 117 116.95833333333333 18 17.981666666666666 2242
50100 117 116.80333333333333 18 17.968333333333334 2242
50600 117 117 18 18 2242
51100 117 117 18 18 2242
51600 117 117 18 18 2242
52100 117 117 18 18 2242
52600 117 117 18 18 2242
53100 117 117 18 18 2242
53600 117 117 18 18 2242
54100 117 117 18 18 2242
54600 119 117.00333333333333 18 17.966666666666665 2254
55100 117 117 18 18 2242
55600 117 117 18 18 2242
56100 117 117 18 18 2242
56600 117 116.97166666666666 18 18 2242
57100 117 116.98833333333333 18 17.996666666666666 2242
57600 117 117 18 18 2242
58100 117 116.99 18 17.996666666666666 2242
58600 117 117 18 18 2242
59100 117 117 18 17.988333333333333 2242
59600 117 116.80333333333333 18 17.968333333333334 2242
60100 117 116.99666666666667 18 18 2242
60600 117 117 18 18 2242
61100 117 117 18 18 2242
61600 117 117 18 18 2242
62100 117 116.96833333333333 18 17.991666666666667 2242
62600 117 117 18 18 2242
63100 117 117 18 18 2242
63600 117 116.795 18 17.968333333333334 2242
64100 117 117 18 17.991666666666667 2242
64600 117 116.99333333333334 18 17.998333333333335 2242
65100 117 117 18 17.985 2242
65600 117 117 18 18 2242
66100 117 117 18 18 2242
66600 117 117 18 18 2242
67100 117 116.975 18 17.991666666666667 2242
67600 117 116.975 18 17.991666666666667 2242
68100 117 117 18 18 2242
68600 117 117 18 17.993333333333332 2242
69100 117 116.80333333333333 18 17.968333333333334 2242
69600 117 117 18 18 2242
70100 117 117 18 18 2242
70600 117 117 18 18 2242
71100 117 116.80333333333333 18 17.956666666666667 2242
71600 117 117 18 18 2242
72100 117 116.995 18 17.998333333333335 2242
72600 117 116.80333333333333 18 17.96 2242
73100 117 116.985 18 17.985 2242
73600 117 117 18 17.991666666666667 2242
74100 117 116.98 18 18 2242
74600 117 117 18 18 2242
75100 117 117 18 18 2242
75600 117 117 18 18 2242
76100 117 117 18 18 2242
76600 117 117 18 18 2242
77100 117 117 18 18 2242
77600 117 117 18 18 2242
78100 117 117 18 18 2242
78600 117 116.80333333333333 18 17.968333333333334 2242
79100 117 117 18 18 2242
79600 117 117 18 18 2242
80100 117 117 18 18 2242
80600 120 117.005 18 17.985 2293
81100 120 117.01 18 17.993333333333332 2299
81600 120 117.03 18 17.996666666666666 2299
82100 120 117.045 18 17.996666666666666 2299
82600 120 117.065 18 17.985 2299
83100 120 117.18 18 18 2299
83600 120 117.47166666666666 18 17.991666666666667 2299
84100 120 118.00333333333333 18 17.996666666666666 2299
84600 121 118.93166666666667 18 17.971666666666668 2313
85100 121 119.82166666666667 18 17.973333333333333 2313
85600 121 120.00333333333333 18 17.98 2313
86100 121 120.00166666666667 18 17.991666666666667 2313
86600 120 120 18 18 2299
87100 121 119.8 18 17.95 2308
87600 121 120.00166666666667 18 17.983333333333334 2308
88100 121 120.00166666666667 18 17.998333333333335 2317
88600 121 120.00333333333333 18 17.996666666666666 2317
89100 123 120.01 18 17.973333333333333 2328
89600 123 120.01833333333333 18 17.951666666666668 2328
90100 123 119.83333333333333 18 17.92 2328
90600 123 120.08333333333333 18 17.926666666666666 2328
91100 123 120.185 18 17.876666666666665 2334
91600 123 120.34833333333333 18 17.923333333333332 2344
92100 123 120.665 18 17.913333333333334 2344
92600 123 120.94833333333334 18 17.94 2344
93100 123 121.02 18 17.94 2344
93600 121 121 18 18 2318
94100 123 121.005 18 17.983333333333334 2346
94600 123 121.00833333333334 18 17.975 2351
95100 123 121.01333333333334 18 17.973333333333333 2351
95600 123 121.02666666666667 18 17.963333333333335 2351
96100 123 121.065 18 17.923333333333332 2351
96600 123 121.14666666666666 18 17.83 2351
97100 123 121.34333333333333 18 17.671666666666667 2351
97600 123 121.675 18 17.373333333333335 2351
98100 123 121.89 18 17.473333333333333 2352
98600 123 121.98333333333333 18 17.92 2352
99100 123 121.79833333333333 18 17.916666666666668 2352
99600 123 122.00666666666666 18 17.98 2356
100100 123 122.00833333333334 18 17.986666666666668 2356