2506
5
[(132, 13, 0), (110, 12, 2), (60, 10, 3), (103, 7, 3), (71, 23, 0), (72, 16, 2), (104, 24, 2), (134, 24, 3), (120, 17, 3), (89, 9, 0), (126, 26, 0), (100, 19, 2), (55, 3, 0), (111, 17, 0), (51, 12, 2), (51, 24, 3), (132, 9, 3), (131, 16, 3), (52, 8, 3), (94, 21, 3)]
[(132, 13, 0), (110, 12, 2), (61, 18, 0), (103, 7, 3), (71, 23, 0), (72, 16, 2), (111, 24, 0), (134, 24, 3), (120, 17, 3), (89, 9, 0), (126, 26, 0), (100, 19, 2), (55, 3, 0), (111, 17, 0), (51, 12, 2), (51, 24, 3), (132, 9, 3), (140, 8, 3), (52, 8, 3), (94, 21, 3)]
[(132, 13, 0), (110, 12, 2), (61, 19, 1), (103, 7, 3), (71, 23, 0), (76, 11, 2), (111, 24, 0), (134, 24, 3), (120, 17, 3), (89, 9, 0), (126, 26, 0), (100, 19, 2), (47, 8, 3), (111, 17, 0), (51, 12, 2), (51, 24, 3), (132, 9, 3), (126, 22, 2), (52, 8, 3), (94, 21, 3)]
[(132, 13, 0), (110, 12, 2), (61, 18, 0), (103, 7, 3), (71, 23, 0), (76, 11, 2), (111, 24, 0), (134, 24, 3), (120, 17, 3), (89, 9, 0), (126, 26, 0), (100, 19, 2), (55, 3, 0), (111, 17, 0), (51, 12, 2), (51, 24, 3), (132, 9, 3), (131, 16, 3), (52, 8, 3), (94, 21, 3)]
[(132, 13, 0), (110, 12, 2), (61, 18, 0), (103, 7, 3), (71, 23, 0), (72, 16, 2), (111, 24, 0), (134, 24, 3), (120, 17, 3), (89, 9, 0), (126, 26, 0), (100, 19, 2), (55, 3, 0), (111, 17, 0), (51, 12, 2), (51, 24, 3), (132, 9, 3), (131, 16, 3), (52, 8, 3), (94, 21, 3)]
200
600 -1 -1 -1 -1 0
1100 -1 -1 -1 -1 0
1600 -1 -1 -1 -1 0
2100 -1 -1 -1 -1 0
2600 42 -0.9283333333333333 0 -0.9983333333333333 43
3100 42 -0.915 0 -0.9966666666666667 43
3600 42 -0.9 1 -0.9916666666666667 47
4100 42 -0.8616666666666667 1 -0.985 47
4600 42 -0.7816666666666666 1 -0.9816666666666667 47
5100 42 -0.71 1 -0.9783333333333334 86
5600 42 -0.63 1 -0.975 86
6100 42 -0.6133333333333333 1 -0.9716666666666667 86
6600 42 -0.47333333333333333 3 -0.9466666666666667 94
7100 42 -0.22333333333333333 4 -0.9 146
7600 53 0.14666666666666667 4 -0.8566666666666667 168
8100 53 0.775 4 -0.7833333333333333 183
8600 53 1.735 6 -0.6316666666666667 191
9100 53 3.25 6 -0.39666666666666667 232
9600 53 5.935 7 0.011666666666666667 270
10100 53 11.048333333333334 7 0.575 291
10600 53 17.77166666666667 7 1.1533333333333333 321
11100 57 24.675 7 1.6216666666666666 325
11600 63 31.7 7 1.7783333333333333 350
12100 63 37.236666666666665 9 1.8583333333333334 499
12600 63 42.016666666666666 9 1.9466666666666668 500
13100 68 46.45 9 1.9366666666666668 526
13600 68 49.495 9 2.0683333333333334 527
14100 68 51.09 9 2.486666666666667 551
14600 68 51.67166666666667 12 3.015 624
15100 68 53.68333333333333 12 3.2383333333333333 648
15600 73 53.94166666666667 12 3.825 695
16100 77 56.365 12 3.99 742
16600 80 57.10333333333333 12 4.22 764
17100 80 57.165 12 4.528333333333333 830
17600 85 56.42666666666667 12 4.928333333333334 877
18100 85 55.44833333333333 12 5.401666666666666 884
18600 86 53.705 12 6.155 914
19100 86 50.10666666666667 12 7.205 917
19600 88 49.815 12 7.693333333333333 1011
20100 88 51.47833333333333 12 7.923333333333333 1017
20600 95 56.111666666666665 12 7.683333333333334 1057
21100 95 59.02 12 7.635 1070
21600 95 64.11333333333333 13 7.441666666666666 1102
22100 99 66.22833333333334 13 7.565 1149
22600 99 67.495 13 7.85 1254
23100 99 70.12833333333333 13 8.015 1256
23600 99 76.39166666666667 13 7.93 1261
24100 99 81.14333333333333 13 8.068333333333333 1269
24600 99 82.10166666666667 13 8.685 1322
25100 99 83.21166666666667 13 9.366666666666667 1322
25600 99 84.02166666666666 13 9.77 1372
26100 99 85.90666666666667 13 10.01 1372
26600 99 87.06833333333333 13 10.401666666666667 1396
27100 99 87.605 13 10.838333333333333 1396
27600 101 89.28333333333333 13 10.991666666666667 1420
28100 101 92.395 13 11.1 1424
28600 104 96.42 14 10.846666666666666 1558
29100 104 98.22833333333334 14 11.088333333333333 1570
29600 104 98.83333333333333 14 11.716666666666667 1570
30100 104 99.61833333333334 14 11.95 1570
30600 104 100.42166666666667 14 12.11 1570
31100 106 101.395 14 12.411666666666667 1588
31600 106 102.34333333333333 14 12.716666666666667 1592
32100 106 103.225 14 12.76 1593
32600 106 103.85 14 12.866666666666667 1598
33100 106 103.87166666666667 14 12.995 1598
33600 106 103.82666666666667 15 13.023333333333333 1698
34100 106 103.88 15 13.023333333333333 1698
34600 106 103.72833333333334 15 12.99 1698
35100 106 103.935 15 13.04 1698
35600 106 104.09833333333333 15 13.021666666666667 1708
36100 106 104.14166666666667 15 13.001666666666667 1708
36600 109 104.77666666666667 15 13.025 1750
37100 109 105.485 15 13.015 1750
37600 109 105.95333333333333 15 13.03 1750
38100 109 105.86 15 13.106666666666667 1750
38600 109 106.17666666666666 15 13.308333333333334 1750
39100 109 106.495 15 13.533333333333333 1750
39600 109 106.86 15 13.761666666666667 1760
40100 109 105.51833333333333 15 14.4 1760
40600 109 104.23333333333333 15 14.928333333333333 1760
41100 109 104.34333333333333 15 14.94 1760
41600 109 104.56666666666666 19 14.955 2180
42100 109 105.21 19 14.943333333333333 2185
42600 109 106.52333333333333 19 14.895 2185
43100 109 108.225 19 14.853333333333333 2185
43600 111 108.98 19 14.988333333333333 2210
44100 111 109 19 15.001666666666667 2212
44600 111 108.99666666666667 19 15.008333333333333 2216
45100 111 109.025 19 15.01 2216
45600 111 108.94166666666666 19 14.991666666666667 2219
46100 111 109.23 19 15.02 2219
46600 113 109.345 19 15.043333333333333 2231
47100 113 109.84 19 15.111666666666666 2231
47600 113 110.02166666666666 19 15.185 2231
48100 114 110.18833333333333 19 15.216666666666667 2243
48600 114 110.28666666666666 19 15.368333333333334 2243
49100 114 110.22 19 15.67 2267
49600 114 110.00666666666666 19 15.976666666666667 2268
50100 114 109.035 19 16.6 2268
50600 114 107.67 19 17.31833333333333 2268
51100 114 105.92333333333333 19 18.138333333333332 2271
51600 114 104.54666666666667 19 18.753333333333334 2271
52100 114 104.58 19 18.743333333333332 2276
52600 114 105.205 19 18.458333333333332 2276
53100 114 106.22833333333334 19 18.01 2276
53600 114 107.89333333333333 19 17.315 2276
54100 114 109.62 19 16.448333333333334 2276
54600 114 110.92833333333333 20 15.875 2394
55100 116 111.09666666666666 20 15.978333333333333 2422
55600 116 111.20666666666666 20 16.336666666666666 2422
56100 116 111.24333333333334 20 16.593333333333334 2431
56600 116 111.48666666666666 20 16.386666666666667 2431
57100 116 112.02166666666666 20 15.763333333333334 2431
57600 117 111.94 20 16.125 2448
58100 117 111.72666666666667 20 16.871666666666666 2448
58600 117 112.30333333333333 20 16.991666666666667 2451
59100 117 112.37833333333333 20 17.736666666666668 2451
59600 117 112.49833333333333 20 18.273333333333333 2451
60100 117 112.66166666666666 20 18.513333333333332 2451
60600 117 112.71 20 18.596666666666668 2451
61100 117 112.83333333333333 20 18.513333333333332 2451
61600 117 112.74166666666666 20 18.595 2451
62100 117 112.72666666666667 20 18.615 2451
62600 116 112.63333333333334 20 18.683333333333334 2437
63100 116 112.65833333333333 20 18.671666666666667 2437
63600 116 112.6 20 18.718333333333334 2437
64100 116 112.44166666666666 20 18.845 2437
64600 116 112.36666666666666 20 18.906666666666666 2437
65100 116 112.35833333333333 20 18.913333333333334 2437
65600 116 112.35 20 18.918333333333333 2437
66100 116 112.25 20 18.986666666666668 2437
66600 116 112.19166666666666 20 19.045 2437
67100 116 112.15833333333333 20 19.066666666666666 2437
67600 116 112.06666666666666 20 19.136666666666667 2437
68100 116 112.025 20 19.18 2437
68600 116 112 20 19.2 2437
69100 116 111.95 20 19.235 2437
69600 116 111.79166666666667 20 19.366666666666667 2437
70100 116 111.825 20 19.34 2437
70600 116 111.8 20 19.36 2437
71100 117 111.735 20 19.393333333333334 2442
71600 117 111.66833333333334 20 19.446666666666665 2442
72100 116 111.65833333333333 20 19.473333333333333 2437
72600 116 111.59166666666667 20 19.526666666666667 2437
73100 116 111.49166666666666 20 19.581666666666667 2437
73600 116 111.43333333333334 20 19.643333333333334 2437
74100 116 111.375 20 19.7 2437
74600 116 111.34166666666667 20 19.716666666666665 2437
75100 116 111.34166666666667 20 19.726666666666667 2437
75600 116 111.26666666666667 20 19.77166666666667 2437
76100 116 111.20833333333333 20 19.833333333333332 2437
76600 116 111.19166666666666 20 19.846666666666668 2437
77100 116 111.16666666666667 20 19.866666666666667 2437
77600 116 111.15833333333333 20 19.873333333333335 2437
78100 116 111.13333333333334 20 19.886666666666667 2437
78600 116 111.09166666666667 20 19.926666666666666 2437
79100 116 111.075 20 19.94 2437
79600 116 111.06666666666666 20 19.946666666666665 2437
80100 116 111.075 20 19.925 2437
80600 116 110.88833333333334 20 19.905 2437
81100 116 110.92333333333333 20 19.878333333333334 2441
81600 116 111.21 20 19.833333333333332 2441
82100 116 111.55166666666666 20 19.56 2441
82600 116 111.99333333333334 20 19.208333333333332 2453
83100 116 110.95666666666666 20 19.858333333333334 2453
83600 116 111.035 20 19.99 2453
84100 116 111.07666666666667 20 19.985 2453
84600 116 111.17666666666666 20 19.963333333333335 2453
85100 116 111.32666666666667 20 19.933333333333334 2453
85600 116 111.67666666666666 20 19.865 2453
86100 117 112.36166666666666 20 19.718333333333334 2471
86600 117 113.665 20 19.44 2477
87100 117 114.90166666666667 20 19.063333333333333 2477
87600 118 116.025 20 18.983333333333334 2490
88100 120 116.08333333333333 20 18.97 2523
88600 120 116.19833333333334 20 18.976666666666667 2523
89100 120 116.44666666666667 20 18.97833333333333 2523
89600 120 116.71666666666667 20 18.993333333333332 2523
90100 120 116.74166666666666 20 18.933333333333334 2523
90600 120 116.95833333333333 20 18.968333333333334 2523
91100 120 116.78 20 18.936666666666667 2523
91600 120 116.76166666666667 20 18.94 2527
92100 120 116.71166666666667 20 18.905 2531
92600 120 116.7 20 19.093333333333334 2531
93100 120 116.34833333333333 20 19.463333333333335 2531
93600 120 116.045 20 19.928333333333335 2531
94100 116 116 20 20 2457
94600 116 116 20 20 2457
95100 119 116.005 20 19.988333333333333 2499
95600 119 115.81 20 19.953333333333333 2499
96100 119 116.005 20 19.988333333333333 2499
96600 119 115.81 20 19.953333333333333 2499
97100 119 116.005 20 19.988333333333333 2499
97600 119 116.005 20 19.988333333333333 2499
98100 119 116.01 20 19.976666666666667 2499
98600 119 116.005 20 19.988333333333333 2499
99100 119 116.01 20 19.976666666666667 2499
99600 119 116.01 20 19.976666666666667 2499
100100 119 116.02166666666666 20 19.953333333333333 2506