1997
13
[(118, 23, 0), (80, 29, 0), (142, 13, 0), (42, 27, 0), (109, 18, 2), (148, 31, 0), (79, 15, 2), (140, 27, 1), (125, 18, 1), (145, 25, 2), (112, 23, 2), (40, 23, 1), (88, 25, 2), (84, 30, 3), (32, 17, 3), (37, 30, 3), (54, 19, 1), (151, 22, 2), (76, 20, 0), (45, 19, 3)]
[(118, 23, 0), (80, 29, 0), (142, 13, 0), (41, 30, 1), (113, 15, 0), (143, 29, 0), (79, 15, 2), (146, 30, 3), (121, 22, 1), (145, 25, 2), (112, 23, 2), (40, 23, 1), (88, 25, 2), (89, 27, 1), (32, 17, 3), (37, 30, 3), (54, 19, 1), (153, 19, 3), (76, 20, 0), (45, 19, 3)]
[(118, 23, 0), (80, 29, 0), (142, 13, 0), (42, 29, 1), (109, 18, 2), (143, 29, 0), (79, 15, 2), (146, 30, 3), (123, 13, 0), (145, 25, 2), (112, 23, 2), (40, 23, 1), (88, 25, 2), (89, 27, 1), (32, 17, 3), (37, 30, 3), (54, 19, 1), (153, 19, 3), (76, 20, 0), (45, 19, 3)]
[(118, 23, 0), (77, 21, 1), (142, 13, 0), (42, 29, 1), (109, 18, 2), (143, 29, 0), (79, 15, 2), (146, 30, 3), (123, 13, 0), (145, 25, 2), (112, 23, 2), (40, 23, 1), (88, 25, 2), (89, 27, 1), (32, 17, 3), (37, 30, 3), (54, 19, 1), (153, 19, 3), (76, 20, 0), (45, 19, 3)]
[(118, 23, 0), (80, 29, 0), (142, 13, 0), (42, 29, 1), (109, 18, 2), (143, 29, 0), (79, 15, 2), (146, 30, 3), (123, 13, 0), (145, 25, 2), (112, 23, 2), (40, 23, 1), (88, 25, 2), (92, 25, 3), (32, 17, 3), (37, 30, 3), (58, 20, 1), (153, 19, 3), (76, 20, 0), (45, 19, 3)]
[(118, 23, 0), (80, 29, 0), (142, 13, 0), (42, 29, 1), (109, 18, 2), (143, 29, 0), (79, 15, 2), (146, 30, 3), (123, 13, 0), (145, 25, 2), (112, 23, 2), (40, 23, 1), (88, 25, 2), (89, 27, 1), (32, 17, 3), (37, 30, 3), (54, 19, 1), (153, 19, 3), (76, 20, 0), (45, 19, 3)]
[(118, 23, 0), (80, 29, 0), (142, 13, 0), (42, 29, 1), (109, 18, 2), (143, 29, 0), (79, 15, 2), (152, 30, 0), (123, 13, 0), (145, 25, 2), (112, 23, 2), (40, 23, 1), (88, 25, 2), (89, 27, 1), (32, 17, 3), (37, 30, 3), (54, 19, 1), (153, 19, 3), (76, 20, 0), (45, 19, 3)]
[(118, 23, 0), (80, 29, 0), (142, 13, 0), (42, 29, 1), (109, 18, 2), (143, 29, 0), (79, 15, 2), (146, 30, 3), (123, 13, 0), (141, 23, 2), (112, 23, 2), (40, 23, 1), (87, 19, 2), (94, 15, 3), (32, 17, 3), (37, 30, 3), (54, 19, 1), (153, 19, 3), (76, 20, 0), (45, 19, 3)]
[(118, 23, 0), (80, 29, 0), (142, 13, 0), (42, 29, 1), (109, 18, 2), (143, 29, 0), (79, 15, 2), (146, 30, 3), (123, 13, 0), (145, 25, 2), (112, 23, 2), (40, 23, 1), (88, 25, 2), (92, 25, 3), (32, 17, 3), (37, 30, 3), (54, 19, 1), (153, 19, 3), (76, 20, 0), (45, 19, 3)]
[(118, 23, 0), (80, 29, 0), (142, 13, 0), (41, 30, 1), (113, 15, 0), (143, 29, 0), (79, 15, 2), (146, 30, 3), (121, 22, 1), (145, 25, 2), (112, 23, 2), (40, 23, 1), (88, 25, 2), (89, 27, 1), (32, 17, 3), (37, 30, 3), (54, 19, 1), (153, 19, 3), (76, 20, 0), (45, 19, 3)]
[(118, 23, 0), (80, 29, 0), (142, 13, 0), (42, 29, 1), (109, 18, 2), (143, 29, 0), (79, 15, 2), (146, 30, 3), (128, 15, 0), (145, 25, 2), (112, 23, 2), (40, 23, 1), (88, 25, 2), (89, 27, 1), (32, 17, 3), (37, 30, 3), (54, 19, 1), (153, 19, 3), (76, 20, 0), (45, 19, 3)]
[(118, 23, 0), (80, 29, 0), (142, 13, 0), (42, 29, 1), (109, 18, 2), (143, 29, 0), (79, 15, 2), (146, 30, 3), (123, 13, 0), (145, 25, 2), (112, 23, 2), (40, 23, 1), (88, 25, 2), (89, 27, 1), (32, 17, 3), (37, 30, 3), (54, 19, 1), (153, 19, 3), (76, 20, 0), (45, 19, 3)]
[(118, 23, 0), (80, 29, 0), (142, 13, 0), (42, 27, 0), (109, 18, 2), (148, 31, 0), (79, 15, 2), (140, 27, 1), (125, 18, 1), (145, 25, 2), (112, 23, 2), (40, 23, 1), (88, 25, 2), (91, 21, 3), (32, 17, 3), (37, 30, 3), (54, 19, 1), (151, 22, 2), (76, 20, 0), (45, 19, 3)]
200
600 -1 -1 -1 -1 0
1100 -1 -1 -1 -1 0
1600 -1 -1 -1 -1 0
2100 -1 -1 -1 -1 0
2600 -1 -1 -1 -1 0
3100 -1 -1 -1 -1 0
3600 -1 -1 -1 -1 0
4100 -1 -1 -1 -1 0
4600 -1 -1 -1 -1 0
5100 -1 -1 -1 -1 0
5600 -1 -1 -1 -1 0
6100 -1 -1 -1 -1 0
6600 -1 -1 -1 -1 0
7100 -1 -1 -1 -1 0
7600 -1 -1 -1 -1 0
8100 9 -0.9833333333333333 3 -0.9933333333333333 40
8600 9 -0.9666666666666667 3 -0.9866666666666667 40
9100 9 -0.9666666666666667 3 -0.9866666666666667 40
9600 9 -0.9666666666666667 3 -0.9866666666666667 40
10100 9 -0.9666666666666667 3 -0.9866666666666667 40
10600 9 -0.9666666666666667 3 -0.9866666666666667 40
11100 9 -0.9666666666666667 3 -0.9866666666666667 40
11600 9 -0.9666666666666667 3 -0.9866666666666667 40
12100 9 -0.95 3 -0.98 40
12600 9 -0.95 3 -0.98 40
13100 9 -0.9333333333333333 3 -0.975 40
13600 9 -0.9166666666666666 3 -0.9683333333333334 40
14100 9 -0.8666666666666667 5 -0.9466666666666667 60
14600 15 -0.79 5 -0.915 96
15100 15 -0.7066666666666667 5 -0.8766666666666667 96
15600 15 -0.5733333333333334 5 -0.825 96
16100 15 -0.21833333333333332 6 -0.6883333333333334 106
16600 15 0.29333333333333333 6 -0.4683333333333333 106
17100 15 1.355 6 -0.041666666666666664 106
17600 15 4.286666666666667 6 1.22 106
18100 32 7.881666666666667 8 2.985 163
18600 32 9.473333333333333 9 4.523333333333333 248
19100 32 9.73 9 5.373333333333333 277
19600 32 9.995 10 5.89 297
20100 32 10.725 10 6.241666666666666 309
20600 34 12.39 13 6.426666666666667 408
21100 38 16.013333333333332 14 6.328333333333333 453
21600 41 20.658333333333335 14 6.108333333333333 495
22100 45 23.726666666666667 16 6.398333333333333 585
22600 51 26.47 16 6.903333333333333 628
23100 54 28.543333333333333 16 7.415 737
23600 54 30.69 16 7.8116666666666665 767
24100 55 32.975 16 8.058333333333334 807
24600 55 35.49166666666667 16 8.106666666666667 807
25100 55 37.42166666666667 16 8.411666666666667 834
25600 66 39.13166666666667 16 8.678333333333333 884
26100 66 39.781666666666666 16 9.406666666666666 904
26600 66 40.95333333333333 16 9.763333333333334 943
27100 66 41.785 16 10.201666666666666 976
27600 66 43.92 16 10.211666666666666 997
28100 68 45.145 16 10.68 1043
28600 70 46.335 16 11.105 1084
29100 70 47.06 17 11.448333333333334 1155
29600 70 49.57333333333333 17 11.315 1157
30100 70 53.70333333333333 17 10.836666666666666 1176
30600 72 56.30166666666667 17 11.108333333333333 1190
31100 72 57.80166666666667 17 11.62 1231
31600 72 58.443333333333335 17 12.495 1266
32100 72 61.678333333333335 17 12.74 1268
32600 72 64.30833333333334 17 12.848333333333333 1268
33100 76 65.06666666666666 17 13.22 1309
33600 76 66.025 17 13.513333333333334 1324
34100 76 65.93833333333333 17 14.253333333333334 1333
34600 76 66.11333333333333 17 14.426666666666666 1335
35100 76 67.31166666666667 17 14.313333333333333 1335
35600 76 68.69333333333333 17 13.933333333333334 1357
36100 77 69.71 17 13.765 1365
36600 79 70.25666666666666 17 13.608333333333333 1389
37100 79 71.01 17 13.518333333333333 1389
37600 79 71.15666666666667 17 13.743333333333334 1395
38100 79 71.13333333333334 17 13.911666666666667 1401
38600 79 71.185 17 13.99 1404
39100 79 71.215 17 14.143333333333333 1416
39600 79 71.62166666666667 18 14.566666666666666 1491
40100 79 72.01 18 15.311666666666667 1491
40600 79 71.81666666666666 18 16.048333333333332 1497
41100 79 72.12 18 16.296666666666667 1509
41600 79 72.75833333333334 19 16.171666666666667 1581
42100 80 73.535 19 16.125 1599
42600 80 74.34333333333333 19 16.14 1601
43100 80 74.56666666666666 19 16.553333333333335 1603
43600 81 74.73833333333333 19 16.756666666666668 1628
44100 81 74.71666666666667 19 17.155 1629
44600 81 75.015 20 17.335 1706
45100 81 75.85166666666667 20 17.385 1706
45600 81 76.68 20 17.33 1706
46100 81 77.90833333333333 20 17.198333333333334 1708
46600 82 79.08833333333334 20 17.08 1728
47100 82 80.32833333333333 20 17.048333333333332 1728
47600 82 80.84666666666666 20 17.055 1728
48100 83 80.96333333333334 20 16.996666666666666 1737
48600 83 81.025 20 17.033333333333335 1746
49100 83 81.14 20 17.04 1747
49600 83 81.33333333333333 20 17.11 1747
50100 83 81.60833333333333 20 17.148333333333333 1748
50600 83 82.035 20 17.133333333333333 1748
51100 84 82.48333333333333 20 17.101666666666667 1764
51600 84 82.72833333333334 20 17.071666666666665 1764
52100 84 82.74166666666666 20 17.083333333333332 1764
52600 84 82.78666666666666 20 17.02166666666667 1764
53100 84 82.78 20 17.02166666666667 1764
53600 84 82.75833333333334 20 16.996666666666666 1764
54100 84 82.75166666666667 20 17.016666666666666 1764
54600 84 82.57333333333334 20 17 1765
55100 84 82.71333333333334 20 17.02166666666667 1765
55600 84 82.735 20 17.02 1772
56100 84 82.68 20 17.016666666666666 1772
56600 84 82.67 20 17.071666666666665 1772
57100 86 82.65333333333334 20 17.136666666666667 1788
57600 86 82.905 20 17.118333333333332 1798
58100 86 82.97666666666667 20 17.21 1798
58600 86 83.12 20 17.335 1800
59100 86 83.37833333333333 20 17.55 1800
59600 86 83.495 20 17.895 1806
60100 86 83.57666666666667 20 18.065 1806
60600 86 83.67 20 18.028333333333332 1806
61100 86 83.74333333333334 20 18.025 1806
61600 86 83.83833333333334 20 17.981666666666666 1806
62100 86 83.855 20 17.965 1806
62600 86 83.88333333333334 20 17.95 1806
63100 86 83.91833333333334 20 17.89 1806
63600 86 83.96333333333334 20 17.948333333333334 1806
64100 86 83.97833333333334 20 17.938333333333333 1806
64600 86 83.83333333333333 20 17.89666666666667 1806
65100 86 84.045 20 17.91 1806
65600 86 84.02666666666667 20 17.89666666666667 1806
66100 86 84.04666666666667 20 17.91 1808
66600 86 84.045 20 17.893333333333334 1808
67100 86 84.04833333333333 20 17.893333333333334 1808
67600 86 84.05 20 17.891666666666666 1808
68100 86 84.07833333333333 20 17.86 1808
68600 86 84.08166666666666 20 17.86 1808
69100 86 84.085 20 17.858333333333334 1808
69600 86 84.10166666666667 20 17.856666666666666 1808
70100 86 84.09166666666667 20 17.845 1808
70600 86 84.075 20 17.841666666666665 1808
71100 86 84.05333333333333 20 17.871666666666666 1808
71600 86 84.04 20 17.875 1808
72100 86 84.08333333333333 20 17.803333333333335 1814
72600 86 84.36333333333333 20 17.543333333333333 1816
73100 86 84.71833333333333 20 17.098333333333333 1816
73600 86 85.275 20 16.57 1816
74100 86 85.50166666666667 20 16.338333333333335 1816
74600 86 85.48166666666667 20 16.391666666666666 1816
75100 86 85.31166666666667 20 16.6 1816
75600 86 84.91 20 17.11 1816
76100 87 84.79166666666667 20 17.49 1837
76600 87 85.30833333333334 20 17.926666666666666 1837
77100 87 85.29166666666667 20 18.116666666666667 1838
77600 87 85.52166666666666 20 18.211666666666666 1838
78100 87 85.51333333333334 20 18.30666666666667 1838
78600 87 85.58 20 18.405 1838
79100 87 85.60333333333334 20 18.536666666666665 1838
79600 88 85.65333333333334 20 18.663333333333334 1848
80100 88 85.43333333333334 20 18.715 1856
80600 88 84.91166666666666 20 18.76 1856
81100 88 85.10666666666667 20 18.941666666666666 1856
81600 88 84.71666666666667 20 19.035 1857
82100 88 84.55833333333334 20 19.14666666666667 1857
82600 88 84.87333333333333 20 19.16 1857
83100 88 85.07 20 19.18 1857
83600 88 85.17666666666666 20 19.161666666666665 1857
84100 88 85.43666666666667 20 19.111666666666668 1857
84600 88 85.735 20 19.095 1857
85100 88 85.675 20 19.035 1857
85600 88 85.72333333333333 20 19.09 1858
86100 88 84.73166666666667 20 19.153333333333332 1858
86600 88 82.71166666666667 20 19.356666666666666 1858
87100 88 80.315 20 19.658333333333335 1858
87600 88 77.93833333333333 20 19.898333333333333 1858
88100 88 77.20833333333333 20 19.976666666666667 1858
88600 88 77.16333333333333 20 19.983333333333334 1858
89100 88 77.16333333333333 20 19.983333333333334 1858
89600 88 76.90333333333334 20 19.911666666666665 1858
90100 88 77.15333333333334 20 19.97833333333333 1858
90600 88 77.095 20 19.981666666666666 1858
91100 88 77.10666666666667 20 19.986666666666668 1858
91600 88 77.17166666666667 21 19.968333333333334 1936
92100 88 77.19666666666667 21 19.973333333333333 1936
92600 88 77.25 21 19.968333333333334 1936
93100 88 77.37166666666667 21 19.955 1937
93600 88 77.44 21 19.94 1937
94100 88 77.44 21 19.955 1937
94600 88 77.58666666666667 21 19.935 1937
95100 88 77.73 21 19.933333333333334 1937
95600 88 77.935 21 19.866666666666667 1937
96100 88 78.16833333333334 21 19.845 1937
96600 88 79.07333333333334 21 19.82 1938
97100 88 80.75333333333333 21 19.675 1939
97600 88 83.19166666666666 21 19.41 1940
98100 88 86.40333333333334 21 19.143333333333334 1940
98600 89 87.28833333333333 21 19.123333333333335 1968
99100 90 87.14 21 19.155 1983
99600 90 86.72 21 19.195 1988
100100 90 85.91333333333333 21 19.358333333333334 1997