35
20
m 0 19
0 34 0
1 0 0
2 34 19
w 0 9
w 0 10
w 1 1
w 1 2
w 1 4
w 1 5
w 1 6
w 1 7
w 1 9
w 1 10
w 1 12
w 1 13
w 1 14
w 1 16
w 1 17
w 1 18
w 2 1
w 2 2
w 2 4
w 2 5
w 2 6
w 2 7
w 2 9
w 2 10
w 2 18
w 3 1
w 3 2
w 3 4
w 3 5
w 3 12
w 3 14
w 3 16
w 3 18
w 4 1
w 4 2
w 4 4
w 4 5
w 4 7
w 4 9
w 4 10
w 4 12
w 4 14
w 4 16
w 4 18
w 5 1
w 5 2
w 5 7
w 5 9
w 5 10
w 5 12
w 5 14
w 5 16
w 5 18
w 6 1
w 6 2
w 6 4
w 6 5
w 6 7
w 6 12
w 6 14
w 6 16
w 6 18
w 7 4
w 7 5
w 7 7
w 7 8
w 7 10
w 7 12
w 7 14
w 7 16
w 8 1
w 8 2
w 8 4
w 8 5
w 8 7
w 8 8
w 8 10
w 8 12
w 8 16
w 8 18
w 9 1
w 9 8
w 9 10
w 9 12
w 9 14
w 9 16
w 9 18
w 10 1
w 10 3
w 10 4
w 10 6
w 10 8
w 10 10
w 10 12
w 10 14
w 10 16
w 10 18
w 11 1
w 11 3
w 11 4
w 11 6
w 11 14
w 11 16
w 11 18
w 12 1
w 12 3
w 12 4
w 12 6
w 12 8
w 12 9
w 12 10
w 12 11
w 12 12
w 12 14
w 12 18
w 13 1
w 13 6
w 13 14
w 13 16
w 13 18
w 14 1
w 14 3
w 14 5
w 14 6
w 14 8
w 14 10
w 14 12
w 14 14
w 14 16
w 14 18
w 15 1
w 15 3
w 15 5
w 15 6
w 15 8
w 15 10
w 15 12
w 15 14
w 15 16
w 15 18
w 16 3
w 16 5
w 16 6
w 16 8
w 16 10
w 16 12
w 17 0
w 17 1
w 17 2
w 17 3
w 17 8
w 17 12
w 17 13
w 17 15
w 17 16
w 17 18
w 17 19
w 18 3
w 18 5
w 18 6
w 18 8
w 18 10
w 18 12
w 19 1
w 19 3
w 19 5
w 19 6
w 19 8
w 19 10
w 19 12
w 19 14
w 19 16
w 19 18
w 20 1
w 20 3
w 20 5
w 20 6
w 20 8
w 20 10
w 20 12
w 20 14
w 20 16
w 20 18
w 21 1
w 21 6
w 21 14
w 21 16
w 21 18
w 22 1
w 22 3
w 22 4
w 22 6
w 22 8
w 22 9
w 22 10
w 22 11
w 22 12
w 22 14
w 22 18
w 23 1
w 23 3
w 23 4
w 23 6
w 23 14
w 23 16
w 23 18
w 24 1
w 24 3
w 24 4
w 24 6
w 24 8
w 24 10
w 24 12
w 24 14
w 24 16
w 24 18
w 25 1
w 25 8
w 25 10
w 25 12
w 25 14
w 25 16
w 25 18
w 26 1
w 26 2
w 26 4
w 26 5
w 26 7
w 26 8
w 26 10
w 26 12
w 26 16
w 26 18
w 27 4
w 27 5
w 27 7
w 27 8
w 27 10
w 27 12
w 27 14
w 27 16
w 28 1
w 28 2
w 28 4
w 28 5
w 28 7
w 28 12
w 28 14
w 28 16
w 28 18
w 29 1
w 29 2
w 29 7
w 29 9
w 29 10
w 29 12
w 29 14
w 29 16
w 29 18
w 30 1
w 30 2
w 30 4
w 30 5
w 30 7
w 30 9
w 30 10
w 30 12
w 30 14
w 30 16
w 30 18
w 31 1
w 31 2
w 31 4
w 31 5
w 31 12
w 31 14
w 31 16
w 31 18
w 32 1
w 32 2
w 32 4
w 32 5
w 32 6
w 32 7
w 32 9
w 32 10
w 32 18
w 33 1
w 33 2
w 33 4
w 33 5
w 33 6
w 33 7
w 33 9
w 33 10
w 33 12
w 33 13
w 33 14
w 33 16
w 33 17
w 33 18
w 34 9
w 34 10
p 7 17
p 22 17
p 30 0
p 14 13
p 5 19
p 13 8
p 29 4
p 13 17
p 21 0
p 21 9
p 27 6
p 3 6
p 19 2
p 3 15
p 19 11
p 11 7
p 1 8
p 34 5
p 34 14
p 17 7
p 9 3
p 0 0
p 15 0
p 32 16
p 33 15
p 15 9
p 6 6
p 25 11
p 16 17
p 32 19
p 31 8
p 22 5
p 31 17
p 23 13
p 30 6
p 14 19
p 13 5
p 29 13
p 3 3
p 20 19
p 12 15
p 28 11
p 4 11
p 27 15
p 10 17
p 18 0
p 26 13
p 2 13
p 18 9
p 18 18
p 34 2
p 34 11
p 17 4
p 9 0
p 9 9
p 33 3
p 24 0
p 32 13
p 8 13
p 24 9
p 7 2
p 0 18
p 25 17
p 16 14
p 7 11
p 22 2
p 6 15
p 23 10
p 14 7
p 5 4
p 23 19
p 5 13
p 13 2
p 30 15
p 13 11
p 20 7
p 3 0
p 29 19
p 21 15
p 3 9
p 4 8
p 27 3
p 4 17
p 10 5
p 19 17
p 1 11
p 11 13
p 2 19
p 33 0
p 0 6
p 25 5
p 8 19
p 16 2
p 0 15
p 6 3
p 15 15
p 31 11
p 23 7
p 14 4
p 30 3
p 20 4
p 21 3
p 12 0
p 20 13
p 21 12
p 27 0
p 27 9
p 28 8
p 10 2
p 27 18
p 28 17
p 10 11
p 11 10
p 11 19
p 2 16
p 26 19
p 18 15
p 34 8
p 34 17
p 17 10
p 9 6
p 0 3
p 25 2
p 9 15
p 0 12
p 6 0
p 24 15
p 6 9
p 16 11
t 1750 0
m 0 18
0 33 0
1 0 1
2 34 18
t 1749 0.7751937984496124
m 0 17
0 34 0
1 0 2
2 34 17
t 1748 0.7751937984496124
m 0 16
0 33 0
1 0 3
2 34 16
t 1747 0.7751937984496124
m 0 16
0 34 0
1 1 3
2 34 15
t 1746 0.7751937984496124
m 0 16
0 34 1
1 0 3
2 34 14
t 1745 0.7751937984496124
m 0 16
0 34 0
1 0 4
2 34 13
t 1744 0.7751937984496124
m 0 17
0 34 1
1 0 3
2 34 14
t 1743 0.7751937984496124
m 0 17
0 34 2
1 1 3
2 34 13
t 1742 0.7751937984496124
m 0 16
0 34 3
1 0 3
2 34 14
t 1741 0.7751937984496124
m 0 15
0 34 4
1 1 3
2 34 15
t 1740 1.550387596899225
m 0 14
0 34 5
1 2 3
2 34 14
t 1739 1.550387596899225
m 0 13
0 34 6
1 3 3
2 34 13
t 1738 1.550387596899225
m 0 12
0 34 5
1 2 3
2 34 14
t 1737 2.3255813953488373
m 0 12
0 34 6
1 1 3
2 34 13
t 1736 2.3255813953488373
m 0 12
0 34 5
1 2 3
2 34 12
t 1735 2.3255813953488373
m 0 12
0 34 6
1 3 3
2 34 11
t 1734 2.3255813953488373
m 0 13
0 34 5
1 2 3
2 34 12
t 1733 2.3255813953488373
m 0 12
0 34 6
1 3 3
2 34 13
t 1732 2.3255813953488373
m 0 12
0 34 5
1 2 3
2 34 12
t 1731 2.3255813953488373
m 0 13
0 34 4
1 3 3
2 34 13
t 1730 2.3255813953488373
m 0 12
0 34 3
1 2 3
2 34 14
t 1729 2.3255813953488373
m 0 13
0 33 3
1 3 3
2 34 13
t 1728 2.3255813953488373
m 0 12
0 32 3
1 4 3
2 34 14
t 1727 2.3255813953488373
m 0 12
0 31 3
1 5 3
2 34 13
t 1726 2.3255813953488373
m 0 13
0 30 3
1 5 4
2 34 14
t 1725 2.3255813953488373
m 0 13
0 31 3
1 5 5
2 34 15
t 1724 2.3255813953488373
m 0 12
0 32 3
1 5 6
2 33 15
t 1723 2.3255813953488373
m 0 13
0 33 3
1 5 5
2 32 15
t 1722 2.3255813953488373
m 0 12
0 34 3
1 5 6
2 32 16
t 1721 2.3255813953488373
m 0 12
0 34 2
1 6 6
2 32 17
t 1720 2.3255813953488373
m 0 11
0 34 1
1 7 6
2 32 16
t 1719 2.3255813953488373
m 0 12
0 34 2
1 6 6
2 32 15
t 1718 2.3255813953488373
m 0 13
0 34 1
1 7 6
2 31 15
t 1717 2.3255813953488373
m 0 14
0 34 2
1 8 6
2 32 15
t 1716 2.3255813953488373
m 0 14
0 34 3
1 9 6
2 33 15
t 1715 2.3255813953488373
m 0 14
0 34 4
1 9 5
2 32 15
t 1714 2.3255813953488373
m 0 13
0 34 5
1 9 4
2 32 16
t 1713 2.3255813953488373
m 0 12
0 34 6
1 9 3
2 32 17
t 1712 2.3255813953488373
m 0 12
0 34 5
1 9 4
2 32 16
t 1711 2.3255813953488373
m 0 13
0 34 4
1 9 3
2 32 17
t 1710 2.3255813953488373
m 0 14
0 34 3
1 9 2
2 32 16
t 1709 2.3255813953488373
m 0 13
0 34 4
1 10 2
2 32 15
t 1708 2.3255813953488373
m 0 14
0 34 5
1 9 2
2 31 15
t 1707 2.3255813953488373
m 0 15
0 34 6
1 10 2
2 32 15
t 1706 2.3255813953488373
m 0 15
0 34 5
1 9 2
2 31 15
t 1705 2.3255813953488373
m 0 14
0 34 4
1 10 2
2 30 15
t 1704 2.3255813953488373
m 0 13
0 34 5
1 11 2
2 31 15
t 1703 2.3255813953488373
m 0 12
0 34 4
1 12 2
2 32 15
t 1702 2.3255813953488373
m 0 13
0 34 5
1 13 2
2 32 16
t 1701 2.3255813953488373
m 0 14
0 34 4
1 12 2
2 32 17
t 1700 2.3255813953488373
m 0 15
0 34 5
1 13 2
2 32 16
t 1699 2.3255813953488373
m 1 15
0 34 6
1 12 2
2 32 15
t 1698 2.3255813953488373
m 2 15
0 34 5
1 13 2
2 33 15
t 1697 2.3255813953488373
m 1 15
0 34 6
1 14 2
2 34 15
t 1696 2.3255813953488373
m 0 15
0 34 5
1 13 2
2 33 15
t 1695 2.3255813953488373
m 0 15
0 34 4
1 13 3
2 32 15
t 1694 2.3255813953488373
m 0 15
0 34 3
1 13 4
2 32 16
t 1693 2.3255813953488373
m 1 15
0 33 3
1 13 5
2 32 15
t 1692 2.3255813953488373
m 0 15
0 32 3
1 12 5
2 32 14
t 1691 2.3255813953488373
m 0 14
0 31 3
1 11 5
2 32 13
t 1690 2.3255813953488373
m 0 13
0 32 3
1 12 5
2 32 12
t 1689 2.3255813953488373
m 0 14
0 31 3
1 11 5
2 32 11
t 1688 2.3255813953488373
m 0 15
0 32 3
1 12 5
2 32 12
t 1687 2.3255813953488373
m 1 15
0 33 3
1 11 5
2 32 13
t 1686 2.3255813953488373
m 1 15
0 32 3
1 10 5
2 32 14
t 1685 2.3255813953488373
m 1 15
0 33 3
1 9 5
2 32 13
t 1684 2.3255813953488373
m 2 15
0 32 3
1 10 5
2 32 12
t 1683 2.3255813953488373
m 2 16
0 31 3
1 11 5
2 32 13
t 1682 3.10077519379845
m 2 16
0 30 3
1 10 5
2 31 13
t 1681 3.10077519379845
m 2 16
0 31 3
1 9 5
2 30 13
t 1680 3.10077519379845
m 2 16
0 32 3
1 10 5
2 31 13
t 1679 3.10077519379845
m 2 17
0 31 3
1 11 5
2 30 13
t 1678 3.10077519379845
m 3 17
0 30 3
1 12 5
2 31 13
t 1677 3.10077519379845
m 2 17
0 29 3
1 13 5
2 30 13
f 34 19
t 1676 3.10077519379845
m 2 16
0 30 3
1 12 5
2 29 13
t 1675 3.10077519379845
m 2 15
0 29 3
1 11 5
2 30 13
t 1674 3.10077519379845
m 1 15
0 29 4
1 10 5
2 29 13
t 1673 3.10077519379845
m 0 15
0 29 3
1 9 5
2 30 13
t 1672 3.10077519379845
m 1 15
0 28 3
1 9 6
2 29 13
t 1671 3.10077519379845
m 2 15
0 29 3
1 9 7
2 28 13
t 1670 3.10077519379845
m 2 16
0 28 3
1 9 6
2 27 13
t 1669 3.10077519379845
m 2 16
0 27 3
1 8 6
2 26 13
t 1668 3.10077519379845
m 2 17
0 26 3
1 7 6
2 27 13
t 1667 3.10077519379845
m 2 17
0 25 3
1 8 6
2 28 13
t 1666 3.10077519379845
m 3 17
0 25 2
1 9 6
2 27 13
t 1665 3.10077519379845
m 4 17
0 25 3
1 9 7
2 26 13
t 1664 3.875968992248062
m 5 17
0 26 3
1 10 7
2 25 13
t 1663 3.875968992248062
m 5 17
0 27 3
1 11 7
2 26 13
t 1662 3.875968992248062
m 6 17
0 26 3
1 11 8
2 25 13
t 1661 3.875968992248062
m 7 17
0 27 3
1 11 7
2 26 13
t 1660 4.651162790697675
m 7 18
0 28 3
1 10 7
2 25 13
t 1659 4.651162790697675
m 7 18
0 29 3
1 9 7
2 24 13
t 1658 4.651162790697675
m 7 19
0 30 3
1 10 7
2 23 13
t 1657 4.651162790697675
m 6 19
0 31 3
1 11 7
2 23 12
t 1656 4.651162790697675
m 6 19
0 32 3
1 11 8
2 23 13
t 1655 4.651162790697675
m 5 19
0 33 3
1 11 9
2 24 13
t 1654 5.426356589147287
m 6 19
0 34 3
1 10 9
2 23 13
t 1653 5.426356589147287
m 6 19
0 34 2
1 11 9
2 24 13
t 1652 5.426356589147287
m 7 19
0 34 1
1 11 8
2 23 13
t 1651 5.426356589147287
m 6 19
0 34 2
1 11 9
2 22 13
t 1650 5.426356589147287
m 7 19
0 34 3
1 10 9
2 23 13
t 1649 5.426356589147287
m 6 19
0 34 4
1 9 9
2 23 12
t 1648 5.426356589147287
m 6 19
0 34 5
1 8 9
2 23 13
t 1647 5.426356589147287
m 7 19
0 34 4
1 7 9
2 22 13
t 1646 5.426356589147287
m 7 18
0 34 3
1 6 9
2 23 13
t 1645 5.426356589147287
m 7 19
0 34 4
1 6 8
2 22 13
t 1644 5.426356589147287
m 7 18
0 34 5
1 5 8
2 23 13
t 1643 5.426356589147287
m 7 19
0 34 4
1 6 8
2 24 13
t 1642 5.426356589147287
m 8 19
0 34 5
1 6 9
2 25 13
t 1641 6.2015503875969
m 7 19
0 34 4
1 6 10
2 24 13
t 1640 6.2015503875969
m 8 19
0 34 5
1 6 9
2 25 13
t 1639 6.2015503875969
m 7 19
0 34 4
1 6 10
2 24 13
t 1638 6.2015503875969
m 6 19
0 34 3
1 6 11
2 23 13
t 1637 6.2015503875969
m 5 19
0 33 3
1 5 11
2 24 13
t 1636 6.2015503875969
m 5 19
0 34 3
1 6 11
2 25 13
t 1635 6.2015503875969
m 6 19
0 34 4
1 7 11
2 24 13
t 1634 6.2015503875969
m 5 19
0 34 3
1 8 11
2 23 13
t 1633 6.2015503875969
m 4 19
0 34 4
1 7 11
2 24 13
t 1632 6.2015503875969
m 4 19
0 34 3
1 6 11
2 25 13
t 1631 6.2015503875969
m 5 19
0 34 2
1 7 11
2 24 13
t 1630 6.2015503875969
m 4 19
0 34 3
1 6 11
2 23 13
t 1629 6.2015503875969
m 3 19
0 34 2
1 6 10
2 23 12
t 1628 6.2015503875969
m 3 19
0 34 3
1 6 11
2 23 13
t 1627 6.2015503875969
m 4 19
0 34 4
1 7 11
2 22 13
t 1626 6.2015503875969
m 5 19
0 34 3
1 8 11
2 23 13
t 1625 6.2015503875969
m 6 19
0 33 3
1 9 11
2 22 13
t 1624 6.2015503875969
m 7 19
0 32 3
1 10 11
2 21 13
t 1623 6.2015503875969
m 8 19
0 31 3
1 11 11
2 20 13
t 1622 6.2015503875969
m 9 19
0 30 3
1 10 11
2 19 13
t 1621 6.2015503875969
m 9 19
0 29 3
1 9 11
2 20 13
t 1620 6.2015503875969
m 10 19
0 29 4
1 8 11
2 21 13
t 1619 6.2015503875969
m 11 19
0 29 5
1 9 11
2 21 12
t 1618 6.976744186046512
m 11 19
0 29 6
1 10 11
2 21 11
t 1617 6.976744186046512
m 12 19
0 30 6
1 9 11
2 21 10
t 1616 6.976744186046512
m 11 19
0 29 6
1 8 11
2 21 9
t 1615 6.976744186046512
m 10 19
0 29 5
1 9 11
2 21 8
t 1614 6.976744186046512
m 10 19
0 29 6
1 8 11
2 21 9
t 1613 6.976744186046512
m 9 19
0 29 5
1 9 11
2 21 10
t 1612 6.976744186046512
m 8 19
0 29 4
1 8 11
2 21 9
t 1611 6.976744186046512
m 9 19
0 29 3
1 7 11
2 21 8
t 1610 6.976744186046512
m 9 19
0 28 3
1 6 11
2 21 7
t 1609 6.976744186046512
m 8 19
0 29 3
1 6 10
2 21 8
t 1608 6.976744186046512
m 7 19
0 29 4
1 6 9
2 21 7
t 1607 6.976744186046512
m 6 19
0 29 5
1 7 9
2 21 8
t 1606 6.976744186046512
m 5 19
0 29 6
1 8 9
2 21 9
t 1605 6.976744186046512
m 6 19
0 29 5
1 7 9
2 21 10
t 1604 6.976744186046512
m 7 19
0 29 4
1 8 9
2 21 9
t 1603 6.976744186046512
m 6 19
0 29 5
1 9 9
2 21 8
t 1602 6.976744186046512
m 6 19
0 29 6
1 8 9
2 21 9
t 1601 6.976744186046512
m 7 19
0 28 6
1 7 9
2 21 10
t 1600 6.976744186046512
m 8 19
0 27 6
1 6 9
2 21 9
t 1599 6.976744186046512
m 7 19
0 28 6
1 7 9
2 21 10
t 1598 6.976744186046512
m 8 19
0 27 6
1 6 9
2 21 11
t 1597 6.976744186046512
m 7 19
0 28 6
1 7 9
2 21 12
t 1596 6.976744186046512
m 7 18
0 29 6
1 6 9
2 21 13
t 1595 6.976744186046512
m 7 18
0 28 6
1 6 10
2 22 13
t 1594 6.976744186046512
m 7 19
0 29 6
1 6 9
2 21 13
t 1593 6.976744186046512
m 7 18
0 30 6
1 6 10
2 20 13
t 1592 6.976744186046512
m 7 18
0 31 6
1 6 9
2 19 13
t 1591 6.976744186046512
m 7 18
0 30 6
1 7 9
2 20 13
t 1590 6.976744186046512
m 7 19
0 31 6
1 8 9
2 21 13
t 1589 6.976744186046512
m 8 19
0 31 7
1 7 9
2 21 12
t 1588 6.976744186046512
m 8 19
0 31 8
1 6 9
2 21 13
t 1587 6.976744186046512
m 8 19
0 31 7
1 7 9
2 20 13
t 1586 6.976744186046512
m 9 19
0 31 8
1 6 9
2 21 13
t 1585 6.976744186046512
m 9 19
0 30 8
1 7 9
2 21 12
t 1584 6.976744186046512
m 10 19
0 31 8
1 6 9
2 21 11
t 1583 6.976744186046512
m 11 19
0 30 8
1 7 9
2 21 12
t 1582 6.976744186046512
m 11 19
0 29 8
1 6 9
2 21 13
t 1581 6.976744186046512
m 12 19
0 30 8
1 6 8
2 21 12
t 1580 6.976744186046512
m 11 19
0 29 8
1 5 8
2 21 11
t 1579 6.976744186046512
m 10 19
0 28 8
1 4 8
2 20 11
t 1578 6.976744186046512
m 11 19
0 28 9
1 3 8
2 21 11
t 1577 6.976744186046512
m 12 19
0 28 8
1 3 9
2 21 12
t 1576 6.976744186046512
m 11 19
0 28 9
1 3 8
2 21 11
t 1575 6.976744186046512
m 11 19
0 27 9
1 2 8
2 20 11
t 1574 6.976744186046512
m 12 19
0 28 9
1 1 8
2 19 11
t 1573 6.976744186046512
m 12 19
0 28 10
1 0 8
2 18 11
t 1572 6.976744186046512
m 13 19
0 28 9
1 0 7
2 19 11
t 1571 6.976744186046512
m 13 19
0 28 10
1 0 8
2 18 11
t 1570 6.976744186046512
m 12 19
0 28 11
1 1 8
2 17 11
t 1569 6.976744186046512
m 11 19
0 28 10
1 2 8
2 17 10
t 1568 6.976744186046512
m 12 19
0 28 9
1 1 8
2 17 9
t 1567 6.976744186046512
m 12 19
0 27 9
1 2 8
2 18 9
t 1566 6.976744186046512
m 12 19
0 28 9
1 3 8
2 17 9
t 1565 6.976744186046512
m 13 19
0 27 9
1 4 8
2 16 9
t 1564 6.976744186046512
m 13 19
0 26 9
1 3 8
2 17 9
t 1563 6.976744186046512
m 14 19
0 25 9
1 3 7
2 17 10
t 1562 7.751937984496124
m 13 19
0 26 9
1 3 6
2 17 11
t 1561 7.751937984496124
m 14 19
0 25 9
1 3 7
2 18 11
t 1560 7.751937984496124
m 14 19
0 26 9
1 3 8
2 17 11
t 1559 7.751937984496124
m 13 19
0 27 9
1 2 8
2 16 11
t 1558 7.751937984496124
m 14 19
0 28 9
1 1 8
2 15 11
t 1557 7.751937984496124
m 15 19
0 28 8
1 2 8
2 16 11
t 1556 7.751937984496124
m 14 19
0 28 9
1 3 8
2 17 11
t 1555 7.751937984496124
m 13 19
0 27 9
1 4 8
2 18 11
t 1554 7.751937984496124
m 13 19
0 28 9
1 3 8
2 17 11
t 1553 7.751937984496124
m 14 19
0 28 10
1 2 8
2 16 11
t 1552 7.751937984496124
m 14 19
0 28 9
1 3 8
2 17 11
t 1551 7.751937984496124
m 14 19
0 28 10
1 2 8
2 16 11
t 1550 7.751937984496124
m 13 19
0 28 9
1 1 8
2 17 11
t 1549 7.751937984496124
m 13 19
0 28 10
1 0 8
2 18 11
t 1548 7.751937984496124
m 13 19
0 28 11
1 1 8
2 19 11
t 1547 7.751937984496124
m 13 19
0 29 11
1 2 8
2 18 11
t 1546 7.751937984496124
m 14 19
0 28 11
1 1 8
2 17 11
t 1545 7.751937984496124
m 14 19
0 29 11
1 0 8
2 18 11
t 1544 7.751937984496124
m 15 19
0 30 11
1 0 7
2 19 11
t 1543 7.751937984496124
m 15 19
0 31 11
1 0 8
2 20 11
t 1542 7.751937984496124
m 14 19
0 31 10
1 0 7
2 19 11
t 1541 7.751937984496124
m 13 19
0 31 9
1 0 8
2 18 11
t 1540 7.751937984496124
m 13 19
0 31 8
1 0 7
2 17 11
t 1539 7.751937984496124
m 14 19
0 32 8
1 0 6
2 16 11
t 1538 7.751937984496124
m 14 19
0 31 8
1 0 5
2 15 11
t 1537 7.751937984496124
m 14 19
0 32 8
1 0 6
2 16 11
t 1536 7.751937984496124
m 14 19
0 33 8
1 0 7
2 15 11
t 1535 7.751937984496124
m 15 19
0 32 8
1 0 8
2 14 11
t 1534 7.751937984496124
m 14 19
0 33 8
1 1 8
2 15 11
t 1533 7.751937984496124
m 13 19
0 32 8
1 0 8
2 16 11
t 1532 7.751937984496124
m 12 19
0 31 8
1 0 7
2 17 11
t 1531 7.751937984496124
m 13 19
0 31 7
1 0 8
2 17 10
t 1530 7.751937984496124
m 14 19
0 31 6
1 0 7
2 17 11
t 1529 7.751937984496124
m 15 19
0 31 7
1 0 6
2 18 11
t 1528 7.751937984496124
m 14 19
0 31 8
1 0 5
2 17 11
t 1527 7.751937984496124
m 14 19
0 31 7
1 0 6
2 16 11
t 1526 7.751937984496124
m 14 19
0 31 8
1 0 5
2 17 11
t 1525 7.751937984496124
m 14 19
0 30 8
1 0 4
2 16 11
t 1524 7.751937984496124
m 15 19
0 31 8
1 0 5
2 15 11
t 1523 7.751937984496124
m 14 19
0 31 9
1 0 4
2 14 11
t 1522 7.751937984496124
m 14 19
0 31 8
1 0 3
2 13 11
t 1521 7.751937984496124
m 14 19
0 31 9
1 0 2
2 13 12
t 1520 7.751937984496124
m 15 19
0 31 8
1 0 3
2 13 11
t 1519 7.751937984496124
m 16 19
0 32 8
1 0 4
2 13 12
t 1518 7.751937984496124
m 16 19
0 31 8
1 0 3
2 13 11
t 1517 7.751937984496124
m 16 19
0 32 8
1 0 4
2 13 10
t 1516 7.751937984496124
m 15 19
0 31 8
1 0 3
2 13 9
t 1515 7.751937984496124
m 14 19
0 31 9
1 0 2
2 14 9
t 1514 7.751937984496124
m 13 19
0 31 8
1 0 1
2 15 9
t 1513 7.751937984496124
m 14 19
0 32 8
1 0 2
2 14 9
t 1512 7.751937984496124
m 14 19
0 33 8
1 0 1
2 15 9
t 1511 7.751937984496124
m 13 19
0 32 8
1 0 0
2 14 9
t 1510 7.751937984496124
m 12 19
0 33 8
1 0 1
2 15 9
t 1509 7.751937984496124
m 13 19
0 34 8
1 0 2
2 16 9
t 1508 7.751937984496124
m 12 19
0 33 8
1 0 3
2 15 9
t 1507 7.751937984496124
m 12 19
0 34 8
1 1 3
2 16 9
t 1506 7.751937984496124
m 11 19
0 33 8
1 0 3
2 17 9
t 1505 7.751937984496124
m 10 19
0 34 8
1 0 4
2 16 9
t 1504 7.751937984496124
m 10 19
0 33 8
1 0 3
2 15 9
t 1503 7.751937984496124
m 11 19
0 34 8
1 1 3
2 16 9
t 1502 7.751937984496124
m 12 19
0 33 8
1 2 3
2 17 9
t 1501 7.751937984496124
m 12 19
0 34 8
1 1 3
2 17 10
t 1500 7.751937984496124
m 13 19
0 33 8
1 2 3
2 17 11
t 1499 7.751937984496124
m 13 19
0 34 8
1 1 3
2 18 11
t 1498 7.751937984496124
m 12 19
0 33 8
1 2 3
2 19 11
t 1497 7.751937984496124
m 12 19
0 34 8
1 1 3
2 18 11
t 1496 7.751937984496124
m 11 19
0 34 7
1 0 3
2 19 11
t 1495 7.751937984496124
m 11 19
0 34 8
1 0 2
2 20 11
t 1494 7.751937984496124
m 11 19
0 33 8
1 0 1
2 19 11
t 1493 7.751937984496124
m 11 19
0 34 8
1 0 0
2 18 11
t 1492 7.751937984496124
m 12 19
0 34 7
1 1 0
2 19 11
t 1491 7.751937984496124
m 11 19
0 34 8
1 0 0
2 18 11
t 1490 7.751937984496124
m 12 19
0 33 8
1 1 0
2 19 11
t 1489 7.751937984496124
m 11 19
0 32 8
1 2 0
2 18 11
t 1488 7.751937984496124
m 12 19
0 33 8
1 3 0
2 17 11
t 1487 7.751937984496124
m 12 19
0 34 8
1 4 0
2 16 11
t 1486 7.751937984496124
m 13 19
0 34 7
1 5 0
2 15 11
t 1485 7.751937984496124
m 13 19
0 34 6
1 6 0
2 16 11
t 1484 7.751937984496124
m 14 19
0 34 7
1 5 0
2 17 11
t 1483 7.751937984496124
m 13 19
0 34 8
1 6 0
2 18 11
t 1482 7.751937984496124
m 13 19
0 33 8
1 7 0
2 17 11
t 1481 7.751937984496124
m 14 19
0 32 8
1 8 0
2 17 10
t 1480 7.751937984496124
m 13 19
0 31 8
1 7 0
2 17 11
t 1479 7.751937984496124
m 14 19
0 31 7
1 6 0
2 18 11
t 1478 7.751937984496124
m 13 19
0 31 8
1 7 0
2 17 11
t 1477 7.751937984496124
m 14 19
0 30 8
1 7 1
2 17 10
t 1476 7.751937984496124
m 13 19
0 29 8
1 7 2
2 17 9
t 1475 7.751937984496124
m 12 19
0 30 8
1 7 1
2 16 9
t 1474 7.751937984496124
m 13 19
0 29 8
1 7 2
2 15 9
t 1473 7.751937984496124
m 12 19
0 30 8
1 7 3
2 16 9
t 1472 7.751937984496124
m 12 19
0 29 8
1 8 3
2 15 9
t 1471 7.751937984496124
m 12 19
0 28 8
1 9 3
2 16 9
t 1470 7.751937984496124
m 12 19
0 29 8
1 9 2
2 15 9
t 1469 7.751937984496124
m 11 19
0 30 8
1 10 2
2 16 9
t 1468 7.751937984496124
m 12 19
0 31 8
1 11 2
2 15 9
t 1467 7.751937984496124
m 13 19
0 31 9
1 12 2
2 16 9
t 1466 7.751937984496124
m 14 19
0 31 10
1 13 2
2 17 9
t 1465 7.751937984496124
m 13 19
0 31 9
1 13 3
2 16 9
t 1464 7.751937984496124
m 13 19
0 31 8
1 13 2
2 15 9
t 1463 7.751937984496124
m 13 19
0 32 8
1 13 3
2 14 9
t 1462 7.751937984496124
m 13 19
0 31 8
1 13 2
2 13 9
t 1461 7.751937984496124
m 12 19
0 30 8
1 14 2
2 13 10
t 1460 7.751937984496124
m 13 19
0 29 8
1 15 2
2 13 11
t 1459 7.751937984496124
m 13 19
0 30 8
1 16 2
2 13 10
t 1458 7.751937984496124
m 14 19
0 29 8
1 15 2
2 13 9
t 1457 7.751937984496124
m 13 19
0 30 8
1 16 2
2 13 10
t 1456 7.751937984496124
m 13 19
0 29 8
1 16 1
2 13 9
t 1455 7.751937984496124
m 13 19
0 30 8
1 16 0
2 13 8
t 1454 7.751937984496124
m 14 19
0 29 8
1 15 0
2 13 7
t 1453 7.751937984496124
m 13 19
0 28 8
1 16 0
2 12 7
t 1452 7.751937984496124
m 14 19
0 29 8
1 16 1
2 13 7
t 1451 7.751937984496124
m 14 19
0 30 8
1 16 2
2 14 7
t 1450 7.751937984496124
m 14 19
0 31 8
1 15 2
2 13 7
t 1449 7.751937984496124
m 15 19
0 30 8
1 16 2
2 12 7
t 1448 7.751937984496124
m 14 19
0 31 8
1 15 2
2 11 7
t 1447 7.751937984496124
m 15 19
0 31 7
1 14 2
2 10 7
t 1446 7.751937984496124
m 14 19
0 31 8
1 13 2
2 11 7
t 1445 7.751937984496124
m 14 19
0 30 8
1 14 2
2 10 7
t 1444 7.751937984496124
m 14 19
0 31 8
1 13 2
2 9 7
t 1443 7.751937984496124
m 14 19
0 31 9
1 13 3
2 10 7
t 1442 7.751937984496124
m 15 19
0 31 10
1 13 2
2 11 7
t 1441 7.751937984496124
m 14 19
0 31 9
1 12 2
2 10 7
t 1440 7.751937984496124
m 15 19
0 31 8
1 13 2
2 9 7
t 1439 7.751937984496124
m 15 19
0 31 7
1 12 2
2 10 7
t 1438 7.751937984496124
m 16 19
0 31 8
1 11 2
2 11 7
t 1437 7.751937984496124
m 15 19
0 30 8
1 10 2
2 12 7
t 1436 7.751937984496124
m 15 19
0 31 8
1 9 2
2 11 7
t 1435 7.751937984496124
m 16 19
0 31 9
1 9 3
2 12 7
t 1434 7.751937984496124
m 16 18
0 31 8
1 8 3
2 11 7
t 1433 7.751937984496124
m 16 18
0 31 9
1 7 3
2 12 7
t 1432 7.751937984496124
m 16 17
0 31 8
1 6 3
2 13 7
t 1431 8.527131782945736
m 16 16
0 32 8
1 5 3
2 14 7
t 1430 8.527131782945736
m 16 15
0 31 8
1 6 3
2 15 7
t 1429 8.527131782945736
m 16 16
0 31 7
1 5 3
2 14 7
t 1428 8.527131782945736
m 16 16
0 31 8
1 5 4
2 13 7
t 1427 8.527131782945736
m 16 17
0 31 7
1 5 5
2 13 8
t 1426 8.527131782945736
m 16 17
0 31 8
1 5 4
2 13 9
t 1425 8.527131782945736
m 17 17
0 31 7
1 5 3
2 13 8
t 1424 8.527131782945736
m 17 17
0 31 8
1 6 3
2 13 7
t 1423 8.527131782945736
m 18 17
0 31 7
1 5 3
2 13 8
t 1422 8.527131782945736
m 18 17
0 31 8
1 5 4
2 13 9
t 1421 8.527131782945736
m 18 16
0 31 9
1 5 5
2 13 8
t 1420 8.527131782945736
m 18 15
0 31 8
1 5 6
2 13 9
t 1419 9.30232558139535
m 18 16
0 31 7
1 4 6
2 14 9
t 1418 9.30232558139535
m 18 17
0 31 6
1 3 6
2 15 9
t 1417 9.30232558139535
m 18 17
0 31 7
1 4 6
2 14 9
t 1416 9.30232558139535
m 18 17
0 31 6
1 3 6
2 13 9
t 1415 9.30232558139535
m 18 18
0 31 7
1 3 7
2 13 8
t 1414 10.077519379844961
m 18 17
0 31 6
1 3 6
2 13 9
t 1413 10.077519379844961
m 18 17
0 31 7
1 4 6
2 14 9
t 1412 10.077519379844961
m 17 17
0 31 6
1 5 6
2 13 9
t 1411 10.077519379844961
m 16 17
0 31 7
1 5 5
2 13 8
t 1410 10.077519379844961
m 17 17
0 31 8
1 5 6
2 13 9
t 1409 10.077519379844961
m 16 17
0 32 8
1 6 6
2 13 8
t 1408 10.077519379844961
m 16 17
0 33 8
1 7 6
2 13 9
t 1407 10.077519379844961
m 17 17
0 34 8
1 8 6
2 13 10
t 1406 10.077519379844961
m 17 17
0 34 7
1 9 6
2 13 9
t 1405 10.077519379844961
m 18 17
0 34 8
1 8 6
2 14 9
t 1404 10.077519379844961
m 18 16
0 34 7
1 7 6
2 15 9
t 1403 10.077519379844961
m 18 15
0 34 6
1 6 6
2 14 9
t 1402 10.077519379844961
m 18 14
0 34 5
1 5 6
2 13 9
t 1401 10.077519379844961
m 18 14
0 34 4
1 4 6
2 14 9
t 1400 10.077519379844961
m 18 13
0 34 5
1 3 6
2 13 9
t 1399 10.077519379844961
m 19 13
0 34 6
1 4 6
2 13 8
t 1398 10.077519379844961
m 18 13
0 34 7
1 5 6
2 13 9
t 1397 10.077519379844961
m 18 13
0 34 6
1 5 5
2 13 10
t 1396 10.077519379844961
m 18 13
0 34 7
1 5 4
2 13 9
t 1395 10.077519379844961
m 19 13
0 34 8
1 5 5
2 14 9
t 1394 10.077519379844961
m 20 13
0 33 8
1 5 6
2 15 9
t 1393 10.852713178294573
m 21 13
0 32 8
1 6 6
2 14 9
t 1392 10.852713178294573
m 20 13
0 33 8
1 5 6
2 13 9
t 1391 10.852713178294573
m 19 13
0 34 8
1 5 5
2 13 8
t 1390 10.852713178294573
m 18 13
0 33 8
1 5 6
2 13 7
t 1389 10.852713178294573
m 18 13
0 34 8
1 6 6
2 13 8
t 1388 10.852713178294573
m 18 14
0 33 8
1 7 6
2 13 7
t 1387 10.852713178294573
m 18 14
0 32 8
1 6 6
2 12 7
t 1386 10.852713178294573
m 18 13
0 33 8
1 7 6
2 11 7
t 1385 10.852713178294573
m 18 14
0 34 8
1 6 6
2 10 7
t 1384 10.852713178294573
m 18 14
0 33 8
1 5 6
2 11 7
t 1383 10.852713178294573
m 18 13
0 34 8
1 5 5
2 11 8
t 1382 10.852713178294573
m 19 13
0 34 7
1 5 6
2 11 9
t 1381 10.852713178294573
m 18 13
0 34 6
1 5 5
2 10 9
t 1380 10.852713178294573
m 18 14
0 34 5
1 5 4
2 9 9
t 1379 10.852713178294573
m 17 14
0 34 6
1 5 5
2 8 9
t 1378 10.852713178294573
m 18 14
0 34 7
1 5 6
2 7 9
t 1377 10.852713178294573
m 18 15
0 34 6
1 4 6
2 8 9
t 1376 10.852713178294573
m 19 15
0 34 7
1 3 6
2 7 9
t 1375 10.852713178294573
m 20 15
0 34 6
1 4 6
2 6 9
t 1374 10.852713178294573
m 21 15
0 34 5
1 3 6
2 7 9
t 1373 11.627906976744185
m 20 15
0 34 4
1 4 6
2 6 9
t 1372 11.627906976744185
m 19 15
0 34 3
1 5 6
2 6 8
t 1371 11.627906976744185
m 20 15
0 34 4
1 4 6
2 6 9
t 1370 11.627906976744185
m 21 15
0 34 5
1 5 6
2 7 9
t 1369 11.627906976744185
m 22 15
0 34 4
1 5 5
2 6 9
t 1368 11.627906976744185
m 22 15
0 34 5
1 5 4
2 7 9
t 1367 11.627906976744185
m 23 15
0 34 4
1 5 5
2 6 9
t 1366 11.627906976744185
m 23 15
0 34 5
1 5 6
2 6 10
t 1365 11.627906976744185
m 24 15
0 34 4
1 5 5
2 6 11
t 1364 12.4031007751938
m 24 15
0 34 3
1 5 4
2 5 11
t 1363 12.4031007751938
m 24 15
0 34 4
1 5 5
2 4 11
t 1362 12.4031007751938
m 24 15
0 34 5
1 5 6
2 3 11
t 1361 12.4031007751938
m 23 15
0 34 6
1 6 6
2 2 11
t 1360 12.4031007751938
m 23 15
0 34 5
1 5 6
2 3 11
t 1359 12.4031007751938
m 24 15
0 34 4
1 5 5
2 4 11
t 1358 12.4031007751938
m 25 15
0 34 3
1 5 4
2 5 11
t 1357 12.4031007751938
m 25 15
0 33 3
1 5 3
2 6 11
t 1356 12.4031007751938
m 25 15
0 32 3
1 6 3
2 7 11
t 1355 12.4031007751938
m 24 15
0 31 3
1 7 3
2 8 11
t 1354 12.4031007751938
m 24 15
0 32 3
1 6 3
2 9 11
t 1353 12.4031007751938
m 25 15
0 31 3
1 5 3
2 8 11
t 1352 12.4031007751938
m 25 15
0 32 3
1 5 4
2 7 11
t 1351 12.4031007751938
m 24 15
0 31 3
1 5 3
2 6 11
t 1350 12.4031007751938
m 24 15
0 32 3
1 5 4
2 6 10
t 1349 12.4031007751938
m 23 15
0 31 3
1 5 3
2 6 9
t 1348 12.4031007751938
m 22 15
0 32 3
1 5 4
2 6 8
t 1347 12.4031007751938
m 21 15
0 31 3
1 5 5
2 5 8
t 1346 12.4031007751938
m 22 15
0 32 3
1 5 4
2 6 8
t 1345 12.4031007751938
m 23 15
0 33 3
1 5 5
2 5 8
t 1344 12.4031007751938
m 23 15
0 34 3
1 5 4
2 6 8
t 1343 12.4031007751938
m 23 15
0 33 3
1 5 5
2 5 8
t 1342 12.4031007751938
m 22 15
0 32 3
1 5 6
2 4 8
t 1341 12.4031007751938
m 23 15
0 33 3
1 4 6
2 5 8
t 1340 12.4031007751938
m 23 15
0 34 3
1 5 6
2 6 8
t 1339 12.4031007751938
m 23 15
0 33 3
1 4 6
2 6 9
t 1338 12.4031007751938
m 22 15
0 34 3
1 3 6
2 6 8
t 1337 12.4031007751938
m 22 16
0 33 3
1 4 6
2 5 8
t 1336 12.4031007751938
m 22 16
0 34 3
1 5 6
2 6 8
t 1335 12.4031007751938
m 22 17
0 34 2
1 6 6
2 5 8
t 1334 13.178294573643411
m 22 17
0 34 3
1 5 6
2 6 8
t 1333 13.178294573643411
m 22 17
0 34 2
1 6 6
2 5 8
t 1332 13.178294573643411
m 21 17
0 34 1
1 5 6
2 6 8
t 1331 13.178294573643411
m 21 17
0 34 2
1 5 5
2 6 9
t 1330 13.178294573643411
m 20 17
0 34 3
1 5 4
2 6 10
t 1329 13.178294573643411
m 21 17
0 34 4
1 5 3
2 6 11
t 1328 13.178294573643411
m 21 17
0 34 5
1 5 4
2 6 10
t 1327 13.178294573643411
m 20 17
0 34 4
1 5 5
2 6 9
t 1326 13.178294573643411
m 19 17
0 34 5
1 5 4
2 6 10
t 1325 13.953488372093023
m 19 17
0 34 6
1 5 5
2 6 9
t 1324 13.953488372093023
m 19 17
0 34 7
1 5 4
2 6 10
t 1323 13.953488372093023
m 20 17
0 34 8
1 5 5
2 6 11
t 1322 13.953488372093023
m 20 17
0 33 8
1 5 6
2 6 10
t 1321 13.953488372093023
m 21 17
0 34 8
1 5 5
2 6 11
t 1320 13.953488372093023
m 21 17
0 34 7
1 5 6
2 6 10
t 1319 13.953488372093023
m 21 17
0 34 6
1 5 5
2 6 11
t 1318 13.953488372093023
m 21 17
0 34 5
1 5 6
2 6 10
t 1317 13.953488372093023
m 22 17
0 34 6
1 6 6
2 6 9
t 1316 13.953488372093023
m 22 17
0 34 7
1 5 6
2 7 9
t 1315 13.953488372093023
m 21 17
0 34 6
1 5 5
2 6 9
t 1314 13.953488372093023
m 20 17
0 34 5
1 5 6
2 6 10
t 1313 13.953488372093023
m 21 17
0 34 6
1 5 5
2 6 9
t 1312 13.953488372093023
m 22 17
0 34 7
1 5 6
2 7 9
t 1311 13.953488372093023
m 22 16
0 34 8
1 6 6
2 8 9
t 1310 13.953488372093023
m 22 15
0 34 7
1 7 6
2 9 9
t 1309 13.953488372093023
m 22 16
0 34 6
1 6 6
2 8 9
t 1308 13.953488372093023
m 22 15
0 34 7
1 5 6
2 7 9
t 1307 13.953488372093023
m 22 16
0 34 6
1 6 6
2 8 9
t 1306 13.953488372093023
m 22 15
0 34 7
1 5 6
2 7 9
t 1305 13.953488372093023
m 21 15
0 34 6
1 4 6
2 6 9
t 1304 13.953488372093023
m 21 15
0 34 5
1 5 6
2 6 10
t 1303 13.953488372093023
m 20 15
0 34 6
1 6 6
2 6 9
t 1302 13.953488372093023
m 20 15
0 34 5
1 5 6
2 7 9
t 1301 13.953488372093023
m 21 15
0 34 6
1 6 6
2 6 9
t 1300 13.953488372093023
m 21 15
0 34 5
1 7 6
2 6 10
t 1299 13.953488372093023
m 22 15
0 34 6
1 6 6
2 6 9
t 1298 13.953488372093023
m 23 15
0 34 7
1 5 6
2 6 8
t 1297 13.953488372093023
m 22 15
0 34 6
1 4 6
2 5 8
t 1296 13.953488372093023
m 22 15
0 34 7
1 5 6
2 4 8
t 1295 13.953488372093023
m 23 15
0 34 6
1 6 6
2 3 8
t 1294 13.953488372093023
m 23 15
0 34 7
1 5 6
2 3 7
t 1293 13.953488372093023
m 22 15
0 34 6
1 6 6
2 3 6
t 1292 13.953488372093023
m 21 15
0 34 7
1 7 6
2 3 7
t 1291 13.953488372093023
m 22 15
0 34 6
1 6 6
2 3 8
t 1290 13.953488372093023
m 23 15
0 34 5
1 5 6
2 3 7
t 1289 13.953488372093023
m 23 15
0 34 6
1 4 6
2 3 6
t 1288 13.953488372093023
m 23 15
0 34 7
1 5 6
2 3 7
t 1287 13.953488372093023
m 24 15
0 34 6
1 4 6
2 3 8
t 1286 13.953488372093023
m 25 15
0 34 5
1 3 6
2 2 8
t 1285 13.953488372093023
m 26 15
0 34 6
1 3 7
2 1 8
t 1284 13.953488372093023
m 27 15
0 34 7
1 3 6
2 0 8
t 1283 14.728682170542635
m 28 15
0 34 8
1 4 6
2 0 7
t 1282 14.728682170542635
m 29 15
0 34 7
1 3 6
2 0 8
t 1281 14.728682170542635
m 30 15
0 34 8
1 3 7
2 0 7
t 1280 15.503875968992247
m 31 15
0 34 7
1 3 8
2 0 6
t 1279 15.503875968992247
m 30 15
0 34 6
1 4 8
2 0 7
t 1278 15.503875968992247
m 29 15
0 34 5
1 5 8
2 0 6
t 1277 15.503875968992247
m 30 15
0 34 4
1 4 8
2 0 5
t 1276 15.503875968992247
m 31 15
0 34 5
1 3 8
2 0 4
t 1275 15.503875968992247
m 31 15
0 34 4
1 3 7
2 0 3
t 1274 15.503875968992247
m 31 15
0 34 5
1 3 6
2 0 4
t 1273 15.503875968992247
m 32 15
0 34 6
1 3 7
2 0 5
t 1272 15.503875968992247
m 32 16
0 34 5
1 3 8
2 0 4
t 1271 16.27906976744186
m 32 17
0 34 6
1 3 9
2 0 5
t 1270 16.27906976744186
m 31 17
0 34 5
1 3 8
2 0 4
t 1269 17.05426356589147
m 32 17
0 34 6
1 2 8
2 0 3
t 1268 17.05426356589147
m 31 17
0 34 5
1 1 8
2 0 4
t 1267 17.05426356589147
m 30 17
0 34 4
1 2 8
2 0 3
t 1266 17.05426356589147
m 31 17
0 34 3
1 1 8
2 0 4
t 1265 17.05426356589147
m 30 17
0 33 3
1 0 8
2 0 5
t 1264 17.05426356589147
m 31 17
0 34 3
1 1 8
2 0 6
t 1263 17.05426356589147
m 30 17
0 34 2
1 2 8
2 0 5
t 1262 17.05426356589147
m 31 17
0 34 1
1 3 8
2 0 4
t 1261 17.05426356589147
m 32 17
0 34 2
1 3 9
2 0 5
t 1260 17.05426356589147
m 32 17
0 34 3
1 3 8
2 0 6
t 1259 17.05426356589147
m 31 17
0 34 4
1 4 8
2 0 7
t 1258 17.05426356589147
m 30 17
0 34 3
1 3 8
2 0 6
t 1257 17.05426356589147
m 29 17
0 33 3
1 2 8
2 0 5
t 1256 17.05426356589147
m 28 17
0 34 3
1 3 8
2 0 4
t 1255 17.829457364341085
m 29 17
0 34 2
1 4 8
2 0 5
t 1254 17.829457364341085
m 30 17
0 34 1
1 3 8
2 0 6
t 1253 17.829457364341085
m 30 17
0 34 2
1 3 7
2 0 5
t 1252 17.829457364341085
m 30 17
0 34 1
1 3 6
2 0 4
t 1251 17.829457364341085
m 31 17
0 34 2
1 3 7
2 0 3
t 1250 17.829457364341085
m 30 17
0 34 3
1 3 8
2 0 2
t 1249 17.829457364341085
m 29 17
0 34 2
1 3 9
2 0 3
t 1248 17.829457364341085
m 30 17
0 34 1
1 3 8
2 0 2
t 1247 17.829457364341085
m 31 17
0 34 0
1 4 8
2 0 1
t 1246 17.829457364341085
m 30 17
0 33 0
1 3 8
2 0 2
t 1245 17.829457364341085
m 30 17
0 34 0
1 2 8
2 0 1
t 1244 17.829457364341085
m 29 17
0 34 1
1 1 8
2 0 2
t 1243 17.829457364341085
m 30 17
0 34 0
1 0 8
2 0 3
t 1242 17.829457364341085
m 30 17
0 33 0
1 1 8
2 1 3
t 1241 17.829457364341085
m 30 17
0 34 0
1 0 8
2 2 3
t 1240 17.829457364341085
m 30 17
0 33 0
1 1 8
2 1 3
t 1239 17.829457364341085
m 29 17
0 34 0
1 0 8
2 2 3
t 1238 17.829457364341085
m 30 17
0 34 1
1 0 7
2 1 3
t 1237 17.829457364341085
m 30 17
0 34 2
1 0 6
2 2 3
t 1236 17.829457364341085
m 31 17
0 34 3
1 0 5
2 3 3
t 1235 17.829457364341085
m 30 17
0 34 2
1 0 6
2 2 3
t 1234 17.829457364341085
m 31 17
0 34 1
1 0 7
2 3 3
t 1233 17.829457364341085
m 31 17
0 34 0
1 0 8
2 2 3
t 1232 17.829457364341085
m 31 17
0 33 0
1 1 8
2 3 3
t 1231 17.829457364341085
m 31 17
0 32 0
1 2 8
2 2 3
t 1230 17.829457364341085
m 30 17
0 31 0
1 3 8
2 1 3
t 1229 17.829457364341085
m 29 17
0 32 0
1 4 8
2 0 3
t 1228 17.829457364341085
m 29 17
0 31 0
1 5 8
2 0 2
t 1227 17.829457364341085
m 29 17
0 30 0
1 6 8
2 0 1
t 1226 17.829457364341085
m 28 17
0 29 0
1 5 8
2 0 0
t 1225 17.829457364341085
m 28 17
0 28 0
1 4 8
2 0 1
t 1224 17.829457364341085
m 27 17
0 27 0
1 3 8
2 0 0
t 1223 17.829457364341085
m 28 17
0 27 1
1 2 8
2 1 0
t 1222 17.829457364341085
m 29 17
0 27 0
1 3 8
2 2 0
t 1221 17.829457364341085
m 28 17
0 26 0
1 4 8
2 1 0
t 1220 17.829457364341085
m 27 17
0 27 0
1 3 8
2 0 0
t 1219 17.829457364341085
m 28 17
0 27 1
1 2 8
2 1 0
t 1218 17.829457364341085
m 28 17
0 27 2
1 1 8
2 0 0
t 1217 17.829457364341085
m 27 17
0 27 3
1 2 8
2 0 1
t 1216 17.829457364341085
m 28 17
0 27 2
1 3 8
2 0 2
t 1215 17.829457364341085
m 29 17
0 27 3
1 4 8
2 0 3
t 1214 17.829457364341085
m 29 17
0 28 3
1 3 8
2 1 3
t 1213 17.829457364341085
m 28 17
0 29 3
1 3 7
2 2 3
t 1212 17.829457364341085
m 28 17
0 30 3
1 3 8
2 3 3
t 1211 17.829457364341085
m 28 17
0 31 3
1 4 8
2 4 3
t 1210 17.829457364341085
m 27 17
0 32 3
1 3 8
2 5 3
t 1209 17.829457364341085
m 27 17
0 33 3
1 3 7
2 6 3
t 1208 17.829457364341085
m 27 18
0 32 3
1 3 8
2 5 3
t 1207 18.6046511627907
m 27 17
0 31 3
1 3 7
2 4 3
t 1206 18.6046511627907
m 26 17
0 32 3
1 3 8
2 5 3
t 1205 18.6046511627907
m 27 17
0 33 3
1 4 8
2 5 4
t 1204 18.6046511627907
m 28 17
0 32 3
1 5 8
2 5 3
t 1203 18.6046511627907
m 28 17
0 31 3
1 4 8
2 5 4
t 1202 18.6046511627907
m 29 17
0 32 3
1 3 8
2 5 5
t 1201 18.6046511627907
m 29 17
0 33 3
1 3 7
2 5 6
t 1200 18.6046511627907
m 30 17
0 32 3
1 3 8
2 6 6
t 1199 18.6046511627907
m 29 17
0 31 3
1 2 8
2 5 6
t 1198 18.6046511627907
m 28 17
0 32 3
1 3 8
2 6 6
t 1197 18.6046511627907
m 27 17
0 31 3
1 2 8
2 5 6
t 1196 18.6046511627907
m 28 17
0 32 3
1 1 8
2 5 5
t 1195 18.6046511627907
m 27 17
0 33 3
1 0 8
2 5 6
t 1194 18.6046511627907
m 28 17
0 32 3
1 0 7
2 6 6
t 1193 18.6046511627907
m 27 17
0 31 3
1 0 6
2 5 6
t 1192 18.6046511627907
m 27 17
0 32 3
1 0 7
2 6 6
t 1191 18.6046511627907
m 26 17
0 33 3
1 0 8
2 5 6
t 1190 18.6046511627907
m 27 17
0 32 3
1 0 7
2 4 6
t 1189 18.6046511627907
m 27 17
0 31 3
1 0 6
2 5 6
t 1188 18.6046511627907
m 26 17
0 30 3
1 0 5
2 4 6
t 1187 18.6046511627907
m 25 17
0 29 3
1 0 4
2 5 6
t 1186 19.37984496124031
m 25 17
0 28 3
1 0 5
2 6 6
t 1185 19.37984496124031
m 25 17
0 27 3
1 0 6
2 5 6
t 1184 19.37984496124031
m 24 17
0 27 2
1 0 7
2 6 6
t 1183 19.37984496124031
m 25 17
0 27 3
1 0 6
2 5 6
t 1182 19.37984496124031
m 26 17
0 26 3
1 0 5
2 6 6
t 1181 19.37984496124031
m 25 17
0 25 3
1 0 4
2 5 6
t 1180 19.37984496124031
m 25 17
0 25 4
1 0 3
2 5 5
t 1179 19.37984496124031
m 25 17
0 25 3
1 0 2
2 5 4
t 1178 19.37984496124031
m 24 17
0 25 4
1 0 1
2 5 5
t 1177 19.37984496124031
m 24 17
0 25 5
1 0 0
2 5 6
t 1176 19.37984496124031
m 23 17
0 25 6
1 0 1
2 5 5
t 1175 19.37984496124031
m 24 17
0 25 5
1 0 0
2 5 4
t 1174 19.37984496124031
m 24 17
0 25 4
1 1 0
2 5 3
t 1173 19.37984496124031
m 24 17
0 25 3
1 2 0
2 5 4
t 1172 19.37984496124031
m 23 17
0 26 3
1 1 0
2 5 5
t 1171 19.37984496124031
m 23 17
0 25 3
1 0 0
2 5 4
t 1170 19.37984496124031
m 24 17
0 25 4
1 0 1
2 5 3
t 1169 19.37984496124031
m 24 17
0 25 3
1 0 0
2 4 3
t 1168 19.37984496124031
m 23 17
0 26 3
1 0 1
2 3 3
t 1167 19.37984496124031
m 23 17
0 27 3
1 0 2
2 4 3
t 1166 19.37984496124031
m 23 17
0 27 2
1 0 1
2 3 3
t 1165 19.37984496124031
m 22 17
0 27 3
1 0 2
2 2 3
t 1164 19.37984496124031
m 22 16
0 27 2
1 0 1
2 3 3
t 1163 19.37984496124031
m 22 17
0 27 1
1 0 2
2 2 3
t 1162 19.37984496124031
m 22 16
0 27 2
1 0 3
2 3 3
t 1161 19.37984496124031
m 22 15
0 27 1
1 0 2
2 4 3
t 1160 19.37984496124031
m 23 15
0 27 2
1 0 3
2 5 3
t 1159 19.37984496124031
m 24 15
0 27 1
1 1 3
2 4 3
t 1158 19.37984496124031
m 23 15
0 27 0
1 2 3
2 3 3
t 1157 19.37984496124031
m 24 15
0 26 0
1 3 3
2 4 3
t 1156 19.37984496124031
m 24 15
0 27 0
1 2 3
2 3 3
t 1155 19.37984496124031
m 25 15
0 27 1
1 1 3
2 2 3
t 1154 19.37984496124031
m 24 15
0 27 0
1 0 3
2 1 3
t 1153 19.37984496124031
m 25 15
0 28 0
1 1 3
2 0 3
t 1152 19.37984496124031
m 25 15
0 29 0
1 0 3
2 0 4
t 1151 19.37984496124031
m 24 15
0 28 0
1 0 4
2 0 3
t 1150 19.37984496124031
m 23 15
0 27 0
1 0 3
2 0 2
t 1149 19.37984496124031
m 22 15
0 26 0
1 0 2
2 0 3
t 1148 19.37984496124031
m 22 15
0 25 0
1 0 3
2 1 3
t 1147 19.37984496124031
m 22 16
0 24 0
1 0 4
2 0 3
t 1146 19.37984496124031
m 22 16
0 25 0
1 0 5
2 0 4
t 1145 19.37984496124031
m 22 17
0 26 0
1 0 6
2 0 3
t 1144 19.37984496124031
m 21 17
0 27 0
1 0 7
2 1 3
t 1143 19.37984496124031
m 22 17
0 27 1
1 0 8
2 0 3
t 1142 19.37984496124031
m 21 17
0 27 0
1 0 7
2 1 3
t 1141 19.37984496124031
m 21 17
0 26 0
1 0 8
2 2 3
t 1140 19.37984496124031
m 22 17
0 27 0
1 0 7
2 3 3
t 1139 19.37984496124031
m 22 16
0 26 0
1 0 8
2 4 3
t 1138 19.37984496124031
m 22 16
0 25 0
1 0 7
2 3 3
t 1137 19.37984496124031
m 22 16
0 26 0
1 0 6
2 2 3
t 1136 19.37984496124031
m 22 17
0 27 0
1 0 7
2 1 3
t 1135 19.37984496124031
m 23 17
0 27 1
1 0 6
2 0 3
t 1134 19.37984496124031
m 23 17
0 27 0
1 0 5
2 0 2
t 1133 19.37984496124031
m 22 17
0 26 0
1 0 6
2 0 3
t 1132 19.37984496124031
m 22 17
0 25 0
1 0 5
2 0 2
t 1131 19.37984496124031
m 21 17
0 26 0
1 0 4
2 0 3
t 1130 19.37984496124031
m 21 17
0 27 0
1 0 3
2 1 3
t 1129 19.37984496124031
m 21 17
0 27 1
1 0 2
2 0 3
t 1128 19.37984496124031
m 20 17
0 27 0
1 0 3
2 0 4
t 1127 19.37984496124031
m 21 17
0 27 1
1 0 4
2 0 5
t 1126 19.37984496124031
m 22 17
0 27 2
1 0 3
2 0 4
t 1125 19.37984496124031
m 21 17
0 27 1
1 1 3
2 0 3
t 1124 19.37984496124031
m 22 17
0 27 0
1 0 3
2 0 2
t 1123 19.37984496124031
m 22 17
0 26 0
1 0 2
2 0 1
t 1122 19.37984496124031
m 21 17
0 27 0
1 0 3
2 0 2
t 1121 19.37984496124031
m 20 17
0 26 0
1 0 2
2 0 1
t 1120 19.37984496124031
m 21 17
0 25 0
1 0 1
2 0 0
t 1119 19.37984496124031
m 21 17
0 26 0
1 0 2
2 1 0
t 1118 19.37984496124031
m 21 17
0 25 0
1 0 1
2 0 0
t 1117 19.37984496124031
m 21 17
0 24 0
1 0 2
2 0 1
t 1116 19.37984496124031
m 20 17
0 25 0
1 0 3
2 0 2
t 1115 19.37984496124031
m 21 17
0 24 0
1 0 2
2 0 3
t 1114 19.37984496124031
m 20 17
0 23 0
1 0 1
2 0 4
t 1113 19.37984496124031
m 19 17
0 22 0
1 0 0
2 0 5
t 1112 19.37984496124031
m 20 17
0 23 0
1 1 0
2 0 6
t 1111 19.37984496124031
m 20 17
0 24 0
1 0 0
2 0 5
t 1110 19.37984496124031
m 21 17
0 23 0
1 1 0
2 0 4
t 1109 19.37984496124031
m 22 17
0 24 0
1 2 0
2 0 5
t 1108 19.37984496124031
m 23 17
0 25 0
1 1 0
2 0 4
t 1107 19.37984496124031
m 24 17
0 26 0
1 0 0
2 0 3
t 1106 19.37984496124031
m 24 17
0 25 0
1 0 1
2 1 3
t 1105 19.37984496124031
m 25 17
0 24 0
1 0 0
2 0 3
t 1104 19.37984496124031
m 24 17
0 25 0
1 1 0
2 0 2
t 1103 19.37984496124031
m 23 17
0 26 0
1 0 0
2 0 3
t 1102 19.37984496124031
m 24 17
0 27 0
1 0 1
2 0 2
t 1101 19.37984496124031
m 25 17
0 28 0
1 0 2
2 0 1
t 1100 19.37984496124031
m 25 17
0 29 0
1 0 3
2 0 2
t 1099 19.37984496124031
m 26 17
0 28 0
1 0 4
2 0 1
t 1098 19.37984496124031
m 25 17
0 29 0
1 0 3
2 0 0
t 1097 19.37984496124031
m 24 17
0 30 0
1 1 3
2 1 0
t 1096 19.37984496124031
m 24 17
0 29 0
1 2 3
2 0 0
t 1095 19.37984496124031
m 23 17
0 28 0
1 3 3
2 1 0
t 1094 19.37984496124031
m 22 17
0 29 0
1 4 3
2 0 0
t 1093 19.37984496124031
m 23 17
0 28 0
1 3 3
2 0 1
t 1092 19.37984496124031
m 24 17
0 27 0
1 4 3
2 0 0
t 1091 19.37984496124031
m 25 17
0 28 0
1 3 3
2 0 1
t 1090 19.37984496124031
m 26 17
0 29 0
1 4 3
2 0 0
t 1089 19.37984496124031
m 26 17
0 28 0
1 5 3
2 1 0
t 1088 19.37984496124031
m 25 17
0 29 0
1 5 4
2 2 0
t 1087 19.37984496124031
m 25 17
0 28 0
1 5 3
2 1 0
t 1086 19.37984496124031
m 26 17
0 29 0
1 6 3
2 0 0
t 1085 19.37984496124031
m 25 17
0 30 0
1 7 3
2 1 0
t 1084 19.37984496124031
m 24 17
0 31 0
1 8 3
2 0 0
t 1083 19.37984496124031
m 24 17
0 32 0
1 7 3
2 1 0
t 1082 19.37984496124031
m 25 17
0 31 0
1 7 2
2 0 0
t 1081 19.37984496124031
m 25 17
0 30 0
1 7 1
2 1 0
t 1080 19.37984496124031
m 25 17
0 29 0
1 7 0
2 2 0
t 1079 19.37984496124031
m 26 17
0 28 0
1 7 1
2 3 0
t 1078 19.37984496124031
m 27 17
0 27 0
1 7 2
2 4 0
t 1077 19.37984496124031
m 27 17
0 27 1
1 7 1
2 3 0
t 1076 19.37984496124031
m 28 17
0 27 2
1 7 2
2 2 0
t 1075 19.37984496124031
m 27 17
0 27 3
1 7 1
2 3 0
t 1074 19.37984496124031
m 27 18
0 26 3
1 7 2
2 4 0
t 1073 19.37984496124031
m 27 17
0 27 3
1 7 1
2 5 0
t 1072 19.37984496124031
m 28 17
0 28 3
1 7 0
2 4 0
t 1071 19.37984496124031
m 27 17
0 29 3
1 7 1
2 3 0
t 1070 19.37984496124031
m 28 17
0 30 3
1 7 0
2 2 0
t 1069 19.37984496124031
m 28 17
0 31 3
1 8 0
2 3 0
t 1068 19.37984496124031
m 29 17
0 32 3
1 7 0
2 2 0
t 1067 19.37984496124031
m 29 17
0 33 3
1 8 0
2 1 0
t 1066 19.37984496124031
m 30 17
0 34 3
1 7 0
2 0 0
t 1065 19.37984496124031
m 31 17
0 33 3
1 6 0
2 0 1
t 1064 19.37984496124031
m 31 17
0 32 3
1 5 0
2 0 0
t 1063 19.37984496124031
m 32 17
0 31 3
1 4 0
2 0 1
t 1062 19.37984496124031
m 32 16
0 30 3
1 5 0
2 0 0
t 1061 19.37984496124031
m 32 17
0 31 3
1 4 0
2 0 1
t 1060 19.37984496124031
m 32 16
0 32 3
1 5 0
2 0 2
t 1059 19.37984496124031
m 32 17
0 31 3
1 4 0
2 0 1
t 1058 19.37984496124031
m 31 17
0 30 3
1 3 0
2 0 2
t 1057 19.37984496124031
m 30 17
0 31 3
1 2 0
2 0 3
t 1056 19.37984496124031
m 30 17
0 32 3
1 1 0
2 1 3
t 1055 19.37984496124031
m 29 17
0 31 3
1 2 0
2 2 3
t 1054 19.37984496124031
m 28 17
0 32 3
1 1 0
2 3 3
t 1053 19.37984496124031
m 29 17
0 33 3
1 2 0
2 4 3
t 1052 19.37984496124031
m 30 17
0 34 3
1 3 0
2 3 3
t 1051 19.37984496124031
m 31 17
0 33 3
1 2 0
2 2 3
t 1050 19.37984496124031
m 31 17
0 32 3
1 3 0
2 3 3
t 1049 19.37984496124031
m 31 17
0 31 3
1 4 0
2 2 3
t 1048 19.37984496124031
m 31 17
0 32 3
1 3 0
2 3 3
t 1047 19.37984496124031
m 30 17
0 33 3
1 2 0
2 2 3
t 1046 19.37984496124031
m 29 17
0 32 3
1 1 0
2 3 3
t 1045 19.37984496124031
m 28 17
0 31 3
1 2 0
2 4 3
t 1044 19.37984496124031
m 28 17
0 30 3
1 1 0
2 5 3
t 1043 19.37984496124031
m 28 17
0 31 3
1 2 0
2 5 4
t 1042 19.37984496124031
m 29 17
0 30 3
1 1 0
2 5 3
t 1041 19.37984496124031
m 28 17
0 29 3
1 0 0
2 6 3
t 1040 19.37984496124031
m 27 17
0 30 3
1 1 0
2 7 3
t 1039 19.37984496124031
m 28 17
0 29 3
1 0 0
2 8 3
t 1038 19.37984496124031
m 29 17
0 30 3
1 1 0
2 9 3
t 1037 19.37984496124031
m 29 17
0 29 3
1 2 0
2 8 3
t 1036 19.37984496124031
m 28 17
0 29 4
1 1 0
2 7 3
t 1035 19.37984496124031
m 27 17
0 29 5
1 0 0
2 8 3
t 1034 19.37984496124031
m 27 17
0 29 4
1 0 1
2 9 3
t 1033 19.37984496124031
m 28 17
0 29 5
1 0 2
2 8 3
t 1032 19.37984496124031
m 28 17
0 29 6
1 0 1
2 7 3
t 1031 19.37984496124031
m 28 17
0 30 6
1 0 2
2 6 3
t 1030 19.37984496124031
m 29 17
0 29 6
1 0 1
2 5 3
t 1029 19.37984496124031
m 30 17
0 29 5
1 0 2
2 5 4
t 1028 19.37984496124031
m 30 17
0 29 6
1 0 3
2 5 5
t 1027 19.37984496124031
m 31 17
0 30 6
1 0 2
2 5 6
t 1026 19.37984496124031
m 31 17
0 31 6
1 0 1
2 6 6
t 1025 19.37984496124031
m 30 17
0 31 7
1 0 0
2 7 6
t 1024 19.37984496124031
m 29 17
0 31 8
1 0 1
2 6 6
t 1023 19.37984496124031
m 28 17
0 32 8
1 0 0
2 5 6
t 1022 19.37984496124031
m 29 17
0 33 8
1 0 1
2 6 6
t 1021 19.37984496124031
m 30 17
0 34 8
1 0 2
2 7 6
t 1020 19.37984496124031
m 31 17
0 33 8
1 0 3
2 8 6
t 1019 19.37984496124031
m 32 17
0 34 8
1 0 4
2 7 6
t 1018 19.37984496124031
m 32 16
0 33 8
1 0 3
2 8 6
t 1017 19.37984496124031
m 32 17
0 32 8
1 1 3
2 9 6
t 1016 19.37984496124031
m 31 17
0 31 8
1 2 3
2 9 7
t 1015 19.37984496124031
m 32 17
0 31 9
1 3 3
2 10 7
t 1014 19.37984496124031
m 31 17
0 31 10
1 4 3
2 11 7
t 1013 19.37984496124031
m 32 17
0 31 11
1 3 3
2 12 7
t 1012 19.37984496124031
m 31 17
0 31 10
1 4 3
2 11 7
t 1011 19.37984496124031
m 32 17
0 31 11
1 5 3
2 10 7
t 1010 19.37984496124031
m 32 17
0 30 11
1 4 3
2 9 7
t 1009 19.37984496124031
m 32 16
0 31 11
1 3 3
2 10 7
t 1008 19.37984496124031
m 32 15
0 30 11
1 4 3
2 9 7
t 1007 19.37984496124031
m 32 15
0 31 11
1 3 3
2 10 7
t 1006 19.37984496124031
m 32 14
0 31 10
1 4 3
2 9 7
t 1005 19.37984496124031
m 32 13
0 31 11
1 5 3
2 10 7
t 1004 20.155038759689923
m 32 12
0 31 10
1 5 4
2 11 7
t 1003 20.155038759689923
m 32 11
0 31 9
1 5 3
2 10 7
t 1002 20.155038759689923
m 31 11
0 31 8
1 5 4
2 9 7
t 1001 20.930232558139537
m 30 11
0 31 7
1 5 5
2 9 6
t 1000 20.930232558139537
m 31 11
0 31 8
1 5 6
2 8 6
t 999 20.930232558139537
m 30 11
0 31 7
1 4 6
2 7 6
t 998 20.930232558139537
m 30 11
0 31 6
1 5 6
2 8 6
t 997 20.930232558139537
m 29 11
0 30 6
1 6 6
2 9 6
t 996 20.930232558139537
m 30 11
0 31 6
1 7 6
2 9 7
t 995 20.930232558139537
m 29 11
0 30 6
1 6 6
2 9 6
t 994 20.930232558139537
m 29 11
0 29 6
1 5 6
2 9 7
t 993 20.930232558139537
m 30 11
0 29 5
1 6 6
2 10 7
t 992 20.930232558139537
m 29 11
0 29 6
1 7 6
2 11 7
t 991 20.930232558139537
m 29 11
0 29 5
1 6 6
2 10 7
t 990 20.930232558139537
m 29 11
0 29 6
1 7 6
2 9 7
t 989 20.930232558139537
m 30 11
0 28 6
1 8 6
2 9 6
t 988 20.930232558139537
m 29 11
0 27 6
1 7 6
2 9 5
t 987 20.930232558139537
m 30 11
0 26 6
1 6 6
2 10 5
t 986 20.930232558139537
m 31 11
0 27 6
1 5 6
2 11 5
t 985 20.930232558139537
m 30 11
0 28 6
1 6 6
2 10 5
t 984 20.930232558139537
m 31 11
0 27 6
1 5 6
2 11 5
t 983 20.930232558139537
m 30 11
0 28 6
1 5 5
2 12 5
t 982 20.930232558139537
m 30 11
0 29 6
1 5 6
2 11 5
t 981 20.930232558139537
m 30 11
0 28 6
1 6 6
2 10 5
t 980 20.930232558139537
m 29 11
0 27 6
1 7 6
2 9 5
t 979 20.930232558139537
m 28 11
0 28 6
1 8 6
2 9 6
t 978 21.705426356589147
m 28 11
0 27 6
1 9 6
2 9 7
t 977 21.705426356589147
m 28 11
0 26 6
1 9 7
2 10 7
t 976 21.705426356589147
m 27 11
0 25 6
1 9 6
2 11 7
t 975 21.705426356589147
m 28 11
0 26 6
1 9 7
2 10 7
t 974 21.705426356589147
m 29 11
0 27 6
1 9 6
2 11 7
t 973 21.705426356589147
m 30 11
0 28 6
1 9 7
2 12 7
t 972 21.705426356589147
m 31 11
0 29 6
1 9 6
2 11 7
t 971 21.705426356589147
m 30 11
0 28 6
1 9 5
2 12 7
t 970 21.705426356589147
m 30 11
0 27 6
1 10 5
2 11 7
t 969 21.705426356589147
m 29 11
0 26 6
1 9 5
2 11 8
t 968 21.705426356589147
m 30 11
0 25 6
1 9 4
2 11 7
t 967 21.705426356589147
m 30 11
0 25 5
1 9 5
2 11 8
t 966 21.705426356589147
m 30 11
0 25 4
1 9 6
2 11 9
t 965 21.705426356589147
m 29 11
0 25 5
1 8 6
2 11 10
t 964 21.705426356589147
m 28 11
0 24 5
1 7 6
2 11 11
t 963 21.705426356589147
m 28 11
0 25 5
1 8 6
2 11 12
t 962 21.705426356589147
m 28 11
0 24 5
1 9 6
2 11 11
t 961 21.705426356589147
m 28 11
0 23 5
1 9 7
2 11 10
t 960 21.705426356589147
m 27 11
0 24 5
1 10 7
2 11 9
t 959 21.705426356589147
m 27 11
0 25 5
1 9 7
2 11 10
t 958 21.705426356589147
m 27 11
0 25 6
1 10 7
2 11 9
t 957 21.705426356589147
m 27 11
0 26 6
1 11 7
2 11 10
t 956 21.705426356589147
m 27 11
0 25 6
1 12 7
2 11 9
t 955 21.705426356589147
m 26 11
0 26 6
1 13 7
2 10 9
t 954 21.705426356589147
m 26 11
0 25 6
1 14 7
2 9 9
t 953 21.705426356589147
m 25 11
0 25 5
1 13 7
2 8 9
t 952 22.48062015503876
m 24 11
0 25 6
1 13 8
2 9 9
t 951 22.48062015503876
m 24 11
0 25 5
1 13 9
2 10 9
t 950 22.48062015503876
m 24 11
0 25 6
1 13 10
2 11 9
t 949 22.48062015503876
m 24 11
0 26 6
1 13 9
2 11 10
t 948 22.48062015503876
m 25 11
0 27 6
1 13 8
2 11 11
t 947 22.48062015503876
m 25 11
0 26 6
1 13 9
2 11 12
t 946 22.48062015503876
m 26 11
0 25 6
1 13 8
2 11 13
t 945 22.48062015503876
m 25 11
0 25 5
1 13 9
2 10 13
t 944 22.48062015503876
m 25 11
0 25 6
1 13 10
2 9 13
t 943 22.48062015503876
m 24 11
0 25 5
1 13 9
2 10 13
t 942 22.48062015503876
m 24 11
0 24 5
1 13 8
2 11 13
t 941 22.48062015503876
m 24 11
0 23 5
1 13 9
2 10 13
t 940 22.48062015503876
m 24 11
0 22 5
1 14 9
2 9 13
t 939 22.48062015503876
m 23 11
0 21 5
1 13 9
2 10 13
t 938 22.48062015503876
m 23 10
0 21 4
1 13 10
2 11 13
t 937 23.25581395348837
m 23 9
0 20 4
1 13 9
2 10 13
t 936 23.25581395348837
m 23 9
0 21 4
1 13 10
2 11 13
t 935 23.25581395348837
m 23 10
0 20 4
1 13 9
2 11 12
t 934 23.25581395348837
m 23 10
0 19 4
1 13 10
2 11 11
t 933 23.25581395348837
m 23 10
0 18 4
1 13 11
2 10 11
t 932 23.25581395348837
m 23 10
0 19 4
1 13 10
2 9 11
t 931 23.25581395348837
m 23 11
0 20 4
1 13 11
2 8 11
t 930 23.25581395348837
m 23 11
0 19 4
1 14 11
2 7 11
t 929 23.25581395348837
m 23 12
0 20 4
1 15 11
2 8 11
t 928 23.25581395348837
m 23 12
0 19 4
1 16 11
2 7 11
t 927 23.25581395348837
m 23 13
0 20 4
1 17 11
2 6 11
t 926 24.031007751937985
m 22 13
0 21 4
1 18 11
2 5 11
t 925 24.031007751937985
m 21 13
0 21 5
1 19 11
2 4 11
t 924 24.031007751937985
m 21 12
0 22 5
1 20 11
2 5 11
t 923 24.8062015503876
m 21 12
0 23 5
1 19 11
2 6 11
t 922 24.8062015503876
m 21 12
0 24 5
1 18 11
2 7 11
t 921 24.8062015503876
m 21 11
0 23 5
1 19 11
2 6 11
t 920 24.8062015503876
0 24 5
1 20 11
2 5 11
t 919 -27.708084163898114
