173
[(105, 9, 2), (109, 25, 2), (95, 38, 1), (100, 9, 0), (98, 27, 3), (88, 1, 1), (105, 26, 1), (121, 23, 0), (96, 13, 3), (121, 13, 2), (94, 25, 1), (85, 28, 0), (97, 17, 1), (121, 26, 3), (103, 34, 3), (88, 37, 3), (105, 36, 1), (96, 0, 3), (110, 0, 3), (89, 37, 1)]
600 40.0                     -38.893 -50 -50 0.0
1100 58.6 -18.050666666666665                         -50 -50 0.0
1600 60.4 -3.1843333333333326                         -50 -50 0.0
2100 66.2 7.795333333333334                         37 -49.855 0.0016666666666666668
2600 66.2 17.929666666666666                         37 -49.74 0.0033333333333333335
3100 66.2 26.891666666666666                         37 -49.62 0.005
3600 70.2 34.276                         37 -49.735 0.0033333333333333335
4100 83.2 40.82966666666667                         59 -49.52166666666667 0.005
4600 93.6 47.403666666666666                         74 -49.275 0.006666666666666667
5100 97.0 53.047666666666665                         74 -49.24666666666667 0.006666666666666667
5600 100.0 58.42666666666667                         74 -49.06333333333333 0.008333333333333333
6100 101.6 62.819                         83 -48.84166666666667 0.01
6600 101.6 66.79566666666666                         83 -49.18333333333333 0.006666666666666667
7100 101.6 70.66066666666667                         83 -49.175 0.006666666666666667
7600 101.6 73.34666666666666                         83 -48.78 0.01
8100 115.4 77.05033333333333                         83 -48.765 0.01
8600 115.4 80.23333333333333                         83 -49.365 0.005
9100 115.4 83.17933333333333                         83 -49.35333333333333 0.005
9600 115.4 85.696                         83 -49.56 0.0033333333333333335
10100 115.4 88.306                         83 -49.56 0.0033333333333333335
10600 115.8 91.018                         -50 -50 0.0
11100 115.8 92.98466666666667                         -50 -50 0.0
11600 115.8 95.477                         95 -49.52166666666667 0.0033333333333333335
12100 115.8 97.83533333333334                         -50 -50 0.0
12600 125.8 100.17766666666667                         -50 -50 0.0
13100 131.0 102.124                         -50 -50 0.0
13600 131.0 104.03833333333333                         103 -49.745 0.0016666666666666668
14100 131.0 105.739                         106 -49.22833333333333 0.005
14600 131.0 107.647                         106 -49.483333333333334 0.0033333333333333335
15100 131.0 109.316                         106 -49.483333333333334 0.0033333333333333335
15600 131.0 110.89233333333334                         106 -49.74 0.0016666666666666668
16100 131.0 112.446                         117 -49.461666666666666 0.0033333333333333335
16600 141.4 114.28166666666667                         121 -49.43666666666667 0.0033333333333333335
17100 137.8 115.43933333333334                         121 -49.43666666666667 0.0033333333333333335
17600 137.8 116.993                         121 -49.43666666666667 0.0033333333333333335
18100 136.2 118.50433333333334                         128 -49.41833333333334 0.0033333333333333335
18600 144.0 119.85766666666666                         128 -49.41833333333334 0.0033333333333333335
19100 144.0 121.13366666666667                         128 -49.123333333333335 0.005
19600 144.0 122.21433333333333                         128 -49.40833333333333 0.0033333333333333335
20100 144.0 123.47833333333334                         128 -49.40833333333333 0.0033333333333333335
20600 144.0 124.552                         128 -49.12 0.005
21100 144.0 125.747                         128 -49.12 0.005
21600 144.0 126.77266666666667                         128 -49.40833333333333 0.0033333333333333335
22100 147.8 127.86766666666666                         128 -49.40833333333333 0.0033333333333333335
22600 153.4 128.88366666666667                         128 -49.40833333333333 0.0033333333333333335
23100 153.4 129.85433333333333                         127 -49.705 0.0016666666666666668
23600 153.4 130.977                         127 -49.705 0.0016666666666666668
24100 153.4 131.84566666666666                         -50 -50 0.0
24600 153.4 132.87333333333333                         147 -49.67166666666667 0.0016666666666666668
25100 153.4 133.57633333333334                         147 -49.67166666666667 0.0016666666666666668
25600 153.4 134.455                         147 -49.67166666666667 0.0016666666666666668
26100 153.4 135.22                         147 -49.67166666666667 0.0016666666666666668
26600 153.4 135.97633333333334                         147 -49.67166666666667 0.0016666666666666668
27100 153.4 136.82933333333332                         147 -49.67166666666667 0.0016666666666666668
27600 153.4 137.48433333333332                         147 -49.67166666666667 0.0016666666666666668
28100 153.4 138.133                         147 -49.67166666666667 0.0016666666666666668
28600 153.4 138.73133333333334                         147 -49.67166666666667 0.0016666666666666668
29100 153.4 139.46333333333334                         147 -49.67166666666667 0.0016666666666666668
29600 153.4 140.121                         147 -49.67166666666667 0.0016666666666666668
30100 160.8 140.57266666666666                         147 -49.67166666666667 0.0016666666666666668
30600 160.8 141.18733333333333                         147 -49.67166666666667 0.0016666666666666668
31100 160.8 141.63633333333334                         147 -49.67166666666667 0.0016666666666666668
31600 160.8 142.34166666666667                         147 -49.67166666666667 0.0016666666666666668
32100 160.8 142.91333333333333                         147 -49.67166666666667 0.0016666666666666668
32600 160.8 143.47766666666666                         147 -49.348333333333336 0.0033333333333333335
33100 160.8 143.92566666666667                         147 -49.348333333333336 0.0033333333333333335
33600 160.8 144.55666666666667                         147 -49.348333333333336 0.0033333333333333335
34100 160.8 145.31833333333333                         147 -49.02166666666667 0.005
34600 160.8 145.599                         147 -49.02166666666667 0.005
35100 160.8 146.15433333333334                         147 -49.348333333333336 0.0033333333333333335
35600 160.8 146.54                         147 -49.348333333333336 0.0033333333333333335
36100 160.8 146.88                         147 -49.67166666666667 0.0016666666666666668
36600 160.6 147.25533333333334                         147 -49.67166666666667 0.0016666666666666668
37100 160.6 147.64133333333334                         147 -49.67166666666667 0.0016666666666666668
37600 160.6 148.329                         147 -49.67166666666667 0.0016666666666666668
38100 164.4 148.89333333333335                         147 -49.67166666666667 0.0016666666666666668
38600 164.4 149.454                         147 -49.67166666666667 0.0016666666666666668
39100 164.4 149.88466666666667                         147 -49.67166666666667 0.0016666666666666668
39600 164.4 150.30066666666667                         147 -49.67166666666667 0.0016666666666666668
40100 164.4 151.01233333333334                         -50 -50 0.0
40600 164.4 151.504                         -50 -50 0.0
41100 164.4 151.998                         -50 -50 0.0
41600 164.4 152.42333333333335                         -50 -50 0.0
42100 164.4 152.93266666666668                         -50 -50 0.0
42600 164.4 153.64566666666667                         -50 -50 0.0
43100 166.4 154.15233333333333                         -50 -50 0.0
43600 166.4 154.66533333333334                         159 -49.651666666666664 0.0016666666666666668
44100 166.4 155.23033333333333                         159 -49.651666666666664 0.0016666666666666668
44600 166.4 155.75366666666667                         159 -49.651666666666664 0.0016666666666666668
45100 166.4 156.225                         159 -49.651666666666664 0.0016666666666666668
45600 166.4 156.67133333333334                         160 -49.30166666666667 0.0033333333333333335
46100 166.4 157.08166666666668                         160 -49.30166666666667 0.0033333333333333335
46600 166.4 157.53966666666668                         160 -49.30166666666667 0.0033333333333333335
47100 166.4 157.82433333333333                         160 -49.30166666666667 0.0033333333333333335
47600 166.4 158.22166666666666                         160 -49.65 0.0016666666666666668
48100 167.4 158.62066666666666                         165 -48.93666666666667 0.005
48600 167.4 158.86833333333334                         165 -48.93666666666667 0.005
49100 167.4 159.25033333333334                         165 -48.93666666666667 0.005
49600 167.4 159.85733333333334                         165 -48.585 0.006666666666666667
50100 167.4 160.17766666666665                         165 -48.585 0.006666666666666667
50600 167.4 160.53133333333332                         165 -48.585 0.006666666666666667
51100 168.4 160.83233333333334                         165 -48.23 0.008333333333333333
51600 168.6 161.22333333333333                         165 -47.513333333333335 0.011666666666666667
52100 168.6 161.61366666666666                         165 -46.43833333333333 0.016666666666666666
52600 168.6 161.944                         165 -46.08 0.018333333333333333
53100 168.6 162.11866666666666                         165 -46.43 0.016666666666666666
53600 168.6 162.469                         165 -46.428333333333335 0.016666666666666666
54100 168.6 162.597                         166 -46.41833333333334 0.016666666666666666
54600 168.6 162.802                         166 -45.34166666666667 0.021666666666666667
55100 168.6 163.073                         166 -44.26833333333333 0.02666666666666667
55600 168.6 163.316                         166 -41.041666666666664 0.041666666666666664
56100 168.6 163.49066666666667                         166 -39.60666666666667 0.04833333333333333
56600 168.6 163.72                         166 -37.45333333333333 0.058333333333333334
57100 168.6 163.92266666666666                         166 -35.651666666666664 0.06666666666666667
57600 168.6 163.94966666666667                         166 -33.501666666666665 0.07666666666666666
58100 168.8 164.21066666666667                         166 -30.981666666666666 0.08833333333333333
58600 168.8 164.33433333333335                         166 -29.18166666666667 0.09666666666666666
59100 168.8 164.395                         166 -27.025 0.10666666666666667
59600 168.8 164.543                         166 -25.945 0.11166666666666666
60100 168.8 164.71333333333334                         166 -23.435 0.12333333333333334
60600 168.8 164.91233333333332                         166 -18.765 0.145
61100 168.8 165.10833333333335                         166 -13.376666666666667 0.17
61600 169.6 165.24433333333334                         166 -10.86 0.18166666666666667
62100 169.8 165.561                         167 -9.415 0.18833333333333332
62600 169.8 165.70366666666666                         167 -9.048333333333334 0.19
63100 170.0 165.806                         170 -8.313333333333333 0.19333333333333333
63600 170.0 166.11133333333333                         170 -9.741666666666667 0.18666666666666668
64100 170.0 166.35333333333332                         170 -12.966666666666667 0.17166666666666666
64600 170.0 166.65133333333333                         170 -17.998333333333335 0.14833333333333334
65100 171.6 166.83133333333333                         170 -28.051666666666666 0.10166666666666667
65600 171.6 167.17633333333333                         170 -38.473333333333336 0.05333333333333334
66100 171.0 167.46233333333333                         171 -43.123333333333335 0.03166666666666667
66600 171.0 167.66733333333335                         171 -47.085 0.013333333333333334
67100 171.0 167.83533333333332                         171 -48.166666666666664 0.008333333333333333
67600 171.0 167.956                         171 -47.80166666666667 0.01
68100 171.0 168.22433333333333                         171 -46.70333333333333 0.015
68600 171.0 168.31333333333333                         171 -45.97 0.018333333333333333
69100 171.0 168.42533333333333                         171 -45.60333333333333 0.02
69600 171.0 168.528                         171 -44.13666666666666 0.02666666666666667
70100 171.0 168.73233333333334                         171 -43.03666666666667 0.03166666666666667
70600 171.0 168.79266666666666                         171 -40.843333333333334 0.041666666666666664
71100 171.0 168.87300000000002                         171 -38.285 0.05333333333333334
71600 171.0 169.035                         171 -37.18333333333333 0.058333333333333334
72100 171.0 169.14700000000002                         171 -35.355 0.06666666666666667
72600 171.0 169.246                         171 -33.153333333333336 0.07666666666666666
73100 171.0 169.381                         171 -28.756666666666668 0.09666666666666666
73600 171.0 169.51033333333334                         171 -23.626666666666665 0.12
74100 171.0 169.57533333333333                         171 -23.61 0.12
74600 171.0 169.63333333333335                         171 -22.123333333333335 0.12666666666666668
75100 171.0 169.72366666666667                         171 -20.278333333333332 0.135
75600 171.0 169.78366666666668                         171 -14.396666666666667 0.16166666666666665
76100 171.0 169.86100000000002                         171 -12.185 0.17166666666666666
76600 172.0 169.86833333333334                         172 -1.9033333333333333 0.21833333333333332
77100 172.0 169.90300000000002                         172 10.225 0.2733333333333333
77600 172.0 169.957                         172 23.09 0.33166666666666667
78100 172.0 170.071                         172 41.46 0.415
78600 172.0 170.04                         172 53.586666666666666 0.47
79100 172.0 170.227                         172 79.68 0.5883333333333334
79600 172.0 170.26666666666668                         172 102.84166666666667 0.6933333333333334
80100 172.0 170.36366666666666                         172 121.975 0.78
80600 172.0 170.45766666666668                         172 130.13666666666666 0.8166666666666667
81100 172.0 170.61866666666666                         172 139.42333333333335 0.8583333333333333
81600 172.0 170.70466666666667                         172 146.9 0.8916666666666667
82100 172.0 170.87933333333334                         172 154.73666666666668 0.9266666666666666
82600 172.0 170.91333333333333                         172 162.53166666666667 0.9616666666666667
83100 172.0 171.00333333333333                         172 167.70333333333335 0.985
83600 172.0 170.96633333333332                         172 168.82 0.99
84100 172.0 171.02466666666666                         172 169.93166666666667 0.995
84600 172.0 171.02066666666667                         172 169.205 0.9916666666666667
85100 172.0 170.983                         172 169.20666666666668 0.9916666666666667
85600 172.0 170.99533333333332                         172 167.005 0.9816666666666667
86100 172.0 171.06166666666667                         172 169.96666666666667 0.995
86600 172.0 171.049                         172 169.61333333333334 0.9933333333333333
87100 172.0 171.063                         172 168.9 0.99
87600 172.0 171.07966666666667                         172 167.81 0.985
88100 172.0 171.09966666666668                         172 167.47166666666666 0.9833333333333333
88600 172.0 171.161                         172 168.60666666666665 0.9883333333333333
89100 172.0 171.202                         172 169.01333333333332 0.99
89600 172.0 171.25366666666667                         172 169.06166666666667 0.99
90100 173.8 171.29433333333333                         172 169.12 0.99
90600 173.8 171.39966666666666                         172 168.82333333333332 0.9883333333333333
91100 173.8 171.48233333333334                         172 168.92 0.9883333333333333
91600 173.8 171.639                         172 170.165 0.9933333333333333
92100 173.8 171.74466666666666                         172 169.19166666666666 0.9883333333333333
92600 173.8 171.87033333333332                         172 170.055 0.9916666666666667
93100 173.8 171.97633333333334                         172 170.87666666666667 0.995
93600 173.8 171.99533333333332                         172 171.25833333333333 0.9966666666666667
94100 173.8 171.98866666666666                         172 170.89 0.995
94600 173.8 171.997                         172 170.89 0.995
95100 173.8 171.983                         172 170.52 0.9933333333333333
95600 173.8 171.977                         172 171.25 0.9966666666666667
96100 173.8 171.969                         172 170.15 0.9916666666666667
96600 173.8 171.895                         172 169.04 0.9866666666666667
97100 173.8 171.94033333333334                         172 167.93 0.9816666666666667
97600 173.8 171.966                         172 169.41 0.9883333333333333
98100 173.8 171.94966666666667                         172 168.3 0.9833333333333333
98600 173.8 171.94733333333335                         172 169.41 0.9883333333333333
99100 173.8 171.958                         173 168.67166666666665 0.985
99600 173.8 171.99666666666667                         173 170.15166666666667 0.9916666666666667
100100 173.8 171.98533333333333                         173 169.78166666666667 0.99