35
20
m 0 19
0 34 0
1 0 0
2 34 19
w 0 9
w 0 10
w 1 1
w 1 2
w 1 4
w 1 5
w 1 6
w 1 7
w 1 9
w 1 10
w 1 12
w 1 13
w 1 14
w 1 16
w 1 17
w 1 18
w 2 1
w 2 2
w 2 4
w 2 5
w 2 6
w 2 7
w 2 9
w 2 10
w 2 18
w 3 1
w 3 2
w 3 4
w 3 5
w 3 12
w 3 14
w 3 16
w 3 18
w 4 1
w 4 2
w 4 4
w 4 5
w 4 7
w 4 9
w 4 10
w 4 12
w 4 14
w 4 16
w 4 18
w 5 1
w 5 2
w 5 7
w 5 9
w 5 10
w 5 12
w 5 14
w 5 16
w 5 18
w 6 1
w 6 2
w 6 4
w 6 5
w 6 7
w 6 12
w 6 14
w 6 16
w 6 18
w 7 4
w 7 5
w 7 7
w 7 8
w 7 10
w 7 12
w 7 14
w 7 16
w 8 1
w 8 2
w 8 4
w 8 5
w 8 7
w 8 8
w 8 10
w 8 12
w 8 16
w 8 18
w 9 1
w 9 8
w 9 10
w 9 12
w 9 14
w 9 16
w 9 18
w 10 1
w 10 3
w 10 4
w 10 6
w 10 8
w 10 10
w 10 12
w 10 14
w 10 16
w 10 18
w 11 1
w 11 3
w 11 4
w 11 6
w 11 14
w 11 16
w 11 18
w 12 1
w 12 3
w 12 4
w 12 6
w 12 8
w 12 9
w 12 10
w 12 11
w 12 12
w 12 14
w 12 18
w 13 1
w 13 6
w 13 14
w 13 16
w 13 18
w 14 1
w 14 3
w 14 5
w 14 6
w 14 8
w 14 10
w 14 12
w 14 14
w 14 16
w 14 18
w 15 1
w 15 3
w 15 5
w 15 6
w 15 8
w 15 10
w 15 12
w 15 14
w 15 16
w 15 18
w 16 3
w 16 5
w 16 6
w 16 8
w 16 10
w 16 12
w 17 0
w 17 1
w 17 2
w 17 3
w 17 8
w 17 12
w 17 13
w 17 15
w 17 16
w 17 18
w 17 19
w 18 3
w 18 5
w 18 6
w 18 8
w 18 10
w 18 12
w 19 1
w 19 3
w 19 5
w 19 6
w 19 8
w 19 10
w 19 12
w 19 14
w 19 16
w 19 18
w 20 1
w 20 3
w 20 5
w 20 6
w 20 8
w 20 10
w 20 12
w 20 14
w 20 16
w 20 18
w 21 1
w 21 6
w 21 14
w 21 16
w 21 18
w 22 1
w 22 3
w 22 4
w 22 6
w 22 8
w 22 9
w 22 10
w 22 11
w 22 12
w 22 14
w 22 18
w 23 1
w 23 3
w 23 4
w 23 6
w 23 14
w 23 16
w 23 18
w 24 1
w 24 3
w 24 4
w 24 6
w 24 8
w 24 10
w 24 12
w 24 14
w 24 16
w 24 18
w 25 1
w 25 8
w 25 10
w 25 12
w 25 14
w 25 16
w 25 18
w 26 1
w 26 2
w 26 4
w 26 5
w 26 7
w 26 8
w 26 10
w 26 12
w 26 16
w 26 18
w 27 4
w 27 5
w 27 7
w 27 8
w 27 10
w 27 12
w 27 14
w 27 16
w 28 1
w 28 2
w 28 4
w 28 5
w 28 7
w 28 12
w 28 14
w 28 16
w 28 18
w 29 1
w 29 2
w 29 7
w 29 9
w 29 10
w 29 12
w 29 14
w 29 16
w 29 18
w 30 1
w 30 2
w 30 4
w 30 5
w 30 7
w 30 9
w 30 10
w 30 12
w 30 14
w 30 16
w 30 18
w 31 1
w 31 2
w 31 4
w 31 5
w 31 12
w 31 14
w 31 16
w 31 18
w 32 1
w 32 2
w 32 4
w 32 5
w 32 6
w 32 7
w 32 9
w 32 10
w 32 18
w 33 1
w 33 2
w 33 4
w 33 5
w 33 6
w 33 7
w 33 9
w 33 10
w 33 12
w 33 13
w 33 14
w 33 16
w 33 17
w 33 18
w 34 9
w 34 10
p 7 17
p 22 17
p 30 0
p 14 13
p 5 19
p 13 8
p 29 4
p 13 17
p 21 0
p 21 9
p 27 6
p 3 6
p 19 2
p 3 15
p 19 11
p 11 7
p 1 8
p 34 5
p 34 14
p 17 7
p 9 3
p 0 0
p 15 0
p 32 16
p 33 15
p 15 9
p 6 6
p 25 11
p 16 17
p 32 19
p 31 8
p 22 5
p 31 17
p 23 13
p 30 6
p 14 19
p 13 5
p 29 13
p 3 3
p 20 19
p 12 15
p 28 11
p 4 11
p 27 15
p 10 17
p 18 0
p 26 13
p 2 13
p 18 9
p 18 18
p 34 2
p 34 11
p 17 4
p 9 0
p 9 9
p 33 3
p 24 0
p 32 13
p 8 13
p 24 9
p 7 2
p 0 18
p 25 17
p 16 14
p 7 11
p 22 2
p 6 15
p 23 10
p 14 7
p 5 4
p 23 19
p 5 13
p 13 2
p 30 15
p 13 11
p 20 7
p 3 0
p 29 19
p 21 15
p 3 9
p 4 8
p 27 3
p 4 17
p 10 5
p 19 17
p 1 11
p 11 13
p 2 19
p 33 0
p 0 6
p 25 5
p 8 19
p 16 2
p 0 15
p 6 3
p 15 15
p 31 11
p 23 7
p 14 4
p 30 3
p 20 4
p 21 3
p 12 0
p 20 13
p 21 12
p 27 0
p 27 9
p 28 8
p 10 2
p 27 18
p 28 17
p 10 11
p 11 10
p 11 19
p 2 16
p 26 19
p 18 15
p 34 8
p 34 17
p 17 10
p 9 6
p 0 3
p 25 2
p 9 15
p 0 12
p 6 0
p 24 15
p 6 9
p 16 11
t 1750 0
m 0 18
0 33 0
1 1 0
2 34 18
t 1749 0.7751937984496124
m 0 17
0 32 0
1 2 0
2 34 17
t 1748 0.7751937984496124
m 0 18
0 33 0
1 3 0
2 34 18
t 1747 0.7751937984496124
m 0 18
0 32 0
1 4 0
2 34 19
t 1746 0.7751937984496124
m 0 18
0 31 0
1 3 0
2 33 19
t 1745 0.7751937984496124
m 0 17
0 32 0
1 2 0
2 32 19
t 1744 0.7751937984496124
m 0 16
0 33 0
1 1 0
2 31 19
t 1743 0.7751937984496124
m 0 17
0 34 0
1 0 0
2 30 19
t 1742 0.7751937984496124
m 0 18
0 33 0
1 0 1
2 29 19
t 1741 0.7751937984496124
m 0 18
0 32 0
1 0 2
2 30 19
t 1740 0.7751937984496124
m 0 17
0 33 0
1 0 3
2 29 19
t 1739 0.7751937984496124
m 0 17
0 32 0
1 0 4
2 30 19
t 1738 0.7751937984496124
m 0 16
0 31 0
1 0 5
2 29 19
t 1737 0.7751937984496124
m 0 17
0 30 0
1 0 6
2 28 19
t 1736 0.7751937984496124
m 0 18
0 31 0
1 0 5
2 27 19
t 1735 0.7751937984496124
m 0 18
0 30 0
1 0 6
2 27 18
t 1734 0.7751937984496124
m 0 19
0 31 0
1 0 7
2 27 19
t 1733 0.7751937984496124
m 1 19
0 32 0
1 0 6
2 26 19
t 1732 0.7751937984496124
m 1 19
0 31 0
1 0 5
2 25 19
t 1731 0.7751937984496124
m 2 19
0 30 0
1 0 4
2 24 19
t 1730 1.550387596899225
m 1 19
0 29 0
1 0 3
2 25 19
t 1729 1.550387596899225
m 2 19
0 28 0
1 0 4
2 26 19
t 1728 1.550387596899225
m 1 19
0 29 0
1 0 5
2 27 19
t 1727 1.550387596899225
m 2 19
0 30 0
1 0 6
2 27 18
t 1726 1.550387596899225
m 3 19
0 31 0
1 0 7
2 27 19
t 1725 1.550387596899225
m 3 19
0 30 0
1 0 6
2 27 18
t 1724 1.550387596899225
m 3 19
0 31 0
1 0 5
2 27 17
t 1723 1.550387596899225
m 2 19
0 30 0
1 0 6
2 28 17
t 1722 1.550387596899225
m 3 19
0 29 0
1 0 7
2 29 17
t 1721 1.550387596899225
m 2 19
0 30 0
1 0 8
2 28 17
t 1720 1.550387596899225
m 1 19
0 31 0
1 0 7
2 27 17
t 1719 1.550387596899225
m 1 19
0 32 0
1 0 6
2 27 18
t 1718 1.550387596899225
m 2 19
0 33 0
1 0 7
2 27 17
t 1717 1.550387596899225
m 2 19
0 34 0
1 0 8
2 26 17
t 1716 1.550387596899225
m 3 19
0 34 1
1 0 7
2 27 17
t 1715 1.550387596899225
m 3 19
0 34 2
1 0 8
2 27 18
t 1714 1.550387596899225
m 3 19
0 34 1
1 0 7
2 27 17
t 1713 1.550387596899225
m 3 19
0 34 0
1 0 6
2 28 17
t 1712 1.550387596899225
m 4 19
0 34 1
1 0 5
2 29 17
t 1711 1.550387596899225
m 3 19
0 34 0
1 0 6
2 28 17
t 1710 1.550387596899225
m 3 19
0 33 0
1 0 5
2 29 17
t 1709 1.550387596899225
m 3 19
0 34 0
1 0 6
2 30 17
t 1708 1.550387596899225
m 2 19
0 33 0
1 0 5
2 31 17
t 1707 1.550387596899225
m 3 19
0 34 0
1 0 6
2 32 17
t 1706 1.550387596899225
m 2 19
0 34 1
1 0 5
2 32 16
t 1705 1.550387596899225
m 1 19
0 34 0
1 0 4
2 32 17
t 1704 1.550387596899225
m 2 19
0 34 1
1 0 3
2 31 17
t 1703 1.550387596899225
m 2 19
0 34 0
1 0 4
2 30 17
t 1702 1.550387596899225
m 3 19
0 33 0
1 0 3
2 29 17
t 1701 1.550387596899225
m 4 19
0 32 0
1 1 3
2 28 17
t 1700 1.550387596899225
m 5 19
0 33 0
1 2 3
2 27 17
t 1699 2.3255813953488373
m 5 19
0 32 0
1 3 3
2 28 17
t 1698 2.3255813953488373
m 5 19
0 33 0
1 4 3
2 29 17
t 1697 2.3255813953488373
m 5 19
0 32 0
1 3 3
2 30 17
t 1696 2.3255813953488373
m 4 19
0 33 0
1 2 3
2 31 17
t 1695 2.3255813953488373
m 5 19
0 34 0
1 3 3
2 30 17
t 1694 2.3255813953488373
m 6 19
0 33 0
1 2 3
2 31 17
t 1693 2.3255813953488373
m 6 19
0 34 0
1 1 3
2 30 17
t 1692 2.3255813953488373
m 7 19
0 33 0
1 2 3
2 31 17
t 1691 2.3255813953488373
m 7 19
0 34 0
1 3 3
2 32 17
t 1690 2.3255813953488373
m 7 19
0 34 1
1 2 3
2 31 17
t 1689 2.3255813953488373
m 8 19
0 34 2
1 3 3
2 32 17
t 1688 3.10077519379845
m 8 19
0 34 3
1 4 3
2 32 16
t 1687 3.10077519379845
m 8 19
0 34 2
1 5 3
2 32 15
t 1686 3.10077519379845
m 9 19
0 34 3
1 6 3
2 31 15
t 1685 3.10077519379845
m 9 19
0 34 4
1 7 3
2 32 15
t 1684 3.10077519379845
m 8 19
0 34 3
1 6 3
2 31 15
t 1683 3.10077519379845
m 8 19
0 33 3
1 7 3
2 30 15
t 1682 3.10077519379845
m 9 19
0 34 3
1 7 2
2 29 15
t 1681 3.10077519379845
m 8 19
0 34 4
1 7 1
2 30 15
t 1680 3.10077519379845
m 8 19
0 34 3
1 7 0
2 31 15
t 1679 3.10077519379845
m 7 19
0 34 2
1 7 1
2 32 15
t 1678 3.10077519379845
m 8 19
0 34 1
1 7 0
2 32 14
t 1677 3.10077519379845
m 8 19
0 34 0
1 7 1
2 32 13
f 34 19
t 1676 3.10077519379845
m 7 19
0 34 1
1 7 0
2 32 12
t 1675 3.10077519379845
m 8 19
0 34 2
1 6 0
2 32 13
t 1674 3.10077519379845
m 7 19
0 34 3
1 7 0
2 32 14
t 1673 3.10077519379845
m 7 18
0 34 4
1 6 0
2 32 15
t 1672 3.10077519379845
m 7 17
0 34 3
1 7 0
2 32 14
t 1671 3.875968992248062
m 7 17
0 34 4
1 6 0
2 32 15
t 1670 3.875968992248062
m 8 17
0 34 5
1 5 0
2 33 15
t 1669 3.875968992248062
m 8 17
0 34 6
1 6 0
2 34 15
t 1668 3.875968992248062
m 8 17
0 34 7
1 5 0
2 33 15
t 1667 3.875968992248062
m 9 17
0 34 6
1 6 0
2 34 15
t 1666 3.875968992248062
m 9 17
0 34 7
1 7 0
2 34 14
t 1665 3.875968992248062
m 9 17
0 34 6
1 7 1
2 34 13
t 1664 3.875968992248062
m 9 17
0 34 7
1 7 2
2 34 12
t 1663 3.875968992248062
m 9 17
0 34 8
1 7 1
2 34 13
t 1662 3.875968992248062
m 10 17
0 34 7
1 7 0
2 34 14
t 1661 4.651162790697675
m 10 17
0 34 6
1 8 0
2 34 15
t 1660 4.651162790697675
m 11 17
0 34 5
1 7 0
2 34 16
t 1659 4.651162790697675
m 12 17
0 34 4
1 7 1
2 34 15
t 1658 4.651162790697675
m 11 17
0 34 3
1 7 2
2 34 14
t 1657 4.651162790697675
m 12 17
0 33 3
1 7 3
2 34 13
t 1656 4.651162790697675
m 12 17
0 34 3
1 8 3
2 34 14
t 1655 4.651162790697675
m 11 17
0 33 3
1 9 3
2 34 15
t 1654 4.651162790697675
m 11 17
0 32 3
1 9 2
2 34 16
t 1653 4.651162790697675
m 12 17
0 33 3
1 9 3
2 34 15
t 1652 4.651162790697675
m 11 17
0 34 3
1 8 3
2 34 14
t 1651 4.651162790697675
m 11 17
0 34 2
1 7 3
2 34 15
t 1650 4.651162790697675
m 11 17
0 34 3
1 7 2
2 34 16
t 1649 4.651162790697675
m 12 17
0 33 3
1 7 1
2 34 15
t 1648 4.651162790697675
m 13 17
0 34 3
1 7 0
2 34 14
t 1647 5.426356589147287
m 13 17
0 34 2
1 7 1
2 34 15
t 1646 5.426356589147287
m 13 17
0 34 3
1 7 2
2 34 14
t 1645 5.426356589147287
m 13 17
0 34 2
1 7 1
2 34 15
t 1644 5.426356589147287
m 14 17
0 34 1
1 7 0
2 34 16
t 1643 5.426356589147287
m 15 17
0 34 0
1 7 1
2 34 15
t 1642 5.426356589147287
m 16 17
0 34 1
1 7 2
2 33 15
t 1641 6.2015503875969
m 17 17
0 34 2
1 7 1
2 34 15
t 1640 6.2015503875969
m 16 17
0 34 1
1 7 0
2 33 15
t 1639 6.2015503875969
m 17 17
0 34 0
1 6 0
2 32 15
t 1638 6.2015503875969
m 16 17
0 33 0
1 7 0
2 33 15
t 1637 6.2015503875969
m 16 18
0 32 0
1 8 0
2 32 15
t 1636 6.2015503875969
m 16 18
0 31 0
1 9 0
2 32 16
t 1635 6.2015503875969
m 16 19
0 32 0
1 10 0
2 32 17
t 1634 6.2015503875969
m 16 19
0 33 0
1 11 0
2 32 16
t 1633 6.2015503875969
m 16 19
0 32 0
1 10 0
2 32 15
t 1632 6.2015503875969
m 16 19
0 33 0
1 9 0
2 32 16
t 1631 6.2015503875969
m 16 19
0 32 0
1 10 0
2 32 15
t 1630 6.2015503875969
m 16 19
0 33 0
1 9 0
2 31 15
t 1629 6.2015503875969
m 16 19
0 34 0
1 10 0
2 32 15
t 1628 6.2015503875969
m 15 19
0 34 1
1 9 0
2 33 15
t 1627 6.2015503875969
m 15 19
0 34 2
1 10 0
2 34 15
t 1626 6.2015503875969
m 16 19
0 34 1
1 9 0
2 34 14
t 1625 6.2015503875969
m 16 19
0 34 0
1 10 0
2 34 15
t 1624 6.2015503875969
m 16 19
0 33 0
1 9 0
2 34 16
t 1623 6.2015503875969
m 16 19
0 32 0
1 8 0
2 34 15
t 1622 6.2015503875969
m 15 19
0 31 0
1 7 0
2 34 14
t 1621 6.2015503875969
m 16 19
0 32 0
1 7 1
2 34 15
t 1620 6.2015503875969
m 15 19
0 31 0
1 7 2
2 33 15
t 1619 6.2015503875969
m 14 19
0 32 0
1 7 3
2 32 15
t 1618 6.976744186046512
m 13 19
0 33 0
1 6 3
2 32 16
t 1617 6.976744186046512
m 13 19
0 32 0
1 7 3
2 32 17
t 1616 6.976744186046512
m 14 19
0 31 0
1 7 2
2 32 16
t 1615 6.976744186046512
m 15 19
0 30 0
1 7 3
2 32 15
t 1614 6.976744186046512
m 16 19
0 29 0
1 7 2
2 31 15
t 1613 6.976744186046512
m 15 19
0 28 0
1 7 1
2 30 15
t 1612 6.976744186046512
m 15 19
0 29 0
1 7 0
2 31 15
t 1611 6.976744186046512
m 14 19
0 28 0
1 8 0
2 30 15
t 1610 6.976744186046512
m 13 19
0 29 0
1 9 0
2 29 15
t 1609 6.976744186046512
m 12 19
0 30 0
1 8 0
2 30 15
t 1608 6.976744186046512
m 13 19
0 29 0
1 7 0
2 31 15
t 1607 6.976744186046512
m 13 19
0 28 0
1 8 0
2 32 15
t 1606 6.976744186046512
m 13 19
0 27 0
1 9 0
2 32 14
t 1605 6.976744186046512
m 14 19
0 28 0
1 8 0
2 32 13
t 1604 6.976744186046512
m 13 19
0 29 0
1 9 0
2 32 14
t 1603 6.976744186046512
m 13 19
0 28 0
1 8 0
2 32 15
t 1602 6.976744186046512
m 13 19
0 27 0
1 9 0
2 32 14
t 1601 6.976744186046512
m 13 19
0 26 0
1 8 0
2 32 15
t 1600 6.976744186046512
m 12 19
0 25 0
1 9 0
2 32 16
t 1599 6.976744186046512
m 13 19
0 26 0
1 8 0
2 32 17
t 1598 6.976744186046512
m 12 19
0 27 0
1 7 0
2 31 17
t 1597 6.976744186046512
m 11 19
0 26 0
1 7 1
2 30 17
t 1596 7.751937984496124
m 10 19
0 25 0
1 7 2
2 29 17
t 1595 7.751937984496124
m 10 19
0 24 0
1 7 1
2 30 17
t 1594 7.751937984496124
m 9 19
0 25 0
1 7 0
2 31 17
t 1593 7.751937984496124
m 10 19
0 26 0
1 6 0
2 30 17
t 1592 7.751937984496124
m 10 19
0 27 0
1 7 0
2 31 17
t 1591 7.751937984496124
m 11 19
0 26 0
1 7 1
2 30 17
t 1590 7.751937984496124
m 10 19
0 27 0
1 7 2
2 29 17
t 1589 7.751937984496124
m 11 19
0 27 1
1 7 1
2 30 17
t 1588 7.751937984496124
m 12 19
0 27 2
1 7 2
2 31 17
t 1587 7.751937984496124
m 12 19
0 27 1
1 7 3
2 32 17
t 1586 7.751937984496124
m 12 19
0 27 2
1 6 3
2 31 17
t 1585 7.751937984496124
m 12 19
0 27 1
1 5 3
2 32 17
t 1584 7.751937984496124
m 11 19
0 27 2
1 6 3
2 31 17
t 1583 7.751937984496124
m 11 19
0 27 1
1 5 3
2 30 17
t 1582 7.751937984496124
m 11 19
0 27 2
1 6 3
2 31 17
t 1581 7.751937984496124
m 12 19
0 27 3
1 5 3
2 32 17
t 1580 7.751937984496124
m 12 19
0 27 2
1 4 3
2 32 16
t 1579 7.751937984496124
m 12 19
0 27 1
1 5 3
2 32 17
t 1578 7.751937984496124
m 11 19
0 27 2
1 4 3
2 32 16
t 1577 7.751937984496124
m 11 19
0 27 3
1 3 3
2 32 17
t 1576 7.751937984496124
m 12 19
0 27 2
1 2 3
2 32 16
t 1575 7.751937984496124
m 12 19
0 27 3
1 3 3
2 32 15
t 1574 7.751937984496124
m 11 19
0 26 3
1 2 3
2 32 14
t 1573 7.751937984496124
m 11 19
0 27 3
1 1 3
2 32 15
t 1572 7.751937984496124
m 11 19
0 28 3
1 0 3
2 32 14
t 1571 7.751937984496124
m 12 19
0 29 3
1 0 2
2 32 15
t 1570 7.751937984496124
m 11 19
0 29 4
1 0 1
2 32 14
t 1569 7.751937984496124
m 10 19
0 29 3
1 0 2
2 32 13
t 1568 7.751937984496124
m 9 19
0 30 3
1 0 1
2 31 13
t 1567 7.751937984496124
m 8 19
0 31 3
1 0 0
2 32 13
t 1566 7.751937984496124
m 7 19
0 30 3
1 1 0
2 32 14
t 1565 7.751937984496124
m 8 19
0 29 3
1 0 0
2 32 13
t 1564 7.751937984496124
m 9 19
0 29 4
1 0 1
2 31 13
t 1563 7.751937984496124
m 9 19
0 29 5
1 0 2
2 30 13
t 1562 7.751937984496124
m 10 19
0 29 4
1 0 3
2 29 13
t 1561 7.751937984496124
m 9 19
0 29 5
1 0 4
2 30 13
t 1560 7.751937984496124
m 9 19
0 29 6
1 0 3
2 29 13
t 1559 7.751937984496124
m 8 19
0 28 6
1 1 3
2 30 13
t 1558 7.751937984496124
m 9 19
0 29 6
1 0 3
2 31 13
t 1557 7.751937984496124
m 8 19
0 29 5
1 0 2
2 30 13
t 1556 7.751937984496124
m 9 19
0 29 6
1 0 3
2 29 13
t 1555 7.751937984496124
m 8 19
0 28 6
1 0 4
2 30 13
t 1554 7.751937984496124
m 9 19
0 29 6
1 0 5
2 29 13
t 1553 7.751937984496124
m 8 19
0 30 6
1 0 6
2 28 13
t 1552 7.751937984496124
m 9 19
0 29 6
1 0 5
2 29 13
t 1551 7.751937984496124
m 9 19
0 30 6
1 0 4
2 28 13
t 1550 7.751937984496124
m 9 19
0 29 6
1 0 3
2 27 13
t 1549 7.751937984496124
m 9 19
0 30 6
1 1 3
2 28 13
t 1548 7.751937984496124
m 10 19
0 29 6
1 0 3
2 27 13
t 1547 7.751937984496124
m 9 19
0 28 6
1 1 3
2 28 13
t 1546 7.751937984496124
m 10 19
0 29 6
1 0 3
2 29 13
t 1545 7.751937984496124
m 11 19
0 29 5
1 0 2
2 28 13
t 1544 7.751937984496124
m 11 19
0 29 4
1 0 3
2 29 13
t 1543 7.751937984496124
m 12 19
0 29 5
1 0 4
2 28 13
t 1542 7.751937984496124
m 12 19
0 29 6
1 0 3
2 27 13
t 1541 7.751937984496124
m 12 19
0 28 6
1 0 4
2 28 13
t 1540 7.751937984496124
m 13 19
0 27 6
1 0 5
2 29 13
t 1539 7.751937984496124
m 14 19
0 28 6
1 0 6
2 30 13
t 1538 7.751937984496124
m 14 19
0 29 6
1 0 7
2 31 13
t 1537 7.751937984496124
m 13 19
0 28 6
1 0 8
2 30 13
t 1536 7.751937984496124
m 13 19
0 29 6
1 0 7
2 31 13
t 1535 7.751937984496124
m 14 19
0 30 6
1 0 6
2 32 13
t 1534 7.751937984496124
m 14 19
0 31 6
1 0 5
2 32 14
t 1533 7.751937984496124
m 14 19
0 31 7
1 0 4
2 32 15
t 1532 7.751937984496124
m 15 19
0 31 6
1 0 5
2 31 15
t 1531 7.751937984496124
m 16 19
0 31 7
1 0 4
2 32 15
t 1530 7.751937984496124
m 15 19
0 31 6
1 0 5
2 33 15
t 1529 7.751937984496124
m 15 19
0 31 7
1 0 4
2 34 15
t 1528 7.751937984496124
m 15 19
0 31 8
1 0 3
2 33 15
t 1527 7.751937984496124
m 15 19
0 32 8
1 0 4
2 32 15
t 1526 7.751937984496124
m 15 19
0 31 8
1 0 3
2 32 14
t 1525 7.751937984496124
m 15 19
0 30 8
1 1 3
2 32 15
t 1524 7.751937984496124
m 16 19
0 31 8
1 0 3
2 32 16
t 1523 7.751937984496124
m 16 19
0 32 8
1 1 3
2 32 17
t 1522 7.751937984496124
m 16 18
0 31 8
1 2 3
2 31 17
t 1521 7.751937984496124
m 16 19
0 30 8
1 3 3
2 30 17
t 1520 7.751937984496124
m 16 19
0 29 8
1 4 3
2 31 17
t 1519 7.751937984496124
m 16 18
0 28 8
1 5 3
2 32 17
t 1518 7.751937984496124
m 16 18
0 29 8
1 6 3
2 31 17
t 1517 7.751937984496124
m 16 17
0 30 8
1 5 3
2 32 17
t 1516 7.751937984496124
m 16 17
0 29 8
1 5 4
2 31 17
t 1515 7.751937984496124
m 15 17
0 28 8
1 5 5
2 32 17
t 1514 7.751937984496124
m 16 17
0 29 8
1 5 6
2 32 16
t 1513 7.751937984496124
m 15 17
0 28 8
1 4 6
2 32 17
t 1512 7.751937984496124
m 14 17
0 29 8
1 5 6
2 31 17
t 1511 7.751937984496124
m 15 17
0 30 8
1 5 5
2 30 17
t 1510 7.751937984496124
m 16 17
0 29 8
1 5 6
2 31 17
t 1509 7.751937984496124
m 16 17
0 28 8
1 6 6
2 32 17
t 1508 7.751937984496124
m 16 18
0 29 8
1 7 6
2 32 16
t 1507 7.751937984496124
m 16 19
0 28 8
1 6 6
2 32 15
t 1506 7.751937984496124
m 16 18
0 29 8
1 7 6
2 32 14
t 1505 7.751937984496124
m 16 19
0 30 8
1 8 6
2 32 15
t 1504 7.751937984496124
m 16 18
0 29 8
1 7 6
2 33 15
t 1503 7.751937984496124
m 16 18
0 28 8
1 6 6
2 32 15
t 1502 7.751937984496124
m 16 18
0 29 8
1 7 6
2 31 15
t 1501 7.751937984496124
m 16 19
0 30 8
1 8 6
2 32 15
t 1500 7.751937984496124
m 16 18
0 29 8
1 7 6
2 32 16
t 1499 7.751937984496124
m 16 18
0 30 8
1 8 6
2 32 15
t 1498 7.751937984496124
m 16 19
0 29 8
1 7 6
2 33 15
t 1497 7.751937984496124
m 16 19
0 30 8
1 6 6
2 34 15
t 1496 7.751937984496124
m 16 18
0 31 8
1 7 6
2 33 15
t 1495 7.751937984496124
m 16 17
0 32 8
1 8 6
2 32 15
t 1494 7.751937984496124
m 16 17
0 31 8
1 9 6
2 33 15
t 1493 7.751937984496124
m 17 17
0 31 7
1 9 7
2 32 15
t 1492 7.751937984496124
m 16 17
0 31 8
1 9 6
2 32 14
t 1491 7.751937984496124
m 16 17
0 31 9
1 9 7
2 32 13
t 1490 7.751937984496124
m 15 17
0 31 10
1 9 6
2 32 12
t 1489 7.751937984496124
m 14 17
0 31 9
1 9 7
2 32 13
t 1488 7.751937984496124
m 15 17
0 31 8
1 10 7
2 31 13
t 1487 7.751937984496124
m 16 17
0 30 8
1 11 7
2 32 13
t 1486 7.751937984496124
m 16 18
0 29 8
1 10 7
2 32 12
t 1485 7.751937984496124
m 16 17
0 28 8
1 9 7
2 32 11
t 1484 7.751937984496124
m 16 17
0 29 8
1 9 6
2 31 11
t 1483 7.751937984496124
m 16 17
0 30 8
1 8 6
2 31 10
t 1482 7.751937984496124
m 17 17
0 29 8
1 9 6
2 31 9
t 1481 7.751937984496124
m 18 17
0 28 8
1 9 5
2 31 8
t 1480 7.751937984496124
m 19 17
0 28 9
1 10 5
2 32 8
t 1479 8.527131782945736
m 19 17
0 27 9
1 11 5
2 31 8
t 1478 8.527131782945736
m 18 17
0 28 9
1 10 5
2 31 7
t 1477 8.527131782945736
m 18 17
0 27 9
1 9 5
2 31 6
t 1476 8.527131782945736
m 19 17
0 26 9
1 10 5
2 30 6
t 1475 8.527131782945736
m 18 17
0 27 9
1 9 5
2 29 6
t 1474 8.527131782945736
m 18 16
0 26 9
1 10 5
2 29 5
t 1473 8.527131782945736
m 18 16
0 25 9
1 11 5
2 29 6
t 1472 8.527131782945736
m 18 16
0 26 9
1 10 5
2 29 5
t 1471 8.527131782945736
m 18 15
0 27 9
1 11 5
2 29 6
t 1470 9.30232558139535
m 18 15
0 26 9
1 10 5
2 28 6
t 1469 9.30232558139535
m 18 16
0 25 9
1 9 5
2 27 6
t 1468 9.30232558139535
m 18 17
0 24 9
1 9 4
2 28 6
t 1467 9.30232558139535
m 18 17
0 25 9
1 9 5
2 29 6
t 1466 9.30232558139535
m 19 17
0 24 9
1 10 5
2 29 5
t 1465 9.30232558139535
m 19 17
0 23 9
1 9 5
2 29 6
t 1464 9.30232558139535
m 19 17
0 23 10
1 9 6
2 30 6
t 1463 9.30232558139535
m 20 17
0 23 11
1 9 5
2 29 6
t 1462 9.30232558139535
m 21 17
0 23 12
1 10 5
2 29 5
t 1461 9.30232558139535
m 20 17
0 23 13
1 9 5
2 29 4
t 1460 9.30232558139535
m 20 17
0 24 13
1 9 4
2 29 3
t 1459 9.30232558139535
m 19 17
0 25 13
1 9 5
2 29 4
t 1458 9.30232558139535
m 20 17
0 26 13
1 10 5
2 29 3
t 1457 9.30232558139535
m 19 17
0 27 13
1 11 5
2 30 3
t 1456 9.30232558139535
m 18 17
0 26 13
1 10 5
2 31 3
t 1455 9.30232558139535
m 18 18
0 25 13
1 11 5
2 32 3
t 1454 10.077519379844961
m 18 18
0 26 13
1 12 5
2 33 3
t 1453 10.077519379844961
m 18 19
0 25 13
1 13 5
2 34 3
t 1452 10.077519379844961
m 19 19
0 26 13
1 12 5
2 34 2
t 1451 10.077519379844961
m 18 19
0 27 13
1 13 5
2 34 1
t 1450 10.077519379844961
m 18 19
0 28 13
1 13 4
2 34 0
t 1449 10.077519379844961
m 18 19
0 29 13
1 13 5
2 34 1
t 1448 10.077519379844961
m 18 19
0 30 13
1 12 5
2 34 2
t 1447 10.077519379844961
m 18 18
0 31 13
1 13 5
2 34 3
t 1446 10.077519379844961
m 18 18
0 30 13
1 13 4
2 33 3
t 1445 10.077519379844961
m 18 19
0 29 13
1 13 5
2 32 3
t 1444 10.077519379844961
m 18 19
0 28 13
1 13 4
2 33 3
t 1443 10.077519379844961
m 19 19
0 29 13
1 14 4
2 34 3
t 1442 10.077519379844961
m 20 19
0 30 13
1 15 4
2 33 3
t 1441 10.852713178294573
m 20 19
0 31 13
1 14 4
2 34 3
t 1440 10.852713178294573
m 21 19
0 30 13
1 15 4
2 34 2
t 1439 10.852713178294573
m 20 19
0 29 13
1 16 4
2 34 1
t 1438 10.852713178294573
m 21 19
0 30 13
1 15 4
2 34 0
t 1437 10.852713178294573
m 21 19
0 29 13
1 16 4
2 34 1
t 1436 10.852713178294573
m 21 19
0 28 13
1 15 4
2 34 0
t 1435 10.852713178294573
m 21 19
0 29 13
1 16 4
2 34 1
t 1434 10.852713178294573
m 21 19
0 28 13
1 15 4
2 34 2
t 1433 10.852713178294573
m 21 19
0 29 13
1 16 4
2 34 1
t 1432 10.852713178294573
m 21 19
0 28 13
1 17 4
2 34 2
t 1431 10.852713178294573
m 20 19
0 27 13
1 16 4
2 34 3
t 1430 10.852713178294573
m 21 19
0 28 13
1 15 4
2 34 2
t 1429 10.852713178294573
m 22 19
0 27 13
1 14 4
2 34 1
t 1428 10.852713178294573
m 21 19
0 26 13
1 13 4
2 34 2
t 1427 10.852713178294573
m 20 19
0 25 13
1 13 5
2 34 3
t 1426 10.852713178294573
m 19 19
0 26 13
1 12 5
2 34 2
t 1425 10.852713178294573
m 20 19
0 25 13
1 13 5
2 34 1
t 1424 10.852713178294573
m 20 19
0 24 13
1 13 4
2 34 0
t 1423 10.852713178294573
m 19 19
0 23 13
1 13 3
2 34 1
t 1422 10.852713178294573
m 19 19
0 23 12
1 13 2
2 34 0
t 1421 10.852713178294573
m 20 19
0 23 11
1 13 3
2 34 1
t 1420 10.852713178294573
m 19 19
0 23 12
1 13 4
2 34 0
t 1419 10.852713178294573
m 19 19
0 23 13
1 13 3
2 34 1
t 1418 10.852713178294573
m 18 19
0 22 13
1 13 2
2 34 2
t 1417 10.852713178294573
m 18 19
0 23 13
1 12 2
2 34 3
t 1416 10.852713178294573
m 18 19
0 24 13
1 11 2
2 33 3
t 1415 10.852713178294573
m 19 19
0 25 13
1 12 2
2 34 3
t 1414 10.852713178294573
m 20 19
0 26 13
1 13 2
2 33 3
t 1413 10.852713178294573
m 21 19
0 25 13
1 13 3
2 32 3
t 1412 10.852713178294573
m 20 19
0 24 13
1 13 2
2 31 3
t 1411 10.852713178294573
m 20 19
0 25 13
1 14 2
2 32 3
t 1410 10.852713178294573
m 19 19
0 24 13
1 13 2
2 33 3
t 1409 10.852713178294573
m 19 19
0 25 13
1 14 2
2 32 3
t 1408 10.852713178294573
m 19 19
0 24 13
1 13 2
2 33 3
t 1407 10.852713178294573
m 20 19
0 23 13
1 12 2
2 34 3
t 1406 10.852713178294573
m 21 19
0 23 12
1 13 2
2 34 4
t 1405 10.852713178294573
m 21 19
0 23 11
1 12 2
2 34 3
t 1404 10.852713178294573
m 22 19
0 24 11
1 13 2
2 33 3
t 1403 10.852713178294573
m 23 19
0 25 11
1 13 3
2 32 3
t 1402 11.627906976744185
m 23 19
0 24 11
1 13 4
2 33 3
t 1401 11.627906976744185
m 22 19
0 23 11
1 13 3
2 32 3
t 1400 11.627906976744185
m 21 19
0 23 10
1 13 2
2 31 3
t 1399 11.627906976744185
m 20 19
0 23 9
1 12 2
2 30 3
t 1398 11.627906976744185
m 21 19
0 24 9
1 11 2
2 29 3
t 1397 11.627906976744185
m 20 19
0 25 9
1 12 2
2 28 3
t 1396 11.627906976744185
m 19 19
0 24 9
1 11 2
2 27 3
t 1395 11.627906976744185
m 20 19
0 23 9
1 12 2
2 28 3
t 1394 11.627906976744185
m 20 19
0 24 9
1 13 2
2 29 3
t 1393 11.627906976744185
m 21 19
0 25 9
1 14 2
2 29 4
t 1392 11.627906976744185
m 21 19
0 26 9
1 13 2
2 29 5
t 1391 11.627906976744185
m 20 19
0 27 9
1 13 3
2 29 4
t 1390 11.627906976744185
m 20 19
0 28 9
1 13 2
2 29 3
t 1389 11.627906976744185
m 21 19
0 27 9
1 14 2
2 28 3
t 1388 11.627906976744185
m 21 19
0 26 9
1 13 2
2 27 3
t 1387 11.627906976744185
m 20 19
0 25 9
1 13 3
2 26 3
t 1386 11.627906976744185
m 21 19
0 24 9
1 13 2
2 25 3
t 1385 11.627906976744185
m 20 19
0 25 9
1 12 2
2 25 4
t 1384 11.627906976744185
m 21 19
0 24 9
1 11 2
2 25 5
t 1383 11.627906976744185
m 20 19
0 23 9
1 12 2
2 25 4
t 1382 11.627906976744185
m 20 19
0 23 8
1 11 2
2 25 3
t 1381 11.627906976744185
m 21 19
0 23 9
1 12 2
2 25 4
t 1380 11.627906976744185
m 21 19
0 23 8
1 11 2
2 25 5
t 1379 11.627906976744185
m 22 19
0 23 9
1 12 2
2 24 5
t 1378 11.627906976744185
m 23 19
0 23 10
1 11 2
2 23 5
t 1377 11.627906976744185
m 22 19
0 23 9
1 12 2
2 22 5
t 1376 11.627906976744185
m 22 19
0 23 8
1 11 2
2 21 5
t 1375 11.627906976744185
m 21 19
0 23 9
1 12 2
2 21 4
t 1374 11.627906976744185
m 22 19
0 24 9
1 13 2
2 21 5
t 1373 11.627906976744185
m 22 19
0 23 9
1 12 2
2 22 5
t 1372 11.627906976744185
m 22 19
0 24 9
1 13 2
2 23 5
t 1371 11.627906976744185
m 21 19
0 25 9
1 13 3
2 22 5
t 1370 11.627906976744185
m 22 19
0 26 9
1 13 2
2 21 5
t 1369 11.627906976744185
m 22 19
0 25 9
1 13 3
2 21 4
t 1368 11.627906976744185
m 21 19
0 24 9
1 13 4
2 21 5
t 1367 11.627906976744185
m 21 19
0 25 9
1 14 4
2 22 5
t 1366 11.627906976744185
m 21 19
0 24 9
1 15 4
2 21 5
t 1365 11.627906976744185
m 21 19
0 25 9
1 16 4
2 21 4
t 1364 11.627906976744185
m 20 19
0 26 9
1 15 4
2 21 5
t 1363 11.627906976744185
m 21 19
0 25 9
1 14 4
2 21 4
t 1362 11.627906976744185
m 21 19
0 24 9
1 15 4
2 21 5
t 1361 11.627906976744185
m 22 19
0 23 9
1 14 4
2 22 5
t 1360 11.627906976744185
m 22 19
0 23 10
1 15 4
2 23 5
t 1359 11.627906976744185
m 23 19
0 23 9
1 16 4
2 24 5
t 1358 11.627906976744185
m 24 19
0 24 9
1 17 4
2 23 5
t 1357 11.627906976744185
m 24 19
0 23 9
1 16 4
2 22 5
t 1356 11.627906976744185
m 25 19
0 24 9
1 15 4
2 21 5
t 1355 11.627906976744185
m 26 19
0 23 9
1 14 4
2 22 5
t 1354 12.4031007751938
m 27 19
0 23 8
1 15 4
2 23 5
t 1353 12.4031007751938
m 27 19
0 23 9
1 16 4
2 22 5
t 1352 12.4031007751938
m 28 19
0 23 10
1 15 4
2 23 5
t 1351 12.4031007751938
m 29 19
0 23 9
1 14 4
2 22 5
t 1350 13.178294573643411
m 30 19
0 24 9
1 15 4
2 23 5
t 1349 13.178294573643411
m 31 19
0 23 9
1 16 4
2 22 5
t 1348 13.178294573643411
m 31 19
0 23 10
1 15 4
2 23 5
t 1347 13.178294573643411
m 32 19
0 23 11
1 14 4
2 24 5
t 1346 13.953488372093023
m 33 19
0 23 10
1 13 4
2 23 5
t 1345 13.953488372093023
m 34 19
0 23 9
1 13 3
2 22 5
t 1344 23.953488372093023
m 34 18
0 24 9
1 13 4
2 23 5
t 1343 23.953488372093023
m 34 17
0 23 9
1 13 3
2 22 5
t 1342 24.728682170542633
m 34 17
0 23 10
1 13 2
2 23 5
t 1341 24.728682170542633
m 34 18
0 23 11
1 12 2
2 24 5
t 1340 24.728682170542633
m 34 17
0 24 11
1 11 2
2 25 5
t 1339 24.728682170542633
m 34 17
0 25 11
1 12 2
2 25 6
t 1338 24.728682170542633
m 34 17
0 24 11
1 13 2
2 26 6
t 1337 24.728682170542633
m 34 18
0 23 11
1 14 2
2 27 6
t 1336 24.728682170542633
m 34 18
0 23 10
1 15 2
2 28 6
t 1335 24.728682170542633
m 34 18
0 23 9
1 16 2
2 29 6
t 1334 24.728682170542633
m 34 18
0 23 10
1 16 1
2 28 6
t 1333 24.728682170542633
m 34 18
0 23 11
1 16 2
2 27 6
t 1332 24.728682170542633
m 34 19
0 23 12
1 15 2
2 28 6
t 1331 24.728682170542633
m 33 19
0 23 13
1 14 2
2 27 6
t 1330 24.728682170542633
m 32 19
0 23 12
1 15 2
2 26 6
t 1329 24.728682170542633
m 31 19
0 23 13
1 16 2
2 25 6
t 1328 24.728682170542633
m 30 19
0 24 13
1 15 2
2 25 7
t 1327 24.728682170542633
m 31 19
0 23 13
1 16 2
2 24 7
t 1326 24.728682170542633
m 31 19
0 23 12
1 15 2
2 25 7
t 1325 24.728682170542633
m 32 19
0 23 13
1 16 2
2 24 7
t 1324 24.728682170542633
m 33 19
0 22 13
1 16 1
2 25 7
t 1323 24.728682170542633
m 32 19
0 21 13
1 16 0
2 24 7
t 1322 24.728682170542633
m 32 19
0 21 12
1 15 0
2 23 7
t 1321 24.728682170542633
m 32 19
0 21 13
1 14 0
2 24 7
t 1320 24.728682170542633
m 31 19
0 22 13
1 15 0
2 23 7
t 1319 24.728682170542633
m 30 19
0 23 13
1 14 0
2 24 7
t 1318 24.728682170542633
m 30 19
0 24 13
1 13 0
2 23 7
t 1317 24.728682170542633
m 30 19
0 25 13
1 14 0
2 22 7
t 1316 24.728682170542633
m 29 19
0 26 13
1 13 0
2 23 7
t 1315 24.728682170542633
m 29 19
0 26 14
1 12 0
2 24 7
t 1314 24.728682170542633
m 29 19
0 26 13
1 11 0
2 25 7
t 1313 24.728682170542633
m 29 19
0 25 13
1 12 0
2 25 6
t 1312 24.728682170542633
m 30 19
0 26 13
1 11 0
2 25 5
t 1311 24.728682170542633
m 29 19
0 25 13
1 12 0
2 25 6
t 1310 24.728682170542633
m 29 19
0 26 13
1 13 0
2 25 7
t 1309 24.728682170542633
m 28 19
0 25 13
1 14 0
2 24 7
t 1308 24.728682170542633
m 29 19
0 24 13
1 13 0
2 25 7
t 1307 24.728682170542633
m 29 19
0 23 13
1 14 0
2 25 6
t 1306 24.728682170542633
m 30 19
0 23 12
1 15 0
2 25 5
t 1305 24.728682170542633
m 29 19
0 23 11
1 14 0
2 25 4
t 1304 24.728682170542633
m 30 19
0 23 10
1 15 0
2 25 3
t 1303 24.728682170542633
m 29 19
0 23 9
1 16 0
2 25 4
f 34 0
t 1302 24.728682170542633
m 29 19
0 23 8
1 15 0
2 25 5
t 1301 24.728682170542633
m 30 19
0 23 7
1 14 0
2 24 5
t 1300 24.728682170542633
m 29 19
0 24 7
1 15 0
2 23 5
t 1299 24.728682170542633
m 29 19
0 23 7
1 14 0
2 24 5
t 1298 24.728682170542633
m 29 19
0 23 8
1 13 0
2 23 5
t 1297 24.728682170542633
m 30 19
0 23 9
1 14 0
2 24 5
t 1296 24.728682170542633
m 31 19
0 23 8
1 13 0
2 23 5
t 1295 24.728682170542633
m 31 19
0 23 7
1 14 0
2 24 5
t 1294 24.728682170542633
m 30 19
0 24 7
1 13 0
2 23 5
t 1293 24.728682170542633
m 31 19
0 23 7
1 14 0
2 22 5
t 1292 24.728682170542633
m 31 19
0 22 7
1 15 0
2 21 5
t 1291 24.728682170542633
m 31 19
0 23 7
1 16 0
2 21 4
t 1290 24.728682170542633
m 32 19
0 22 7
1 15 0
2 21 5
t 1289 24.728682170542633
m 31 19
0 23 7
1 14 0
2 21 4
t 1288 24.728682170542633
m 31 19
0 24 7
1 13 0
2 21 3
t 1287 24.728682170542633
m 31 19
0 25 7
1 12 0
2 21 2
t 1286 24.728682170542633
m 32 19
0 25 6
1 11 0
2 21 3
t 1285 24.728682170542633
m 33 19
0 26 6
1 12 0
2 21 4
t 1284 24.728682170542633
m 34 19
0 25 6
1 13 0
2 21 5
t 1283 24.728682170542633
m 34 18
0 26 6
1 14 0
2 22 5
t 1282 24.728682170542633
m 34 19
0 25 6
1 13 0
2 23 5
t 1281 24.728682170542633
m 33 19
0 25 5
1 12 0
2 22 5
t 1280 24.728682170542633
m 34 19
0 24 5
1 11 0
2 21 5
t 1279 24.728682170542633
m 33 19
0 23 5
1 12 0
2 22 5
t 1278 24.728682170542633
m 34 19
0 24 5
1 13 0
2 23 5
t 1277 24.728682170542633
m 33 19
0 25 5
1 14 0
2 22 5
t 1276 24.728682170542633
m 33 19
0 25 4
1 13 0
2 21 5
t 1275 24.728682170542633
m 34 19
0 25 5
1 14 0
2 21 4
t 1274 24.728682170542633
m 34 19
0 25 6
1 15 0
2 21 5
t 1273 24.728682170542633
m 33 19
0 25 5
1 16 0
2 21 4
t 1272 24.728682170542633
m 32 19
0 24 5
1 16 1
2 21 5
t 1271 24.728682170542633
m 33 19
0 23 5
1 16 2
2 22 5
t 1270 24.728682170542633
m 33 19
0 24 5
1 16 1
2 23 5
t 1269 24.728682170542633
m 33 19
0 25 5
1 16 2
2 24 5
t 1268 24.728682170542633
m 34 19
0 25 4
1 15 2
2 23 5
t 1267 24.728682170542633
m 34 19
0 25 5
1 14 2
2 22 5
t 1266 24.728682170542633
m 34 19
0 25 6
1 15 2
2 21 5
t 1265 24.728682170542633
m 33 19
0 25 7
1 16 2
2 22 5
t 1264 24.728682170542633
m 34 19
0 24 7
1 16 1
2 23 5
t 1263 24.728682170542633
m 34 19
0 25 7
1 16 0
2 24 5
t 1262 24.728682170542633
m 33 19
0 24 7
1 15 0
2 25 5
t 1261 24.728682170542633
m 33 19
0 25 7
1 14 0
2 25 6
t 1260 24.728682170542633
m 33 19
0 25 6
1 13 0
2 26 6
t 1259 24.728682170542633
m 33 19
0 25 7
1 14 0
2 27 6
t 1258 24.728682170542633
m 34 19
0 25 6
1 15 0
2 28 6
t 1257 24.728682170542633
m 33 19
0 25 5
1 16 0
2 29 6
t 1256 24.728682170542633
m 34 19
0 24 5
1 16 1
2 29 5
t 1255 24.728682170542633
m 34 19
0 25 5
1 16 0
2 29 4
t 1254 24.728682170542633
m 34 19
0 25 6
1 15 0
2 29 3
t 1253 24.728682170542633
m 34 19
0 26 6
1 16 0
2 30 3
t 1252 24.728682170542633
m 33 19
0 25 6
1 16 1
2 31 3
t 1251 24.728682170542633
m 34 19
0 25 7
1 16 0
2 32 3
t 1250 24.728682170542633
m 33 19
0 24 7
1 16 1
2 33 3
t 1249 24.728682170542633
m 32 19
0 23 7
1 16 0
2 32 3
t 1248 24.728682170542633
m 31 19
0 23 8
1 15 0
2 33 3
t 1247 24.728682170542633
m 32 19
0 23 7
1 16 0
2 32 3
t 1246 24.728682170542633
m 32 19
0 24 7
1 15 0
2 31 3
t 1245 24.728682170542633
m 33 19
0 25 7
1 14 0
2 30 3
t 1244 24.728682170542633
m 32 19
0 25 6
1 15 0
2 29 3
t 1243 24.728682170542633
m 32 19
0 25 5
1 16 0
2 29 4
t 1242 24.728682170542633
m 31 19
0 25 6
1 16 1
2 29 5
t 1241 24.728682170542633
m 32 19
0 25 7
1 16 0
2 29 6
t 1240 24.728682170542633
m 33 19
0 24 7
1 16 1
2 30 6
t 1239 24.728682170542633
m 32 19
0 23 7
1 16 0
2 29 6
t 1238 24.728682170542633
m 33 19
0 23 8
1 16 1
2 29 5
t 1237 24.728682170542633
m 32 19
0 23 7
1 16 0
2 29 4
t 1236 24.728682170542633
m 31 19
0 23 8
1 15 0
2 29 5
t 1235 24.728682170542633
m 32 19
0 23 7
1 14 0
2 29 4
t 1234 24.728682170542633
m 31 19
0 24 7
1 13 0
2 29 3
t 1233 24.728682170542633
m 31 19
0 25 7
1 14 0
2 28 3
t 1232 24.728682170542633
m 31 19
0 24 7
1 15 0
2 29 3
t 1231 24.728682170542633
m 31 19
0 25 7
1 16 0
2 29 4
t 1230 24.728682170542633
m 31 19
0 25 6
1 16 1
2 29 5
t 1229 24.728682170542633
m 31 19
0 25 7
1 16 0
2 29 6
t 1228 24.728682170542633
m 32 19
0 24 7
1 15 0
2 29 5
t 1227 24.728682170542633
m 32 19
0 25 7
1 16 0
2 29 4
t 1226 24.728682170542633
m 31 19
0 25 6
1 16 1
2 29 5
t 1225 24.728682170542633
m 31 19
0 25 5
1 16 2
2 29 4
t 1224 24.728682170542633
m 30 19
0 25 4
1 15 2
2 29 3
t 1223 24.728682170542633
m 31 19
0 25 3
1 16 2
2 28 3
t 1222 24.728682170542633
m 31 19
0 25 2
1 15 2
2 27 3
t 1221 24.728682170542633
m 31 19
0 24 2
1 16 2
2 28 3
t 1220 24.728682170542633
m 30 19
0 23 2
1 16 1
2 27 3
t 1219 24.728682170542633
m 29 19
0 22 2
1 16 2
2 26 3
t 1218 24.728682170542633
m 29 19
0 21 2
1 16 1
2 25 3
t 1217 24.728682170542633
m 28 19
0 20 2
1 16 0
2 25 4
t 1216 24.728682170542633
m 29 19
0 19 2
1 16 1
2 25 5
t 1215 24.728682170542633
m 29 19
0 18 2
1 16 0
2 24 5
t 1214 24.728682170542633
m 29 19
0 18 1
1 16 1
2 23 5
t 1213 24.728682170542633
m 29 19
0 18 2
1 16 0
2 22 5
t 1212 24.728682170542633
m 29 19
0 18 1
1 16 1
2 21 5
t 1211 24.728682170542633
m 30 19
0 18 0
1 16 0
2 22 5
t 1210 24.728682170542633
m 31 19
0 18 1
1 16 1
2 21 5
t 1209 24.728682170542633
m 31 19
0 18 2
1 16 0
2 21 4
t 1208 24.728682170542633
m 30 19
0 18 1
1 16 1
2 21 5
t 1207 24.728682170542633
m 31 19
0 18 2
1 16 2
2 22 5
t 1206 24.728682170542633
m 30 19
0 18 1
1 15 2
2 21 5
t 1205 24.728682170542633
m 30 19
0 18 2
1 14 2
2 22 5
t 1204 24.728682170542633
m 31 19
0 19 2
1 15 2
2 21 5
t 1203 24.728682170542633
m 30 19
0 18 2
1 16 2
2 22 5
t 1202 24.728682170542633
m 30 19
0 19 2
1 15 2
2 21 5
t 1201 24.728682170542633
m 29 19
0 18 2
1 14 2
2 21 4
t 1200 24.728682170542633
m 30 19
0 18 1
1 13 2
2 21 3
t 1199 24.728682170542633
m 29 19
0 18 0
1 13 3
2 21 4
t 1198 24.728682170542633
m 29 19
0 18 1
1 13 2
2 20 4
t 1197 24.728682170542633
m 29 19
0 18 0
1 12 2
2 21 4
t 1196 24.728682170542633
m 30 19
0 19 0
1 11 2
2 21 5
t 1195 24.728682170542633
m 29 19
0 18 0
1 12 2
2 22 5
t 1194 24.728682170542633
m 28 19
0 19 0
1 13 2
2 21 5
t 1193 24.728682170542633
m 28 19
0 20 0
1 12 2
2 22 5
t 1192 24.728682170542633
m 27 19
0 21 0
1 11 2
2 23 5
t 1191 24.728682170542633
m 27 19
0 20 0
1 10 2
2 24 5
t 1190 24.728682170542633
m 28 19
0 21 0
1 9 2
2 23 5
t 1189 24.728682170542633
m 27 19
0 20 0
1 10 2
2 24 5
t 1188 24.728682170542633
m 28 19
0 21 0
1 11 2
2 25 5
t 1187 24.728682170542633
m 28 19
0 22 0
1 12 2
2 24 5
t 1186 24.728682170542633
m 27 19
0 21 0
1 13 2
2 23 5
t 1185 24.728682170542633
m 27 18
0 20 0
1 12 2
2 24 5
t 1184 25.503875968992247
m 27 18
0 19 0
1 13 2
2 25 5
t 1183 25.503875968992247
m 27 19
0 18 0
1 14 2
2 25 4
t 1182 25.503875968992247
m 26 19
0 18 1
1 15 2
2 25 5
t 1181 25.503875968992247
m 27 19
0 18 2
1 14 2
2 25 6
t 1180 25.503875968992247
m 28 19
0 19 2
1 13 2
2 25 5
t 1179 25.503875968992247
m 29 19
0 18 2
1 12 2
2 25 6
t 1178 25.503875968992247
m 30 19
0 19 2
1 13 2
2 25 7
t 1177 25.503875968992247
m 30 19
0 20 2
1 14 2
2 25 6
t 1176 25.503875968992247
m 29 19
0 21 2
1 13 2
2 26 6
t 1175 25.503875968992247
m 30 19
0 20 2
1 12 2
2 25 6
t 1174 25.503875968992247
m 29 19
0 21 2
1 11 2
2 25 5
t 1173 25.503875968992247
m 30 19
0 20 2
1 10 2
2 25 4
t 1172 25.503875968992247
m 31 19
0 19 2
1 9 2
2 25 3
t 1171 25.503875968992247
m 31 19
0 18 2
1 10 2
2 25 2
t 1170 25.503875968992247
m 32 19
0 19 2
1 11 2
2 25 3
t 1169 25.503875968992247
m 33 19
0 18 2
1 12 2
2 25 4
t 1168 25.503875968992247
m 32 19
0 18 1
1 13 2
2 25 5
t 1167 25.503875968992247
m 32 19
0 18 2
1 14 2
2 25 4
t 1166 25.503875968992247
m 32 19
0 19 2
1 15 2
2 25 3
t 1165 25.503875968992247
m 33 19
0 20 2
1 14 2
2 26 3
t 1164 25.503875968992247
m 33 19
0 21 2
1 13 2
2 25 3
t 1163 25.503875968992247
m 34 19
0 22 2
1 12 2
2 25 2
t 1162 25.503875968992247
m 34 18
0 23 2
1 13 2
2 25 3
t 1161 25.503875968992247
m 34 19
0 24 2
1 14 2
2 26 3
t 1160 25.503875968992247
m 34 19
0 25 2
1 13 2
2 25 3
t 1159 25.503875968992247
m 33 19
0 24 2
1 12 2
2 25 4
t 1158 25.503875968992247
m 32 19
0 23 2
1 13 2
2 25 3
t 1157 25.503875968992247
m 32 19
0 22 2
1 13 3
2 25 4
t 1156 25.503875968992247
m 31 19
0 21 2
1 13 4
2 25 3
t 1155 25.503875968992247
m 30 19
0 20 2
1 13 5
2 25 2
t 1154 25.503875968992247
m 31 19
0 21 2
1 12 5
2 24 2
t 1153 25.503875968992247
m 32 19
0 21 3
1 13 5
2 23 2
t 1152 25.503875968992247
m 31 19
0 21 2
1 12 5
2 24 2
t 1151 25.503875968992247
m 32 19
0 20 2
1 11 5
2 23 2
t 1150 25.503875968992247
m 33 19
0 19 2
1 10 5
2 24 2
t 1149 25.503875968992247
m 32 19
0 20 2
1 11 5
2 23 2
t 1148 25.503875968992247
m 31 19
0 21 2
1 10 5
2 22 2
t 1147 25.503875968992247
m 31 19
0 21 3
1 11 5
2 23 2
t 1146 25.503875968992247
m 30 19
0 21 2
1 12 5
2 24 2
t 1145 25.503875968992247
m 31 19
0 20 2
1 13 5
2 25 2
t 1144 25.503875968992247
m 32 19
0 21 2
1 13 4
2 24 2
t 1143 25.503875968992247
m 31 19
0 20 2
1 13 5
2 23 2
t 1142 25.503875968992247
m 31 19
0 21 2
1 12 5
2 24 2
t 1141 25.503875968992247
m 30 19
0 21 3
1 13 5
2 23 2
t 1140 25.503875968992247
m 31 19
0 21 2
1 13 4
2 24 2
t 1139 25.503875968992247
m 31 19
0 20 2
1 13 5
2 23 2
t 1138 25.503875968992247
m 32 19
0 19 2
1 12 5
2 24 2
t 1137 25.503875968992247
m 32 19
0 18 2
1 11 5
2 23 2
t 1136 25.503875968992247
m 32 19
0 18 1
1 12 5
2 22 2
t 1135 25.503875968992247
m 32 19
0 18 0
1 11 5
2 21 2
t 1134 25.503875968992247
m 31 19
0 18 1
1 10 5
2 22 2
t 1133 25.503875968992247
m 32 19
0 18 2
1 11 5
2 21 2
t 1132 25.503875968992247
m 33 19
0 18 1
1 12 5
2 21 3
t 1131 25.503875968992247
m 34 19
0 18 2
1 11 5
2 21 2
t 1130 25.503875968992247
m 33 19
0 18 1
1 10 5
2 20 2
t 1129 25.503875968992247
m 32 19
0 18 0
1 9 5
2 21 2
t 1128 25.503875968992247
m 33 19
0 18 1
1 9 6
2 20 2
t 1127 25.503875968992247
m 34 19
0 18 2
1 9 7
2 19 2
t 1126 25.503875968992247
m 33 19
0 18 1
1 10 7
2 20 2
t 1125 25.503875968992247
m 32 19
0 18 0
1 9 7
2 21 2
t 1124 25.503875968992247
m 32 19
0 18 1
1 10 7
2 20 2
t 1123 25.503875968992247
m 32 19
0 18 0
1 9 7
2 19 2
t 1122 25.503875968992247
m 32 19
0 18 1
1 10 7
2 18 2
t 1121 25.503875968992247
m 32 19
0 18 2
1 9 7
2 18 1
t 1120 25.503875968992247
m 33 19
0 19 2
1 9 6
2 18 0
t 1119 25.503875968992247
m 34 19
0 18 2
1 9 5
2 19 0
t 1118 25.503875968992247
m 34 19
0 18 1
1 10 5
2 18 0
t 1117 25.503875968992247
m 34 19
0 18 2
1 9 5
2 18 1
t 1116 25.503875968992247
m 34 19
0 18 1
1 9 4
2 18 0
t 1115 25.503875968992247
m 34 18
0 18 2
1 9 3
2 18 1
t 1114 25.503875968992247
m 34 17
0 18 1
1 9 2
2 18 2
t 1113 25.503875968992247
m 34 17
0 18 2
1 9 3
2 19 2
t 1112 25.503875968992247
m 34 18
0 19 2
1 8 3
2 18 2
t 1111 25.503875968992247
m 34 19
0 18 2
1 7 3
2 18 1
t 1110 25.503875968992247
m 34 18
0 19 2
1 7 2
2 18 2
t 1109 25.503875968992247
m 34 17
0 18 2
1 7 1
2 18 1
t 1108 25.503875968992247
m 34 18
0 19 2
1 7 0
2 18 2
t 1107 25.503875968992247
m 34 19
0 18 2
1 8 0
2 19 2
t 1106 25.503875968992247
m 34 19
0 18 1
1 9 0
2 18 2
t 1105 25.503875968992247
m 34 18
0 18 2
1 10 0
2 19 2
t 1104 25.503875968992247
m 34 18
0 19 2
1 9 0
2 20 2
t 1103 25.503875968992247
m 34 17
0 18 2
1 8 0
2 21 2
t 1102 25.503875968992247
m 34 17
0 19 2
1 9 0
2 22 2
t 1101 25.503875968992247
m 34 18
0 18 2
1 10 0
2 23 2
t 1100 25.503875968992247
m 34 17
0 19 2
1 9 0
2 22 2
t 1099 25.503875968992247
m 34 18
0 20 2
1 10 0
2 23 2
t 1098 25.503875968992247
m 34 19
0 19 2
1 11 0
2 22 2
t 1097 25.503875968992247
m 34 19
0 18 2
1 12 0
2 21 2
t 1096 25.503875968992247
m 34 19
0 18 1
1 13 0
2 22 2
t 1095 25.503875968992247
m 33 19
0 18 2
1 12 0
2 21 2
t 1094 25.503875968992247
m 34 19
0 18 1
1 13 0
2 22 2
t 1093 25.503875968992247
m 34 19
0 18 2
1 12 0
2 23 2
t 1092 25.503875968992247
m 34 18
0 19 2
1 13 0
2 22 2
t 1091 25.503875968992247
m 34 18
0 18 2
1 14 0
2 21 2
t 1090 25.503875968992247
m 34 19
0 19 2
1 15 0
2 21 3
t 1089 25.503875968992247
m 34 19
0 20 2
1 14 0
2 21 4
t 1088 25.503875968992247
m 34 19
0 21 2
1 15 0
2 20 4
t 1087 25.503875968992247
m 33 19
0 22 2
1 16 0
2 19 4
t 1086 25.503875968992247
m 33 19
0 23 2
1 16 1
2 20 4
t 1085 25.503875968992247
m 33 19
0 24 2
1 16 0
2 19 4
t 1084 25.503875968992247
m 32 19
0 23 2
1 16 1
2 20 4
t 1083 25.503875968992247
m 32 19
0 24 2
1 16 0
2 19 4
t 1082 25.503875968992247
m 32 19
0 25 2
1 16 1
2 20 4
t 1081 25.503875968992247
m 31 19
0 25 3
1 16 0
2 21 4
t 1080 25.503875968992247
m 30 19
0 25 4
1 16 1
2 21 3
t 1079 25.503875968992247
m 30 19
0 25 3
1 16 0
2 21 4
t 1078 25.503875968992247
m 31 19
0 26 3
1 16 1
2 21 3
t 1077 25.503875968992247
m 32 19
0 27 3
1 16 0
2 21 2
t 1076 25.503875968992247
m 33 19
0 26 3
1 16 1
2 22 2
t 1075 25.503875968992247
m 33 19
0 25 3
1 16 2
2 23 2
t 1074 25.503875968992247
m 34 19
0 26 3
1 15 2
2 24 2
t 1073 25.503875968992247
m 34 18
0 27 3
1 16 2
2 23 2
t 1072 25.503875968992247
m 34 17
0 26 3
1 15 2
2 24 2
t 1071 25.503875968992247
m 34 18
0 25 3
1 14 2
2 25 2
t 1070 25.503875968992247
m 34 17
0 25 4
1 13 2
2 24 2
t 1069 25.503875968992247
m 34 18
0 25 5
1 14 2
2 25 2
t 1068 25.503875968992247
m 34 17
0 25 4
1 13 2
2 24 2
t 1067 25.503875968992247
m 34 18
0 25 3
1 13 3
2 25 2
t 1066 25.503875968992247
m 34 17
0 25 2
1 13 4
2 24 2
t 1065 25.503875968992247
m 34 16
0 24 2
1 13 3
2 23 2
t 1064 25.503875968992247
m 34 17
0 25 2
1 13 4
2 24 2
t 1063 25.503875968992247
m 34 17
0 24 2
1 13 3
2 25 2
t 1062 25.503875968992247
m 34 16
0 23 2
1 13 2
2 25 3
t 1061 25.503875968992247
m 34 17
0 24 2
1 13 3
2 26 3
t 1060 25.503875968992247
m 34 16
0 25 2
1 13 4
2 27 3
t 1059 25.503875968992247
m 34 17
0 25 3
1 13 5
2 27 2
t 1058 25.503875968992247
m 34 17
0 25 4
1 13 4
2 27 1
t 1057 25.503875968992247
m 34 16
0 25 3
1 13 5
2 27 0
t 1056 25.503875968992247
m 34 15
0 25 4
1 12 5
2 26 0
t 1055 25.503875968992247
m 34 15
0 25 5
1 13 5
2 27 0
t 1054 25.503875968992247
m 34 14
0 25 4
1 12 5
2 26 0
t 1053 26.27906976744186
m 34 15
0 25 3
1 13 5
2 27 0
t 1052 26.27906976744186
m 34 15
0 25 4
1 13 4
2 27 1
t 1051 26.27906976744186
m 34 15
0 25 3
1 14 4
2 27 0
t 1050 26.27906976744186
m 34 15
0 25 4
1 15 4
2 26 0
t 1049 26.27906976744186
m 34 16
0 25 3
1 14 4
2 25 0
t 1048 26.27906976744186
m 34 17
0 25 2
1 15 4
2 24 0
t 1047 26.27906976744186
m 34 18
0 24 2
1 14 4
2 23 0
t 1046 26.27906976744186
m 34 17
0 25 2
1 15 4
2 22 0
t 1045 26.27906976744186
m 34 16
0 25 3
1 14 4
2 23 0
t 1044 26.27906976744186
m 34 16
0 25 4
1 13 4
2 24 0
t 1043 26.27906976744186
m 34 15
0 25 5
1 14 4
2 23 0
t 1042 26.27906976744186
m 34 16
0 25 6
1 15 4
2 24 0
t 1041 26.27906976744186
m 34 16
0 25 7
1 14 4
2 23 0
t 1040 26.27906976744186
m 34 15
0 25 6
1 13 4
2 22 0
t 1039 26.27906976744186
m 34 15
0 25 5
1 13 3
2 23 0
t 1038 26.27906976744186
m 34 16
0 25 6
1 13 4
2 24 0
t 1037 26.27906976744186
m 34 15
0 25 5
1 14 4
2 25 0
t 1036 26.27906976744186
m 34 15
0 24 5
1 15 4
2 24 0
t 1035 26.27906976744186
m 34 14
0 25 5
1 14 4
2 23 0
t 1034 26.27906976744186
m 34 15
0 25 6
1 13 4
2 24 0
t 1033 26.27906976744186
m 34 15
0 26 6
1 13 3
2 25 0
t 1032 26.27906976744186
m 34 15
0 27 6
1 13 4
2 24 0
t 1031 26.27906976744186
m 34 14
0 26 6
1 13 3
2 25 0
t 1030 26.27906976744186
m 34 15
0 27 6
1 13 2
2 26 0
t 1029 26.27906976744186
m 33 15
0 26 6
1 14 2
2 25 0
t 1028 27.05426356589147
m 33 15
0 27 6
1 15 2
2 26 0
t 1027 27.05426356589147
m 34 15
0 26 6
1 14 2
2 27 0
t 1026 27.05426356589147
m 33 15
0 25 6
1 15 2
2 27 1
t 1025 27.05426356589147
m 34 15
0 25 7
1 14 2
2 27 2
t 1024 27.05426356589147
m 34 16
0 24 7
1 13 2
2 27 3
t 1023 27.05426356589147
m 34 15
0 25 7
1 12 2
2 26 3
t 1022 27.05426356589147
m 34 14
0 24 7
1 13 2
2 27 3
t 1021 27.05426356589147
m 34 14
0 23 7
1 13 3
2 28 3
t 1020 27.05426356589147
m 34 14
0 24 7
1 13 4
2 29 3
t 1019 27.05426356589147
m 34 13
0 23 7
1 13 5
2 28 3
t 1018 27.05426356589147
m 34 13
0 24 7
1 12 5
2 29 3
t 1017 27.05426356589147
m 34 13
0 25 7
1 11 5
2 29 4
t 1016 27.05426356589147
m 34 12
0 24 7
1 12 5
2 29 5
t 1015 27.05426356589147
m 34 12
0 25 7
1 11 5
2 29 4
t 1014 27.05426356589147
m 34 11
0 24 7
1 12 5
2 29 5
t 1013 27.829457364341085
m 34 12
0 25 7
1 11 5
2 29 4
t 1012 27.829457364341085
m 34 13
0 25 6
1 12 5
2 29 5
t 1011 27.829457364341085
m 34 13
0 25 7
1 13 5
2 29 6
t 1010 27.829457364341085
m 34 14
0 24 7
1 12 5
2 29 5
t 1009 27.829457364341085
m 34 15
0 23 7
1 13 5
2 29 6
t 1008 27.829457364341085
m 34 14
0 22 7
1 12 5
2 30 6
t 1007 27.829457364341085
m 34 13
0 23 7
1 11 5
2 31 6
t 1006 27.829457364341085
m 34 13
0 22 7
1 10 5
2 30 6
t 1005 27.829457364341085
m 34 13
0 23 7
1 11 5
2 31 6
t 1004 27.829457364341085
m 34 13
0 23 8
1 12 5
2 30 6
t 1003 27.829457364341085
m 34 12
0 23 9
1 13 5
2 29 6
t 1002 27.829457364341085
m 34 13
0 23 8
1 12 5
2 30 6
t 1001 27.829457364341085
m 34 13
0 23 9
1 11 5
2 29 6
t 1000 27.829457364341085
m 34 13
0 23 8
1 12 5
2 29 5
t 999 27.829457364341085
m 34 14
0 23 9
1 13 5
2 29 6
t 998 27.829457364341085
m 34 15
0 23 8
1 12 5
2 28 6
t 997 27.829457364341085
m 33 15
0 23 9
1 11 5
2 29 6
t 996 27.829457364341085
m 32 15
0 23 10
1 12 5
2 28 6
t 995 27.829457364341085
m 31 15
0 23 11
1 13 5
2 29 6
t 994 27.829457364341085
m 32 15
0 23 10
1 12 5
2 29 5
t 993 27.829457364341085
m 32 15
0 23 11
1 13 5
2 29 6
t 992 27.829457364341085
m 32 15
0 24 11
1 13 4
2 29 5
t 991 27.829457364341085
m 32 16
0 25 11
1 13 5
2 29 6
t 990 28.6046511627907
m 32 16
0 26 11
1 13 4
2 29 5
t 989 28.6046511627907
m 32 17
0 27 11
1 14 4
2 29 4
t 988 28.6046511627907
m 32 17
0 26 11
1 15 4
2 29 5
t 987 28.6046511627907
m 31 17
0 25 11
1 16 4
2 29 6
t 986 29.37984496124031
m 32 17
0 24 11
1 17 4
2 30 6
t 985 29.37984496124031
m 32 16
0 23 11
1 18 4
2 31 6
t 984 29.37984496124031
m 32 16
0 24 11
1 19 4
2 30 6
t 983 29.37984496124031
m 32 16
0 25 11
1 20 4
2 31 6
t 982 29.37984496124031
m 32 16
0 24 11
1 19 4
2 31 7
t 981 29.37984496124031
m 32 15
0 23 11
1 20 4
2 31 8
t 980 29.37984496124031
m 33 15
0 24 11
1 21 4
2 31 7
t 979 29.37984496124031
m 34 15
0 25 11
1 21 5
2 31 8
t 978 29.37984496124031
m 34 16
0 24 11
1 21 4
2 30 8
t 977 29.37984496124031
m 34 17
0 23 11
1 21 3
2 29 8
t 976 29.37984496124031
m 34 18
0 24 11
1 21 2
2 28 8
t 975 29.37984496124031
m 34 18
0 23 11
1 22 2
2 29 8
t 974 29.37984496124031
m 34 17
0 24 11
1 21 2
2 28 8
t 973 29.37984496124031
m 34 16
0 23 11
1 21 3
2 29 8
t 972 29.37984496124031
m 34 17
0 24 11
1 21 2
2 30 8
t 971 29.37984496124031
m 34 17
0 25 11
1 22 2
2 31 8
t 970 29.37984496124031
m 34 17
0 24 11
1 21 2
2 31 9
t 969 29.37984496124031
m 34 16
0 25 11
1 21 3
2 31 10
t 968 29.37984496124031
m 34 15
0 24 11
1 21 4
2 31 9
t 967 29.37984496124031
m 34 16
0 25 11
1 21 5
2 31 10
t 966 29.37984496124031
m 34 16
0 24 11
1 22 5
2 31 11
t 965 29.37984496124031
m 34 15
0 23 11
1 21 5
2 31 10
t 964 29.37984496124031
m 34 16
0 24 11
1 21 4
2 31 11
t 963 29.37984496124031
m 34 16
0 25 11
1 21 3
2 32 11
t 962 29.37984496124031
m 34 17
0 24 11
1 21 4
2 33 11
t 961 29.37984496124031
m 34 16
0 25 11
1 20 4
2 34 11
t 960 29.37984496124031
m 34 15
0 26 11
1 21 4
2 33 11
t 959 29.37984496124031
m 33 15
0 27 11
1 20 4
2 32 11
t 958 29.37984496124031
m 32 15
0 26 11
1 19 4
2 33 11
t 957 29.37984496124031
m 32 16
0 27 11
1 20 4
2 34 11
t 956 29.37984496124031
m 32 15
0 28 11
1 21 4
2 34 12
t 955 29.37984496124031
m 32 15
0 29 11
1 21 3
2 34 13
t 954 29.37984496124031
m 32 16
0 30 11
1 21 2
2 34 12
t 953 29.37984496124031
m 32 15
0 31 11
1 21 3
2 34 11
t 952 29.37984496124031
m 32 15
0 32 11
1 21 2
2 33 11
t 951 29.37984496124031
m 32 16
0 31 11
1 20 2
2 32 11
t 950 29.37984496124031
m 32 15
0 32 11
1 19 2
2 31 11
t 949 29.37984496124031
m 32 15
0 33 11
1 20 2
2 31 10
t 948 29.37984496124031
m 33 15
0 34 11
1 21 2
2 31 9
t 947 29.37984496124031
m 33 15
0 33 11
1 21 3
2 31 8
t 946 29.37984496124031
m 32 15
0 32 11
1 21 4
2 31 7
t 945 29.37984496124031
m 33 15
0 31 11
1 20 4
2 31 6
t 944 29.37984496124031
m 34 15
0 30 11
1 21 4
2 31 7
t 943 29.37984496124031
m 34 15
0 29 11
1 20 4
2 31 8
t 942 29.37984496124031
m 34 14
0 28 11
1 21 4
2 31 7
t 941 29.37984496124031
m 34 15
0 28 10
1 20 4
2 31 8
t 940 29.37984496124031
m 34 14
0 28 9
1 19 4
2 30 8
t 939 29.37984496124031
m 34 15
0 28 8
1 20 4
2 29 8
t 938 29.37984496124031
m 33 15
0 28 9
1 19 4
2 30 8
t 937 29.37984496124031
m 34 15
0 28 10
1 20 4
2 31 8
t 936 29.37984496124031
m 33 15
0 28 11
1 19 4
2 32 8
t 935 29.37984496124031
m 33 15
0 28 10
1 20 4
2 33 8
t 934 29.37984496124031
m 34 15
0 28 9
1 21 4
2 32 8
t 933 29.37984496124031
m 34 14
0 28 10
1 21 5
2 33 8
t 932 29.37984496124031
m 34 15
0 28 11
1 21 4
2 34 8
t 931 29.37984496124031
m 33 15
0 27 11
1 21 3
2 33 8
t 930 29.37984496124031
m 32 15
0 28 11
1 21 2
2 34 8
t 929 29.37984496124031
m 32 14
0 29 11
1 21 3
2 34 7
t 928 29.37984496124031
m 32 15
0 28 11
1 21 4
2 34 8
t 927 29.37984496124031
m 31 15
0 27 11
1 21 3
2 34 7
t 926 29.37984496124031
m 32 15
0 26 11
1 21 4
2 34 8
t 925 29.37984496124031
m 32 16
0 25 11
1 21 5
2 33 8
t 924 29.37984496124031
m 32 17
0 26 11
1 22 5
2 34 8
t 923 29.37984496124031
m 32 17
0 27 11
1 21 5
2 33 8
t 922 29.37984496124031
m 31 17
0 26 11
1 21 4
2 32 8
t 921 29.37984496124031
m 30 17
0 27 11
1 21 3
2 33 8
t 920 29.37984496124031
m 31 17
0 26 11
1 21 2
2 32 8
t 919 29.37984496124031
m 32 17
0 27 11
1 20 2
2 31 8
t 918 29.37984496124031
m 32 17
0 28 11
1 19 2
2 32 8
t 917 29.37984496124031
m 32 16
0 27 11
1 20 2
2 31 8
t 916 29.37984496124031
m 32 16
0 28 11
1 19 2
2 32 8
t 915 29.37984496124031
m 32 17
0 27 11
1 20 2
2 33 8
t 914 29.37984496124031
m 31 17
0 26 11
1 21 2
2 32 8
t 913 29.37984496124031
m 30 17
0 25 11
1 20 2
2 31 8
t 912 29.37984496124031
m 29 17
0 24 11
1 19 2
2 32 8
t 911 29.37984496124031
m 29 17
0 23 11
1 20 2
2 33 8
t 910 29.37984496124031
m 30 17
0 24 11
1 21 2
2 32 8
t 909 29.37984496124031
m 29 17
0 25 11
1 20 2
2 33 8
t 908 29.37984496124031
m 30 17
0 24 11
1 19 2
2 32 8
t 907 29.37984496124031
m 31 17
0 25 11
1 18 2
2 31 8
t 906 29.37984496124031
m 31 17
0 26 11
1 18 1
2 31 9
t 905 29.37984496124031
m 30 17
0 25 11
1 18 0
2 31 8
t 904 29.37984496124031
m 31 17
0 24 11
1 19 0
2 31 9
t 903 29.37984496124031
m 31 17
0 25 11
1 18 0
2 31 8
t 902 29.37984496124031
m 30 17
0 26 11
1 18 1
2 31 9
t 901 29.37984496124031
m 31 17
0 25 11
1 18 0
2 31 8
t 900 29.37984496124031
m 32 17
0 24 11
1 19 0
2 31 7
t 899 29.37984496124031
m 32 16
0 25 11
1 18 0
2 31 6
t 898 29.37984496124031
m 32 15
0 24 11
1 18 1
2 31 7
t 897 29.37984496124031
m 32 14
0 23 11
1 18 0
2 31 8
t 896 29.37984496124031
m 32 13
0 24 11
1 18 1
2 31 9
t 895 30.155038759689923
m 31 13
0 23 11
1 18 2
2 31 8
t 894 30.155038759689923
m 31 13
0 23 12
1 18 1
2 30 8
t 893 30.155038759689923
m 32 13
0 23 11
1 18 0
2 29 8
t 892 30.155038759689923
m 32 12
0 24 11
1 19 0
2 28 8
t 891 30.155038759689923
m 32 12
0 25 11
1 18 0
2 29 8
t 890 30.155038759689923
m 32 12
0 26 11
1 18 1
2 28 8
t 889 30.155038759689923
m 32 11
0 27 11
1 18 0
2 28 9
t 888 30.155038759689923
m 32 11
0 26 11
1 19 0
2 27 9
t 887 30.155038759689923
m 32 12
0 25 11
1 20 0
2 28 9
t 886 30.155038759689923
m 32 12
0 26 11
1 21 0
2 28 8
t 885 30.155038759689923
m 32 12
0 27 11
1 22 0
2 28 9
t 884 30.155038759689923
m 32 11
0 28 11
1 21 0
2 28 10
t 883 30.155038759689923
m 32 11
0 28 10
1 22 0
2 28 9
t 882 30.155038759689923
m 33 11
0 28 11
1 21 0
2 28 10
t 881 30.155038759689923
m 34 11
0 27 11
1 22 0
2 28 11
t 880 30.155038759689923
m 34 12
0 28 11
1 21 0
2 28 10
t 879 30.155038759689923
m 34 11
0 27 11
1 22 0
2 28 11
t 878 30.155038759689923
m 34 11
0 26 11
1 21 0
2 29 11
t 877 30.155038759689923
m 34 12
0 27 11
1 20 0
2 28 11
t 876 30.155038759689923
m 34 11
0 28 11
1 19 0
2 29 11
t 875 30.155038759689923
m 33 11
0 27 11
1 20 0
2 30 11
t 874 30.155038759689923
m 34 11
0 28 11
1 21 0
2 29 11
t 873 30.155038759689923
m 34 11
0 28 10
1 22 0
2 30 11
t 872 30.155038759689923
m 33 11
0 28 11
1 21 0
2 31 11
t 871 30.155038759689923
m 34 11
0 29 11
1 22 0
2 31 10
t 870 30.155038759689923
m 34 12
0 28 11
1 23 0
2 31 9
t 869 30.155038759689923
m 34 11
0 27 11
1 22 0
2 31 10
t 868 30.155038759689923
m 34 12
0 28 11
1 23 0
2 31 11
t 867 30.155038759689923
m 34 13
0 28 10
1 22 0
2 31 10
t 866 30.155038759689923
m 34 13
0 28 11
1 23 0
2 31 9
t 865 30.155038759689923
m 34 12
0 29 11
1 22 0
2 31 10
t 864 30.155038759689923
m 34 11
0 28 11
1 21 0
2 31 9
t 863 30.155038759689923
m 34 11
0 29 11
1 20 0
2 31 8
t 862 30.155038759689923
m 33 11
0 28 11
1 21 0
2 31 7
t 861 30.155038759689923
m 32 11
0 28 10
1 22 0
2 31 6
t 860 30.155038759689923
m 31 11
0 28 9
1 23 0
2 31 7
t 859 30.930232558139537
m 31 11
0 28 8
1 24 0
2 31 8
t 858 30.930232558139537
m 30 11
0 29 8
1 23 0
2 31 9
t 857 30.930232558139537
m 30 11
0 30 8
1 24 0
2 31 8
t 856 30.930232558139537
m 31 11
0 31 8
1 23 0
2 31 7
t 855 30.930232558139537
m 31 11
0 32 8
1 22 0
2 31 8
t 854 30.930232558139537
m 30 11
0 31 8
1 23 0
2 31 7
t 853 30.930232558139537
m 29 11
0 32 8
1 24 0
2 31 8
t 852 30.930232558139537
m 28 11
0 33 8
1 23 0
2 31 9
t 851 31.705426356589147
m 28 10
0 34 8
1 22 0
2 31 10
t 850 31.705426356589147
m 28 9
0 33 8
1 21 0
2 31 9
t 849 31.705426356589147
m 28 8
0 34 8
1 20 0
2 31 10
t 848 32.480620155038764
m 28 8
0 33 8
1 21 0
2 31 9
t 847 32.480620155038764
m 28 9
0 32 8
1 22 0
2 31 8
t 846 32.480620155038764
m 28 10
0 31 8
1 23 0
2 31 9
t 845 32.480620155038764
m 28 11
0 31 9
1 24 0
2 31 10
t 844 32.480620155038764
m 28 10
0 31 10
1 25 0
2 31 11
t 843 32.480620155038764
m 28 10
0 31 9
1 26 0
2 32 11
t 842 32.480620155038764
m 28 9
0 31 8
1 27 0
2 33 11
t 841 32.480620155038764
m 28 9
0 31 9
1 28 0
2 34 11
t 840 32.480620155038764
m 28 10
0 31 8
1 29 0
2 33 11
t 839 32.480620155038764
m 28 10
0 31 7
1 30 0
2 34 11
t 838 32.480620155038764
m 28 9
0 31 6
1 31 0
2 34 12
t 837 32.480620155038764
m 27 9
0 30 6
1 32 0
2 34 13
t 836 33.25581395348837
m 26 9
0 31 6
1 31 0
2 34 12
t 835 33.25581395348837
m 26 9
0 31 7
1 30 0
2 34 11
t 834 33.25581395348837
m 27 9
0 31 8
1 31 0
2 34 12
t 833 33.25581395348837
m 27 9
0 32 8
1 32 0
2 34 13
t 832 33.25581395348837
m 27 9
0 33 8
1 33 0
2 34 14
t 831 33.25581395348837
m 26 9
0 32 8
1 34 0
2 34 13
t 830 33.25581395348837
m 27 9
0 31 8
1 34 1
2 34 14
t 829 33.25581395348837
m 27 9
0 32 8
1 34 2
2 34 13
t 828 33.25581395348837
m 27 9
0 31 8
1 34 3
2 34 12
t 827 33.25581395348837
m 26 9
0 30 8
1 34 4
2 34 11
t 826 33.25581395348837
m 25 9
0 31 8
1 34 5
2 34 12
t 825 33.25581395348837
m 25 9
0 31 7
1 34 6
2 34 11
t 824 33.25581395348837
m 24 9
0 31 6
1 34 7
2 34 12
t 823 34.031007751937985
m 23 9
0 31 7
1 34 6
2 34 11
t 822 34.031007751937985
m 23 8
0 31 8
1 34 7
2 33 11
t 821 34.031007751937985
m 23 7
0 32 8
1 34 6
2 34 11
t 820 34.8062015503876
m 23 7
0 31 8
1 34 5
2 34 12
t 819 34.8062015503876
m 22 7
0 30 8
1 34 4
2 34 13
t 818 34.8062015503876
m 23 7
0 31 8
1 34 3
2 34 14
t 817 34.8062015503876
m 22 7
0 31 9
1 33 3
2 34 13
t 816 34.8062015503876
m 21 7
0 31 8
1 34 3
2 34 14
t 815 34.8062015503876
m 21 7
0 32 8
1 33 3
2 34 13
t 814 34.8062015503876
m 20 7
0 33 8
1 34 3
2 34 14
t 813 35.581395348837205
m 19 7
0 32 8
1 33 3
2 34 13
t 812 35.581395348837205
m 19 7
0 33 8
1 32 3
2 34 12
t 811 35.581395348837205
m 19 7
0 34 8
1 33 3
2 34 11
t 810 35.581395348837205
m 18 7
0 33 8
1 34 3
2 33 11
t 809 35.581395348837205
m 17 7
0 32 8
1 33 3
2 34 11
t 808 36.356589147286826
m 16 7
0 33 8
1 34 3
2 34 12
t 807 36.356589147286826
m 15 7
0 34 8
1 33 3
2 34 11
t 806 36.356589147286826
m 16 7
0 34 7
1 34 3
2 33 11
t 805 36.356589147286826
m 15 7
0 34 6
1 33 3
2 34 11
t 804 36.356589147286826
m 15 7
0 34 7
1 32 3
2 33 11
t 803 36.356589147286826
m 14 7
0 34 8
1 33 3
2 34 11
t 802 37.13178294573643
m 13 7
0 34 7
1 32 3
2 33 11
t 801 37.13178294573643
m 13 8
0 34 8
1 33 3
2 32 11
t 800 37.906976744186046
m 13 7
0 33 8
1 34 3
2 33 11
t 799 37.906976744186046
m 13 7
0 32 8
1 34 4
2 34 11
t 798 37.906976744186046
m 13 7
0 33 8
1 34 5
2 33 11
t 797 37.906976744186046
m 13 7
0 34 8
1 34 6
2 32 11
t 796 37.906976744186046
m 14 7
0 34 7
1 34 7
2 32 12
t 795 37.906976744186046
m 15 7
0 34 8
1 34 8
2 32 13
t 794 37.906976744186046
m 16 7
0 34 7
1 34 7
2 32 14
t 793 37.906976744186046
m 15 7
0 34 8
1 34 6
2 32 15
t 792 37.906976744186046
m 16 7
0 33 8
1 34 5
2 33 15
t 791 37.906976744186046
m 17 7
0 32 8
1 34 4
2 32 15
t 790 37.906976744186046
m 18 7
0 33 8
1 34 3
2 32 14
t 789 37.906976744186046
m 18 7
0 32 8
1 34 2
2 32 15
t 788 37.906976744186046
m 19 7
0 33 8
1 34 3
2 32 16
t 787 37.906976744186046
m 20 7
0 34 8
1 34 2
2 32 15
t 786 37.906976744186046
m 20 7
0 34 7
1 34 3
2 32 14
t 785 37.906976744186046
m 21 7
0 34 8
1 34 4
2 32 13
t 784 37.906976744186046
m 22 7
0 33 8
1 34 5
2 32 14
t 783 37.906976744186046
m 21 7
0 32 8
1 34 6
2 32 15
t 782 37.906976744186046
m 20 7
0 31 8
1 34 7
2 32 16
t 781 37.906976744186046
m 20 7
0 30 8
1 34 8
2 32 15
t 780 37.906976744186046
m 21 7
0 29 8
1 33 8
2 32 14
t 779 37.906976744186046
m 21 7
0 30 8
1 34 8
2 32 15
t 778 37.906976744186046
m 22 7
0 29 8
1 34 7
2 33 15
t 777 37.906976744186046
m 22 7
0 30 8
1 34 8
2 32 15
t 776 37.906976744186046
m 22 7
0 29 8
1 33 8
2 32 16
t 775 37.906976744186046
m 21 7
0 30 8
1 34 8
2 32 15
t 774 37.906976744186046
m 20 7
0 29 8
1 34 7
2 32 16
t 773 37.906976744186046
m 19 7
0 30 8
1 34 8
2 32 17
t 772 37.906976744186046
m 18 7
0 29 8
1 34 7
2 31 17
t 771 37.906976744186046
m 17 7
0 30 8
1 34 6
2 30 17
t 770 37.906976744186046
m 17 7
0 31 8
1 34 7
2 31 17
t 769 37.906976744186046
m 17 6
0 31 9
1 34 8
2 32 17
t 768 37.906976744186046
m 17 7
0 31 8
1 34 7
2 31 17
t 767 37.906976744186046
m 17 7
0 32 8
1 34 6
2 32 17
t 766 37.906976744186046
m 18 7
0 31 8
1 34 7
2 31 17
t 765 37.906976744186046
m 17 7
0 31 7
1 34 8
2 32 17
t 764 37.906976744186046
m 17 6
0 31 8
1 34 7
2 31 17
t 763 37.906976744186046
m 17 6
0 32 8
1 34 8
2 32 17
t 762 37.906976744186046
m 17 5
0 33 8
1 34 7
2 32 16
t 761 37.906976744186046
m 17 6
0 34 8
1 34 6
2 32 15
t 760 37.906976744186046
m 17 7
0 34 7
1 34 5
2 31 15
t 759 37.906976744186046
m 18 7
0 34 8
1 34 4
2 32 15
t 758 37.906976744186046
m 18 7
0 33 8
1 34 3
2 32 14
t 757 37.906976744186046
m 18 7
0 34 8
1 34 2
2 32 15
t 756 37.906976744186046
m 19 7
0 34 7
1 34 3
2 33 15
t 755 37.906976744186046
m 18 7
0 34 8
1 33 3
2 34 15
t 754 37.906976744186046
m 17 7
0 34 7
1 34 3
2 33 15
t 753 37.906976744186046
m 17 6
0 34 6
1 34 4
2 34 15
t 752 37.906976744186046
m 17 7
0 34 7
1 34 5
2 33 15
t 751 37.906976744186046
m 17 7
0 34 8
1 34 4
2 32 15
t 750 37.906976744186046
m 16 7
0 34 7
1 34 3
2 33 15
t 749 37.906976744186046
m 17 7
0 34 6
1 34 2
2 32 15
t 748 37.906976744186046
m 16 7
0 34 7
1 34 3
2 32 16
t 747 37.906976744186046
m 16 7
0 34 6
1 33 3
2 32 17
t 746 37.906976744186046
m 15 7
0 34 5
1 34 3
2 31 17
t 745 37.906976744186046
m 16 7
0 34 4
1 33 3
2 32 17
t 744 37.906976744186046
m 17 7
0 34 3
1 34 3
2 32 16
t 743 37.906976744186046
m 17 7
0 34 2
1 33 3
2 32 15
t 742 37.906976744186046
m 16 7
0 34 3
1 32 3
2 33 15
t 741 37.906976744186046
m 16 7
0 34 4
1 33 3
2 34 15
t 740 37.906976744186046
m 15 7
0 34 3
1 32 3
2 33 15
t 739 37.906976744186046
m 16 7
0 33 3
1 31 3
2 34 15
t 738 37.906976744186046
m 16 7
0 32 3
1 32 3
2 34 16
t 737 37.906976744186046
m 17 7
0 31 3
1 31 3
2 34 17
t 736 37.906976744186046
m 16 7
0 30 3
1 30 3
2 34 16
t 735 37.906976744186046
m 15 7
0 29 3
1 29 3
2 34 15
t 734 37.906976744186046
m 15 7
0 30 3
1 28 3
2 34 16
t 733 37.906976744186046
m 16 7
0 31 3
1 29 3
2 34 17
t 732 37.906976744186046
m 16 7
0 32 3
1 30 3
2 34 16
t 731 37.906976744186046
m 17 7
0 31 3
1 31 3
2 34 17
t 730 37.906976744186046
m 17 7
0 30 3
1 30 3
2 34 16
t 729 37.906976744186046
m 16 7
0 31 3
1 29 3
2 34 15
t 728 37.906976744186046
m 17 7
0 32 3
1 29 4
2 34 14
t 727 37.906976744186046
m 17 6
0 31 3
1 29 5
2 34 13
t 726 37.906976744186046
m 17 7
0 30 3
1 29 4
2 34 12
t 725 37.906976744186046
m 17 7
0 31 3
1 29 5
2 34 11
t 724 37.906976744186046
m 17 7
0 30 3
1 29 4
2 34 12
t 723 37.906976744186046
m 18 7
0 31 3
1 29 3
2 34 13
t 722 37.906976744186046
m 18 7
0 32 3
1 30 3
2 34 14
t 721 37.906976744186046
m 17 7
0 33 3
1 31 3
2 34 13
t 720 37.906976744186046
m 16 7
0 34 3
1 30 3
2 34 14
t 719 37.906976744186046
m 16 7
0 34 2
1 29 3
2 34 15
t 718 37.906976744186046
m 16 7
0 34 1
1 30 3
2 34 16
t 717 37.906976744186046
m 16 7
0 34 2
1 31 3
2 34 17
t 716 37.906976744186046
m 16 7
0 34 1
1 30 3
2 34 16
t 715 37.906976744186046
m 15 7
0 34 2
1 29 3
2 34 17
t 714 37.906976744186046
m 14 7
0 34 3
1 30 3
2 34 16
t 713 37.906976744186046
m 13 7
0 34 2
1 31 3
2 34 15
t 712 37.906976744186046
m 13 7
0 34 3
1 30 3
2 34 16
t 711 37.906976744186046
m 12 7
0 33 3
1 31 3
2 34 17
t 710 37.906976744186046
m 11 7
0 34 3
1 30 3
2 34 16
t 709 38.68217054263566
m 12 7
0 34 2
1 31 3
2 34 17
t 708 38.68217054263566
m 12 7
0 34 3
1 30 3
2 34 18
t 707 38.68217054263566
m 11 7
0 34 4
1 29 3
2 34 17
t 706 38.68217054263566
m 11 7
0 34 3
1 29 4
2 34 16
t 705 38.68217054263566
m 11 7
0 34 2
1 29 3
2 34 17
t 704 38.68217054263566
m 12 7
0 34 1
1 30 3
2 34 18
t 703 38.68217054263566
m 11 7
0 34 0
1 31 3
2 34 17
t 702 38.68217054263566
m 12 7
0 34 1
1 30 3
2 34 16
t 701 38.68217054263566
m 12 7
0 34 0
1 29 3
2 34 15
t 700 38.68217054263566
m 11 7
0 33 0
1 29 4
2 34 16
t 699 38.68217054263566
m 11 7
0 34 0
1 29 5
2 34 15
t 698 38.68217054263566
m 11 8
0 33 0
1 29 6
2 34 14
t 697 38.68217054263566
m 11 9
0 32 0
1 28 6
2 34 13
t 696 38.68217054263566
m 11 9
0 33 0
1 29 6
2 34 12
t 695 38.68217054263566
m 11 10
0 34 0
1 30 6
2 34 11
t 694 39.45736434108527
m 11 9
0 33 0
1 31 6
2 33 11
t 693 39.45736434108527
m 11 9
0 32 0
1 30 6
2 34 11
t 692 39.45736434108527
m 11 10
0 31 0
1 31 6
2 34 12
t 691 39.45736434108527
m 11 11
0 32 0
1 30 6
2 34 13
t 690 39.45736434108527
m 11 10
0 31 0
1 31 6
2 34 14
t 689 39.45736434108527
m 11 10
0 30 0
1 31 7
2 34 13
t 688 39.45736434108527
m 11 11
0 31 0
1 31 6
2 34 12
t 687 39.45736434108527
m 11 11
0 30 0
1 30 6
2 34 13
t 686 39.45736434108527
m 10 11
0 29 0
1 29 6
2 34 14
t 685 40.23255813953489
m 11 11
0 28 0
1 29 5
2 34 15
t 684 40.23255813953489
m 11 11
0 29 0
1 29 6
2 34 16
t 683 40.23255813953489
m 11 11
0 28 0
1 29 5
2 34 17
t 682 40.23255813953489
m 11 12
0 29 0
1 29 4
2 34 16
t 681 40.23255813953489
m 11 11
0 30 0
1 29 3
2 34 15
t 680 40.23255813953489
m 10 11
0 29 0
1 28 3
2 34 16
t 679 40.23255813953489
m 10 11
0 30 0
1 27 3
2 34 17
t 678 40.23255813953489
m 10 11
0 31 0
1 26 3
2 34 16
t 677 40.23255813953489
m 10 11
0 30 0
1 27 3
2 34 15
t 676 40.23255813953489
m 11 11
0 29 0
1 27 2
2 33 15
t 675 40.23255813953489
m 11 12
0 30 0
1 27 3
2 32 15
t 674 40.23255813953489
m 11 13
0 29 0
1 26 3
2 33 15
t 673 41.007751937984494
m 11 13
0 30 0
1 25 3
2 32 15
t 672 41.007751937984494
m 10 13
0 31 0
1 25 2
2 33 15
t 671 41.007751937984494
m 11 13
0 30 0
1 25 3
2 32 15
t 670 41.007751937984494
m 12 13
0 29 0
1 26 3
2 32 14
t 669 41.007751937984494
m 12 13
0 30 0
1 27 3
2 32 13
t 668 41.007751937984494
m 13 13
0 31 0
1 26 3
2 32 14
t 667 41.007751937984494
m 13 12
0 30 0
1 25 3
2 32 13
t 666 41.007751937984494
m 13 12
0 31 0
1 25 4
2 32 14
t 665 41.007751937984494
m 13 11
0 32 0
1 25 3
2 32 13
t 664 41.78294573643411
m 13 11
0 31 0
1 26 3
2 32 14
t 663 41.78294573643411
m 13 12
0 32 0
1 25 3
2 32 15
t 662 41.78294573643411
m 13 13
0 31 0
1 26 3
2 33 15
t 661 41.78294573643411
m 13 12
0 30 0
1 25 3
2 32 15
t 660 41.78294573643411
m 13 13
0 31 0
1 25 2
2 32 14
t 659 41.78294573643411
m 13 13
0 30 0
1 24 2
2 32 13
t 658 41.78294573643411
m 14 13
0 31 0
1 25 2
2 31 13
t 657 42.55813953488372
m 15 13
0 30 0
1 25 3
2 32 13
t 656 42.55813953488372
m 15 13
0 31 0
1 26 3
2 31 13
t 655 42.55813953488372
m 16 13
0 32 0
1 27 3
2 32 13
t 654 42.55813953488372
m 16 14
0 31 0
1 27 2
2 31 13
t 653 43.333333333333336
m 16 14
0 30 0
1 27 3
2 32 13
t 652 43.333333333333336
m 16 15
0 31 0
1 28 3
2 32 14
t 651 43.333333333333336
m 16 14
0 32 0
1 27 3
2 32 13
t 650 43.333333333333336
m 16 14
0 33 0
1 28 3
2 32 12
t 649 43.333333333333336
m 16 13
0 32 0
1 29 3
2 32 13
t 648 43.333333333333336
m 16 14
0 31 0
1 29 4
2 31 13
t 647 43.333333333333336
m 16 15
0 30 0
1 29 3
2 32 13
t 646 43.333333333333336
m 15 15
0 31 0
1 28 3
2 32 12
t 645 44.10852713178294
m 16 15
0 30 0
1 27 3
2 32 13
t 644 44.10852713178294
m 15 15
0 31 0
1 27 2
2 31 13
t 643 44.10852713178294
m 15 15
0 32 0
1 27 1
2 32 13
t 642 44.10852713178294
m 15 15
0 31 0
1 27 2
2 31 13
t 641 44.10852713178294
m 14 15
0 32 0
1 27 3
2 32 13
t 640 44.10852713178294
m 15 15
0 31 0
1 26 3
2 31 13
t 639 44.10852713178294
m 14 15
0 30 0
1 27 3
2 30 13
t 638 44.10852713178294
m 14 15
0 31 0
1 26 3
2 29 13
t 637 44.10852713178294
m 14 15
0 30 0
1 27 3
2 28 13
t 636 44.10852713178294
m 13 15
0 29 0
1 28 3
2 29 13
t 635 44.10852713178294
m 14 15
0 30 0
1 29 3
2 28 13
t 634 44.10852713178294
m 14 15
0 31 0
1 29 4
2 27 13
t 633 44.10852713178294
m 13 15
0 32 0
1 29 5
2 28 13
t 632 44.10852713178294
m 13 15
0 31 0
1 29 6
2 29 13
t 631 44.10852713178294
m 12 15
0 30 0
1 30 6
2 28 13
t 630 44.883720930232556
m 13 15
0 29 0
1 29 6
2 29 13
t 629 44.883720930232556
m 13 15
0 28 0
1 30 6
2 28 13
t 628 44.883720930232556
m 13 15
0 27 0
1 29 6
2 27 13
t 627 44.883720930232556
m 13 15
0 28 0
1 28 6
2 26 13
t 626 44.883720930232556
m 12 15
0 27 0
1 29 6
2 25 13
t 625 44.883720930232556
m 12 16
0 26 0
1 29 5
2 24 13
t 624 44.883720930232556
m 12 15
0 27 0
1 29 6
2 25 13
t 623 44.883720930232556
m 12 15
0 26 0
1 29 5
2 24 13
t 622 44.883720930232556
m 13 15
0 25 0
1 29 4
2 23 13
t 621 44.883720930232556
m 12 15
0 24 0
1 29 3
2 24 13
t 620 44.883720930232556
m 12 16
0 23 0
1 29 4
2 25 13
t 619 44.883720930232556
m 12 17
0 24 0
1 29 3
2 24 13
t 618 44.883720930232556
m 11 17
0 25 0
1 28 3
2 23 13
t 617 44.883720930232556
m 12 17
0 24 0
1 27 3
2 22 13
t 616 44.883720930232556
m 12 17
0 23 0
1 26 3
2 21 13
t 615 44.883720930232556
m 12 17
0 24 0
1 25 3
2 20 13
t 614 44.883720930232556
m 11 17
0 25 0
1 25 2
2 19 13
t 613 44.883720930232556
m 12 17
0 24 0
1 24 2
2 20 13
t 612 44.883720930232556
m 11 17
0 25 0
1 25 2
2 19 13
t 611 44.883720930232556
m 10 17
0 26 0
1 24 2
2 20 13
t 610 44.883720930232556
m 9 17
0 25 0
1 25 2
2 19 13
t 609 44.883720930232556
m 9 17
0 26 0
1 24 2
2 18 13
t 608 44.883720930232556
m 9 17
0 27 0
1 25 2
2 19 13
t 607 44.883720930232556
m 8 17
0 26 0
1 25 3
2 20 13
t 606 44.883720930232556
m 7 17
0 27 0
1 25 2
2 19 13
t 605 44.883720930232556
m 7 17
0 27 1
1 24 2
2 18 13
t 604 44.883720930232556
m 8 17
0 27 2
1 23 2
2 19 13
t 603 44.883720930232556
m 7 17
0 27 1
1 22 2
2 20 13
t 602 44.883720930232556
m 7 18
0 27 0
1 23 2
2 19 13
t 601 44.883720930232556
m 7 18
0 28 0
1 22 2
2 20 13
t 600 44.883720930232556
m 7 18
0 27 0
1 21 2
2 19 13
t 599 44.883720930232556
m 7 19
0 28 0
1 22 2
2 18 13
t 598 44.883720930232556
m 6 19
0 29 0
1 23 2
2 19 13
t 597 44.883720930232556
m 7 19
0 30 0
1 24 2
2 20 13
t 596 44.883720930232556
m 6 19
0 31 0
1 23 2
2 21 13
t 595 44.883720930232556
m 6 19
0 32 0
1 22 2
2 22 13
t 594 44.883720930232556
m 7 19
0 31 0
1 21 2
2 21 13
t 593 44.883720930232556
m 7 19
0 32 0
1 21 3
2 21 12
t 592 44.883720930232556
m 7 19
0 33 0
1 21 4
2 21 13
t 591 44.883720930232556
m 7 18
0 32 0
1 21 5
2 20 13
t 590 44.883720930232556
m 7 19
0 33 0
1 21 4
2 21 13
t 589 44.883720930232556
m 7 19
0 32 0
1 20 4
2 22 13
t 588 44.883720930232556
m 8 19
0 33 0
1 21 4
2 21 13
t 587 44.883720930232556
m 8 19
0 32 0
1 20 4
2 21 12
t 586 44.883720930232556
m 8 19
0 31 0
1 21 4
2 21 13
t 585 44.883720930232556
m 8 19
0 30 0
1 21 5
2 20 13
t 584 44.883720930232556
m 7 19
0 29 0
1 21 4
2 21 13
t 583 44.883720930232556
m 7 19
0 30 0
1 20 4
2 21 12
t 582 44.883720930232556
m 6 19
0 29 0
1 19 4
2 21 11
t 581 44.883720930232556
m 6 19
0 28 0
1 20 4
2 20 11
t 580 44.883720930232556
m 6 19
0 29 0
1 21 4
2 19 11
t 579 44.883720930232556
m 6 19
0 28 0
1 21 5
2 20 11
t 578 44.883720930232556
m 6 19
0 27 0
1 22 5
2 21 11
t 577 44.883720930232556
m 5 19
0 27 1
1 21 5
2 20 11
t 576 44.883720930232556
m 4 19
0 27 2
1 21 4
2 21 11
t 575 44.883720930232556
m 5 19
0 27 1
1 20 4
2 21 10
t 574 44.883720930232556
m 5 19
0 27 0
1 21 4
2 21 11
t 573 44.883720930232556
m 5 19
0 26 0
1 20 4
2 20 11
t 572 44.883720930232556
m 4 19
0 25 0
1 21 4
2 19 11
t 571 44.883720930232556
m 3 19
0 26 0
1 21 3
2 18 11
t 570 44.883720930232556
m 3 19
0 27 0
1 21 4
2 19 11
t 569 44.883720930232556
m 3 19
0 26 0
1 20 4
2 20 11
t 568 44.883720930232556
m 4 19
0 25 0
1 21 4
2 19 11
t 567 44.883720930232556
m 5 19
0 24 0
1 20 4
2 20 11
t 566 44.883720930232556
m 5 19
0 25 0
1 19 4
2 21 11
t 565 44.883720930232556
m 4 19
0 26 0
1 20 4
2 21 12
t 564 44.883720930232556
m 3 19
0 25 0
1 19 4
2 21 11
t 563 44.883720930232556
m 4 19
0 24 0
1 20 4
2 21 12
t 562 44.883720930232556
m 5 19
0 23 0
1 19 4
2 21 11
t 561 44.883720930232556
m 6 19
0 22 0
1 20 4
2 20 11
t 560 44.883720930232556
m 5 19
0 21 0
1 19 4
2 21 11
t 559 44.883720930232556
m 6 19
0 22 0
1 18 4
2 21 10
t 558 44.883720930232556
m 6 19
0 23 0
1 19 4
2 21 9
t 557 44.883720930232556
m 5 19
0 24 0
1 18 4
2 21 8
t 556 44.883720930232556
m 4 19
0 23 0
1 17 4
2 21 9
t 555 44.883720930232556
m 4 19
0 24 0
1 18 4
2 21 8
t 554 44.883720930232556
m 3 19
0 25 0
1 19 4
2 21 7
t 553 44.883720930232556
m 3 19
0 26 0
1 20 4
2 21 8
t 552 44.883720930232556
m 2 19
0 27 0
1 21 4
2 21 9
t 551 44.883720930232556
m 1 19
0 27 1
1 20 4
2 20 9
t 550 44.883720930232556
m 0 19
0 27 0
1 19 4
2 19 9
t 549 44.883720930232556
m 0 18
0 26 0
1 20 4
2 18 9
t 548 44.883720930232556
m 0 19
0 25 0
1 21 4
2 17 9
t 547 44.883720930232556
m 0 18
0 24 0
1 21 5
2 17 10
t 546 44.883720930232556
m 0 18
0 23 0
1 22 5
2 17 9
t 545 44.883720930232556
m 0 18
0 22 0
1 21 5
2 17 10
t 544 44.883720930232556
m 0 18
0 23 0
1 22 5
2 17 11
t 543 44.883720930232556
m 0 17
0 24 0
1 23 5
2 16 11
t 542 44.883720930232556
m 0 16
0 25 0
1 24 5
2 15 11
t 541 44.883720930232556
m 0 15
0 24 0
1 23 5
2 16 11
t 540 45.65891472868217
m 0 16
0 23 0
1 24 5
2 17 11
t 539 45.65891472868217
m 0 17
0 24 0
1 23 5
2 16 11
t 538 45.65891472868217
m 0 17
0 23 0
1 22 5
2 15 11
t 537 45.65891472868217
m 0 17
0 24 0
1 23 5
2 16 11
t 536 45.65891472868217
m 0 16
0 25 0
1 24 5
2 15 11
t 535 45.65891472868217
m 0 16
0 24 0
1 25 5
2 16 11
t 534 45.65891472868217
m 0 15
0 23 0
1 24 5
2 15 11
t 533 45.65891472868217
m 0 16
0 22 0
1 23 5
2 14 11
t 532 45.65891472868217
m 0 17
0 21 0
1 22 5
2 15 11
t 531 45.65891472868217
m 0 17
0 22 0
1 23 5
2 16 11
t 530 45.65891472868217
m 0 16
0 23 0
1 22 5
2 17 11
t 529 45.65891472868217
m 0 17
0 22 0
1 23 5
2 16 11
t 528 45.65891472868217
m 0 18
0 23 0
1 24 5
2 15 11
t 527 45.65891472868217
m 0 18
0 24 0
1 25 5
2 16 11
t 526 45.65891472868217
m 0 18
0 25 0
1 24 5
2 17 11
t 525 45.65891472868217
m 0 18
0 24 0
1 25 5
2 18 11
t 524 45.65891472868217
m 0 17
0 23 0
1 24 5
2 19 11
t 523 45.65891472868217
m 0 17
0 24 0
1 23 5
2 20 11
t 522 45.65891472868217
m 0 18
0 23 0
1 22 5
2 19 11
t 521 45.65891472868217
m 0 19
0 22 0
1 23 5
2 18 11
t 520 45.65891472868217
m 0 18
0 21 0
1 22 5
2 19 11
t 519 45.65891472868217
m 0 17
0 22 0
1 21 5
2 18 11
t 518 45.65891472868217
m 0 16
0 23 0
1 21 4
2 17 11
t 517 45.65891472868217
m 0 17
0 22 0
1 20 4
2 18 11
t 516 45.65891472868217
m 0 18
0 21 0
1 19 4
2 17 11
t 515 45.65891472868217
m 0 17
0 20 0
1 18 4
2 16 11
t 514 45.65891472868217
m 0 18
0 21 0
1 19 4
2 17 11
t 513 45.65891472868217
m 0 18
0 22 0
1 18 4
2 17 10
t 512 45.65891472868217
m 0 17
0 21 0
1 17 4
2 17 9
t 511 45.65891472868217
m 0 16
0 22 0
1 16 4
2 18 9
t 510 45.65891472868217
m 0 16
0 21 0
1 15 4
2 19 9
t 509 45.65891472868217
m 0 15
0 22 0
1 16 4
2 20 9
t 508 45.65891472868217
m 0 14
0 23 0
1 15 4
2 19 9
t 507 45.65891472868217
m 0 15
0 22 0
1 16 4
2 20 9
t 506 45.65891472868217
m 0 16
0 21 0
1 17 4
2 21 9
t 505 45.65891472868217
m 0 16
0 20 0
1 16 4
2 21 8
t 504 45.65891472868217
m 0 15
0 19 0
1 15 4
2 21 7
t 503 45.65891472868217
m 0 15
0 20 0
1 16 4
2 20 7
t 502 45.65891472868217
m 1 15
0 19 0
1 17 4
2 21 7
t 501 45.65891472868217
m 0 15
0 18 0
1 16 4
2 21 8
t 500 45.65891472868217
m 0 14
0 18 1
1 15 4
2 21 7
t 499 45.65891472868217
m 0 15
0 18 2
1 16 4
2 20 7
t 498 45.65891472868217
m 0 15
0 18 1
1 17 4
2 21 7
t 497 45.65891472868217
m 0 16
0 18 0
1 17 5
2 20 7
t 496 45.65891472868217
m 0 17
0 19 0
1 17 6
2 21 7
t 495 45.65891472868217
m 0 17
0 20 0
1 17 7
2 21 8
t 494 45.65891472868217
m 0 16
0 21 0
1 18 7
2 21 7
t 493 45.65891472868217
m 0 15
0 20 0
1 19 7
2 22 7
t 492 45.65891472868217
m 0 16
0 21 0
1 18 7
2 21 7
t 491 45.65891472868217
m 0 16
0 22 0
1 19 7
2 21 8
t 490 45.65891472868217
m 0 17
0 21 0
1 20 7
2 21 7
t 489 45.65891472868217
m 0 17
0 22 0
1 21 7
2 21 8
t 488 45.65891472868217
m 0 17
0 23 0
1 22 7
2 21 9
t 487 45.65891472868217
m 0 17
0 22 0
1 21 7
2 21 8
t 486 45.65891472868217
m 0 16
0 23 0
1 22 7
2 21 9
t 485 45.65891472868217
m 0 16
0 22 0
1 23 7
2 20 9
t 484 45.65891472868217
m 0 17
0 23 0
1 24 7
2 19 9
t 483 45.65891472868217
m 0 18
0 22 0
1 23 7
2 18 9
t 482 45.65891472868217
m 0 17
0 23 0
1 24 7
2 17 9
t 481 45.65891472868217
m 0 16
0 22 0
1 25 7
2 16 9
t 480 45.65891472868217
m 0 15
0 23 0
1 24 7
2 17 9
t 479 45.65891472868217
m 0 15
0 22 0
1 23 7
2 17 10
t 478 45.65891472868217
m 0 16
0 23 0
1 23 8
2 17 9
t 477 45.65891472868217
m 0 15
0 22 0
1 23 7
2 17 10
t 476 45.65891472868217
m 1 15
0 23 0
1 24 7
2 17 9
t 475 45.65891472868217
m 2 15
0 22 0
1 25 7
2 16 9
t 474 45.65891472868217
m 2 15
0 21 0
1 25 6
2 17 9
t 473 45.65891472868217
m 2 14
0 22 0
1 25 7
2 17 10
t 472 45.65891472868217
m 2 14
0 23 0
1 25 6
2 17 11
t 471 45.65891472868217
m 2 15
0 24 0
1 26 6
2 16 11
t 470 45.65891472868217
m 2 16
0 25 0
1 27 6
2 15 11
t 469 46.434108527131784
m 2 17
0 24 0
1 26 6
2 14 11
t 468 46.434108527131784
m 3 17
0 25 0
1 25 6
2 13 11
t 467 46.434108527131784
m 3 17
0 26 0
1 25 5
2 13 12
t 466 46.434108527131784
m 3 17
0 25 0
1 25 4
2 13 11
t 465 46.434108527131784
m 4 17
0 24 0
1 25 5
2 13 10
t 464 47.2093023255814
m 3 17
0 23 0
1 25 6
2 13 9
t 463 47.2093023255814
m 4 17
0 24 0
1 25 5
2 13 8
t 462 47.2093023255814
m 5 17
0 25 0
1 24 5
2 13 9
t 461 47.2093023255814
m 5 17
0 24 0
1 23 5
2 13 8
t 460 47.2093023255814
m 6 17
0 23 0
1 24 5
2 13 9
t 459 47.2093023255814
m 5 17
0 24 0
1 23 5
2 13 8
t 458 47.2093023255814
m 6 17
0 25 0
1 22 5
2 13 9
t 457 47.2093023255814
m 5 17
0 26 0
1 23 5
2 14 9
t 456 47.2093023255814
m 4 17
0 27 0
1 22 5
2 15 9
t 455 47.2093023255814
m 5 17
0 26 0
1 23 5
2 14 9
t 454 47.2093023255814
m 5 17
0 25 0
1 22 5
2 13 9
t 453 47.2093023255814
m 6 17
0 24 0
1 23 5
2 13 8
t 452 47.2093023255814
m 6 17
0 25 0
1 24 5
2 13 7
t 451 47.2093023255814
m 6 17
0 26 0
1 25 5
2 13 8
t 450 47.2093023255814
m 6 17
0 27 0
1 25 6
2 13 7
t 449 47.2093023255814
m 7 17
0 27 1
1 25 7
2 12 7
t 448 47.2093023255814
m 7 17
0 27 0
1 25 6
2 13 7
t 447 47.2093023255814
m 6 17
0 26 0
1 25 5
2 14 7
t 446 47.2093023255814
m 7 17
0 27 0
1 25 4
2 15 7
t 445 47.2093023255814
m 7 17
0 28 0
1 25 5
2 14 7
t 444 47.2093023255814
m 8 17
0 27 0
1 24 5
2 15 7
t 443 47.2093023255814
m 8 17
0 27 1
1 25 5
2 14 7
t 442 47.2093023255814
m 8 17
0 27 0
1 24 5
2 13 7
t 441 47.2093023255814
m 9 17
0 27 1
1 25 5
2 12 7
t 440 47.2093023255814
m 10 17
0 27 2
1 24 5
2 11 7
t 439 47.2093023255814
m 9 17
0 27 3
1 23 5
2 10 7
t 438 47.2093023255814
m 9 17
0 26 3
1 24 5
2 9 7
t 437 47.2093023255814
m 10 17
0 27 3
1 23 5
2 9 6
t 436 47.2093023255814
m 9 17
0 28 3
1 24 5
2 9 7
t 435 47.2093023255814
m 10 17
0 29 3
1 25 5
2 9 6
t 434 47.2093023255814
m 9 17
0 30 3
1 25 6
2 8 6
t 433 47.2093023255814
m 10 17
0 29 3
1 25 7
2 7 6
t 432 47.2093023255814
m 9 17
0 30 3
1 25 6
2 6 6
t 431 47.2093023255814
m 10 17
0 29 3
1 26 6
2 7 6
t 430 47.2093023255814
m 10 17
0 28 3
1 25 6
2 6 6
t 429 47.2093023255814
m 9 17
0 29 3
1 26 6
2 5 6
t 428 47.2093023255814
m 9 17
0 30 3
1 27 6
2 6 6
t 427 47.2093023255814
m 9 17
0 29 3
1 28 6
2 5 6
t 426 47.2093023255814
m 10 17
0 28 3
1 29 6
2 6 6
t 425 47.2093023255814
m 11 17
0 27 3
1 30 6
2 5 6
t 424 47.2093023255814
m 12 17
0 27 2
1 31 6
2 6 6
t 423 47.2093023255814
m 12 17
0 27 3
1 31 7
2 7 6
t 422 47.2093023255814
m 13 17
0 26 3
1 31 8
2 6 6
t 421 47.2093023255814
m 12 17
0 27 3
1 31 7
2 7 6
t 420 47.2093023255814
m 11 17
0 27 2
1 31 8
2 6 6
t 419 47.2093023255814
m 10 17
0 27 3
1 30 8
2 5 6
t 418 47.2093023255814
m 10 17
0 26 3
1 29 8
2 5 5
t 417 47.2093023255814
m 10 17
0 27 3
1 28 8
2 5 4
t 416 47.2093023255814
m 9 17
0 27 2
1 28 9
2 5 3
t 415 47.2093023255814
m 10 17
0 27 3
1 28 8
2 5 4
t 414 47.2093023255814
m 9 17
0 28 3
1 28 9
2 5 3
t 413 47.2093023255814
m 8 17
0 29 3
1 28 10
2 4 3
t 412 47.2093023255814
m 9 17
0 29 4
1 28 9
2 3 3
t 411 47.2093023255814
m 10 17
0 29 3
1 28 10
2 2 3
t 410 47.2093023255814
m 10 17
0 30 3
1 28 11
2 1 3
t 409 47.2093023255814
m 10 17
0 29 3
1 27 11
2 2 3
t 408 47.2093023255814
m 9 17
0 28 3
1 26 11
2 1 3
t 407 47.2093023255814
m 8 17
0 27 3
1 25 11
2 2 3
t 406 47.2093023255814
m 7 17
0 28 3
1 24 11
2 1 3
t 405 47.2093023255814
m 7 17
0 29 3
1 25 11
2 2 3
t 404 47.2093023255814
m 7 17
0 29 4
1 24 11
2 3 3
t 403 47.2093023255814
m 6 17
0 29 3
1 25 11
2 2 3
t 402 47.2093023255814
m 7 17
0 28 3
1 26 11
2 3 3
t 401 47.2093023255814
m 6 17
0 27 3
1 27 11
2 4 3
t 400 47.2093023255814
m 5 17
0 28 3
1 28 11
2 3 3
t 399 47.2093023255814
m 4 17
0 29 3
1 27 11
2 2 3
t 398 47.2093023255814
m 5 17
0 29 4
1 28 11
2 3 3
t 397 47.2093023255814
m 6 17
0 29 3
1 27 11
2 2 3
t 396 47.2093023255814
m 5 17
0 29 4
1 26 11
2 3 3
t 395 47.2093023255814
m 6 17
0 29 5
1 25 11
2 2 3
t 394 47.2093023255814
m 5 17
0 29 4
1 26 11
2 1 3
t 393 47.2093023255814
m 6 17
0 29 5
1 27 11
2 2 3
t 392 47.2093023255814
m 7 17
0 29 6
1 26 11
2 1 3
t 391 47.2093023255814
m 7 18
0 29 5
1 25 11
2 2 3
t 390 47.2093023255814
m 7 19
0 29 4
1 24 11
2 1 3
t 389 47.2093023255814
m 7 18
0 29 5
1 23 11
2 2 3
t 388 47.2093023255814
m 7 17
0 29 6
1 24 11
2 3 3
t 387 47.2093023255814
m 7 18
0 28 6
1 23 11
2 4 3
t 386 47.2093023255814
m 7 19
0 29 6
1 23 12
2 3 3
t 385 47.2093023255814
m 7 19
0 29 5
1 23 11
2 2 3
t 384 47.2093023255814
m 7 18
0 29 6
1 23 12
2 1 3
t 383 47.2093023255814
m 7 18
0 28 6
1 23 13
2 0 3
t 382 47.2093023255814
m 7 18
0 27 6
1 24 13
2 0 2
t 381 47.2093023255814
m 7 18
0 28 6
1 25 13
2 0 1
t 380 47.2093023255814
m 7 17
0 29 6
1 24 13
2 0 2
t 379 47.2093023255814
m 7 18
0 28 6
1 25 13
2 0 1
t 378 47.2093023255814
m 7 19
0 27 6
1 24 13
2 0 2
t 377 47.2093023255814
m 6 19
0 28 6
1 25 13
2 0 1
t 376 47.2093023255814
m 7 19
0 27 6
1 24 13
2 0 0
t 375 47.2093023255814
m 8 19
0 28 6
1 23 13
2 1 0
t 374 47.2093023255814
m 7 19
0 29 6
1 22 13
2 0 0
t 373 47.2093023255814
m 8 19
0 29 5
1 23 13
2 0 1
t 372 47.2093023255814
m 7 19
0 29 4
1 22 13
2 0 0
t 371 47.2093023255814
m 7 18
0 29 3
1 21 13
2 1 0
t 370 47.2093023255814
m 7 17
0 28 3
1 21 12
2 2 0
t 369 47.2093023255814
m 7 17
0 27 3
1 21 11
2 1 0
t 368 47.2093023255814
m 7 17
0 26 3
1 21 10
2 2 0
t 367 47.2093023255814
m 6 17
0 25 3
1 21 11
2 1 0
t 366 47.2093023255814
m 6 17
0 25 4
1 20 11
2 2 0
t 365 47.2093023255814
m 6 17
0 25 5
1 19 11
2 1 0
t 364 47.2093023255814
m 6 17
0 24 5
1 18 11
2 2 0
t 363 47.2093023255814
m 5 17
0 23 5
1 17 11
2 3 0
t 362 47.2093023255814
m 6 17
0 24 5
1 16 11
2 4 0
t 361 47.2093023255814
m 5 17
0 25 5
1 15 11
2 3 0
t 360 47.2093023255814
m 5 17
0 25 6
1 16 11
2 2 0
t 359 47.2093023255814
m 5 17
0 26 6
1 17 11
2 1 0
t 358 47.2093023255814
m 6 17
0 25 6
1 17 10
2 2 0
t 357 47.2093023255814
m 7 17
0 25 7
1 17 11
2 3 0
t 356 47.2093023255814
m 6 17
0 24 7
1 16 11
2 2 0
t 355 47.2093023255814
m 7 17
0 25 7
1 17 11
2 1 0
t 354 47.2093023255814
m 6 17
0 25 6
1 16 11
2 2 0
t 353 47.2093023255814
m 7 17
0 26 6
1 17 11
2 1 0
t 352 47.2093023255814
m 7 18
0 25 6
1 18 11
2 2 0
t 351 47.2093023255814
m 7 19
0 25 5
1 17 11
2 3 0
t 350 47.2093023255814
m 8 19
0 24 5
1 17 10
2 4 0
t 349 47.2093023255814
m 8 19
0 23 5
1 17 9
2 3 0
t 348 47.2093023255814
m 9 19
0 22 5
1 18 9
2 4 0
t 347 47.2093023255814
m 8 19
0 21 5
1 19 9
2 5 0
t 346 47.2093023255814
m 7 19
0 22 5
1 20 9
2 4 0
t 345 47.2093023255814
m 6 19
0 23 5
1 19 9
2 5 0
t 344 47.2093023255814
m 6 19
0 24 5
1 18 9
2 6 0
t 343 47.2093023255814
m 5 19
0 25 5
1 19 9
2 5 0
t 342 47.2093023255814
m 4 19
0 25 6
1 20 9
2 6 0
t 341 47.2093023255814
m 3 19
0 25 7
1 19 9
2 5 0
t 340 47.2093023255814
m 4 19
0 24 7
1 18 9
2 4 0
t 339 47.2093023255814
m 5 19
0 23 7
1 19 9
2 3 0
t 338 47.2093023255814
m 5 19
0 24 7
1 18 9
2 2 0
t 337 47.2093023255814
m 6 19
0 25 7
1 19 9
2 3 0
t 336 47.2093023255814
m 5 19
0 24 7
1 20 9
2 4 0
t 335 47.2093023255814
m 6 19
0 25 7
1 19 9
2 3 0
t 334 47.2093023255814
m 6 19
0 25 6
1 20 9
2 4 0
t 333 47.2093023255814
m 6 19
0 26 6
1 21 9
2 3 0
t 332 47.2093023255814
m 6 19
0 27 6
1 21 10
2 2 0
t 331 47.2093023255814
m 7 19
0 26 6
1 21 9
2 3 0
t 330 47.2093023255814
m 7 19
0 27 6
1 20 9
2 4 0
t 329 47.2093023255814
m 8 19
0 26 6
1 21 9
2 5 0
t 328 47.2093023255814
m 8 19
0 25 6
1 21 10
2 4 0
t 327 47.2093023255814
m 8 19
0 25 7
1 21 11
2 5 0
t 326 47.2093023255814
m 9 19
0 25 6
1 21 10
2 6 0
t 325 47.2093023255814
m 10 19
0 25 5
1 21 11
2 7 0
t 324 47.2093023255814
m 9 19
0 25 6
1 21 12
2 7 1
t 323 47.2093023255814
m 8 19
0 26 6
1 21 13
2 7 0
t 322 47.2093023255814
m 8 19
0 25 6
1 20 13
2 8 0
t 321 47.2093023255814
m 9 19
0 26 6
1 21 13
2 9 0
t 320 47.2093023255814
m 9 19
0 25 6
1 22 13
2 8 0
t 319 47.2093023255814
m 8 19
0 25 5
1 21 13
2 7 0
t 318 47.2093023255814
m 8 19
0 25 4
1 21 12
2 7 1
t 317 47.2093023255814
m 8 19
0 25 5
1 21 11
2 7 0
t 316 47.2093023255814
m 7 19
0 25 4
1 20 11
2 7 1
t 315 47.2093023255814
m 7 18
0 25 3
1 19 11
2 7 2
t 314 47.2093023255814
m 7 19
0 25 4
1 20 11
2 7 1
t 313 47.2093023255814
m 7 18
0 25 5
1 19 11
2 7 2
t 312 47.2093023255814
m 7 17
0 25 4
1 20 11
2 7 1
t 311 47.2093023255814
m 6 17
0 25 5
1 21 11
2 7 0
t 310 47.2093023255814
m 7 17
0 24 5
1 21 12
2 7 1
t 309 47.2093023255814
m 6 17
0 23 5
1 21 11
2 7 2
t 308 47.2093023255814
m 6 17
0 24 5
1 21 12
2 7 3
t 307 47.2093023255814
m 7 17
0 25 5
1 21 13
2 8 3
t 306 47.2093023255814
m 7 17
0 25 4
1 21 12
2 7 3
t 305 47.2093023255814
m 7 17
0 25 3
1 21 11
2 8 3
t 304 47.2093023255814
m 7 17
0 26 3
1 21 12
2 9 3
t 303 47.2093023255814
m 7 17
0 25 3
1 21 13
2 9 4
t 302 47.2093023255814
m 8 17
0 25 2
1 20 13
2 9 5
t 301 47.2093023255814
m 9 17
0 24 2
1 21 13
2 9 4
t 300 47.2093023255814
m 8 17
0 25 2
1 20 13
2 9 3
t 299 47.2093023255814
m 9 17
0 24 2
1 19 13
2 9 2
t 298 47.2093023255814
m 10 17
0 23 2
1 20 13
2 9 3
t 297 47.2093023255814
m 9 17
0 24 2
1 21 13
2 9 2
t 296 47.2093023255814
m 10 17
0 23 2
1 20 13
2 10 2
t 295 47.2093023255814
m 11 17
0 24 2
1 19 13
2 9 2
t 294 47.2093023255814
m 10 17
0 25 2
1 20 13
2 10 2
t 293 47.2093023255814
m 11 17
0 25 3
1 21 13
2 11 2
t 292 47.2093023255814
m 11 17
0 26 3
1 20 13
2 12 2
t 291 47.2093023255814
m 11 17
0 27 3
1 21 13
2 11 2
t 290 47.2093023255814
m 10 17
0 27 2
1 20 13
2 10 2
t 289 47.2093023255814
m 9 17
0 27 1
1 19 13
2 9 2
t 288 47.2093023255814
m 10 17
0 27 2
1 20 13
2 10 2
t 287 47.2093023255814
m 11 17
0 27 1
1 19 13
2 9 2
t 286 47.2093023255814
m 12 17
0 27 0
1 18 13
2 10 2
t 285 47.2093023255814
m 12 17
0 26 0
1 19 13
2 11 2
t 284 47.2093023255814
m 11 17
0 27 0
1 18 13
2 12 2
t 283 47.2093023255814
m 10 17
0 27 1
1 18 14
2 11 2
t 282 47.2093023255814
m 9 17
0 27 2
1 18 13
2 10 2
t 281 47.2093023255814
m 9 17
0 27 1
1 18 14
2 11 2
t 280 47.2093023255814
m 10 17
0 27 0
1 18 13
2 12 2
t 279 47.2093023255814
m 9 17
0 27 1
1 19 13
2 11 2
t 278 47.2093023255814
m 10 17
0 27 2
1 20 13
2 10 2
t 277 47.2093023255814
m 9 17
0 27 3
1 19 13
2 11 2
t 276 47.2093023255814
m 9 17
0 26 3
1 20 13
2 10 2
t 275 47.2093023255814
m 10 17
0 27 3
1 21 13
2 9 2
t 274 47.2093023255814
m 10 17
0 27 2
1 20 13
2 9 3
t 273 47.2093023255814
m 11 17
0 27 3
1 19 13
2 8 3
t 272 47.2093023255814
m 12 17
0 26 3
1 18 13
2 9 3
t 271 47.2093023255814
m 11 17
0 27 3
1 19 13
2 9 4
t 270 47.2093023255814
m 11 17
0 26 3
1 20 13
2 9 5
t 269 47.2093023255814
m 11 17
0 27 3
1 19 13
2 10 5
t 268 47.2093023255814
m 12 17
0 26 3
1 20 13
2 9 5
t 267 47.2093023255814
m 13 17
0 27 3
1 21 13
2 9 6
t 266 47.2093023255814
m 12 17
0 27 2
1 21 12
2 9 7
t 265 47.2093023255814
m 13 17
0 27 1
1 21 11
2 9 6
t 264 47.2093023255814
m 12 17
0 27 0
1 20 11
2 9 7
t 263 47.2093023255814
m 11 17
0 28 0
1 21 11
2 10 7
t 262 47.2093023255814
m 12 17
0 27 0
1 20 11
2 9 7
t 261 47.2093023255814
m 13 17
0 26 0
1 21 11
2 9 6
t 260 47.2093023255814
m 14 17
0 27 0
1 21 12
2 9 7
t 259 47.2093023255814
m 13 17
0 26 0
1 21 11
2 9 6
t 258 47.2093023255814
m 13 17
0 27 0
1 21 10
2 8 6
t 257 47.2093023255814
m 14 17
0 28 0
1 21 11
2 9 6
t 256 47.2093023255814
m 14 17
0 29 0
1 21 10
2 8 6
t 255 47.2093023255814
m 14 17
0 30 0
1 21 9
2 7 6
t 254 47.2093023255814
m 13 17
0 31 0
1 21 10
2 8 6
t 253 47.2093023255814
m 14 17
0 32 0
1 21 9
2 9 6
t 252 47.2093023255814
m 14 17
0 33 0
1 21 8
2 9 5
t 251 47.2093023255814
m 13 17
0 34 0
1 21 7
2 9 6
t 250 47.2093023255814
m 13 17
0 34 1
1 20 7
2 9 7
t 249 47.2093023255814
m 13 17
0 34 2
1 21 7
2 10 7
t 248 47.2093023255814
m 14 17
0 34 1
1 21 8
2 11 7
t 247 47.2093023255814
m 15 17
0 34 2
1 21 7
2 12 7
t 246 47.2093023255814
m 16 17
0 34 1
1 20 7
2 11 7
t 245 47.2093023255814
m 15 17
0 34 0
1 21 7
2 10 7
t 244 47.2093023255814
m 14 17
0 33 0
1 22 7
2 9 7
t 243 47.2093023255814
m 14 17
0 34 0
1 23 7
2 10 7
t 242 47.2093023255814
m 15 17
0 34 1
1 24 7
2 9 7
t 241 47.2093023255814
m 16 17
0 34 2
1 25 7
2 9 6
t 240 47.2093023255814
m 17 17
0 34 3
1 24 7
2 9 5
t 239 47.2093023255814
m 18 17
0 34 2
1 25 7
2 9 6
t 238 47.2093023255814
m 18 18
0 34 1
1 24 7
2 9 5
t 237 47.2093023255814
m 18 18
0 34 0
1 25 7
2 9 6
t 236 47.2093023255814
m 18 17
0 33 0
1 24 7
2 9 5
t 235 47.2093023255814
m 19 17
0 34 0
1 25 7
2 9 4
t 234 47.2093023255814
m 18 17
0 34 1
1 24 7
2 9 3
t 233 47.2093023255814
m 18 16
0 34 2
1 25 7
2 9 4
t 232 47.2093023255814
m 18 16
0 34 3
1 24 7
2 9 5
t 231 47.2093023255814
m 18 15
0 33 3
1 23 7
2 9 6
t 230 47.2093023255814
m 18 15
0 34 3
1 22 7
2 9 5
t 229 47.2093023255814
m 18 15
0 34 2
1 23 7
2 9 6
t 228 47.2093023255814
m 19 15
0 34 1
1 23 8
2 8 6
t 227 47.2093023255814
m 18 15
0 34 0
1 23 9
2 7 6
t 226 47.2093023255814
m 19 15
0 34 1
1 24 9
2 6 6
t 225 47.2093023255814
m 18 15
0 34 0
1 23 9
2 7 6
t 224 47.2093023255814
m 18 14
0 34 1
1 23 8
2 6 6
t 223 47.2093023255814
m 17 14
0 34 2
1 23 7
2 5 6
t 222 47.2093023255814
m 17 14
0 34 3
1 24 7
2 4 6
t 221 47.2093023255814
m 16 14
0 33 3
1 23 7
2 5 6
t 220 47.2093023255814
m 16 15
0 32 3
1 23 8
2 4 6
t 219 47.2093023255814
m 16 16
0 31 3
1 23 7
2 3 6
t 218 47.2093023255814
m 16 17
0 32 3
1 22 7
2 3 7
t 217 47.2093023255814
m 16 17
0 33 3
1 21 7
2 3 6
t 216 47.2093023255814
m 16 16
0 34 3
1 21 8
2 3 7
t 215 47.2093023255814
m 16 17
0 34 2
1 21 7
2 3 8
t 214 47.2093023255814
m 16 17
0 34 1
1 21 8
2 4 8
t 213 47.2093023255814
m 15 17
0 34 2
1 21 9
2 5 8
t 212 47.2093023255814
m 16 17
0 34 3
1 20 9
2 4 8
t 211 47.2093023255814
m 15 17
0 34 4
1 21 9
2 5 8
t 210 47.2093023255814
m 15 17
0 34 5
1 21 10
2 6 8
t 209 47.2093023255814
m 16 17
0 34 4
1 21 9
2 6 9
t 208 47.2093023255814
m 15 17
0 34 3
1 20 9
2 6 10
t 207 47.2093023255814
m 15 17
0 33 3
1 21 9
2 6 9
t 206 47.2093023255814
m 16 17
0 34 3
1 21 10
2 7 9
t 205 47.2093023255814
m 15 17
0 34 4
1 21 9
2 6 9
t 204 47.2093023255814
m 15 17
0 34 5
1 21 10
2 7 9
t 203 47.2093023255814
m 14 17
0 34 6
1 21 9
2 8 9
t 202 47.2093023255814
m 14 17
0 34 7
1 21 8
2 7 9
t 201 47.2093023255814
m 13 17
0 34 8
1 21 7
2 8 9
t 200 47.2093023255814
m 13 17
0 34 7
1 20 7
2 9 9
t 199 47.2093023255814
m 14 17
0 34 6
1 19 7
2 10 9
t 198 47.2093023255814
m 13 17
0 34 5
1 20 7
2 11 9
t 197 47.2093023255814
m 12 17
0 34 6
1 19 7
2 11 8
t 196 47.2093023255814
m 12 16
0 34 7
1 20 7
2 11 7
t 195 47.2093023255814
m 12 16
0 34 8
1 19 7
2 12 7
t 194 47.2093023255814
m 12 15
0 33 8
1 18 7
2 13 7
t 193 47.2093023255814
m 12 15
0 32 8
1 19 7
2 14 7
t 192 47.2093023255814
m 12 15
0 31 8
1 20 7
2 13 7
t 191 47.2093023255814
m 12 15
0 30 8
1 19 7
2 12 7
t 190 47.2093023255814
m 12 15
0 31 8
1 20 7
2 11 7
t 189 47.2093023255814
m 12 15
0 32 8
1 21 7
2 11 8
t 188 47.2093023255814
m 12 16
0 33 8
1 22 7
2 11 7
t 187 47.2093023255814
m 12 15
0 34 8
1 23 7
2 12 7
t 186 47.2093023255814
m 12 16
0 33 8
1 23 8
2 13 7
t 185 47.2093023255814
m 12 16
0 34 8
1 23 9
2 14 7
t 184 47.2093023255814
m 12 16
0 34 7
1 23 10
2 13 7
t 183 47.2093023255814
m 12 15
0 34 6
1 23 11
2 13 8
t 182 47.2093023255814
m 12 16
0 34 7
1 24 11
2 13 7
t 181 47.2093023255814
m 12 17
0 34 6
1 23 11
2 13 8
t 180 47.2093023255814
m 13 17
0 34 5
1 24 11
2 13 7
t 179 47.2093023255814
m 12 17
0 34 6
1 25 11
2 13 8
t 178 47.2093023255814
m 12 16
0 34 7
1 26 11
2 13 7
t 177 47.2093023255814
m 12 15
0 34 8
1 27 11
2 14 7
t 176 47.2093023255814
m 13 15
0 34 7
1 28 11
2 15 7
t 175 47.2093023255814
m 13 15
0 34 6
1 29 11
2 14 7
t 174 47.2093023255814
m 12 15
0 34 5
1 30 11
2 15 7
t 173 47.2093023255814
m 13 15
0 34 6
1 29 11
2 14 7
t 172 47.2093023255814
m 13 15
0 34 5
1 28 11
2 13 7
t 171 47.2093023255814
m 12 15
0 34 6
1 28 10
2 12 7
t 170 47.2093023255814
m 12 16
0 34 5
1 28 11
2 11 7
t 169 47.2093023255814
m 12 15
0 34 6
1 29 11
2 12 7
t 168 47.2093023255814
m 12 16
0 34 7
1 30 11
2 11 7
t 167 47.2093023255814
m 12 17
0 34 6
1 29 11
2 10 7
t 166 47.2093023255814
m 11 17
0 34 5
1 30 11
2 9 7
t 165 47.2093023255814
m 10 17
0 34 4
1 31 11
2 10 7
t 164 47.2093023255814
m 10 17
0 34 3
1 32 11
2 11 7
t 163 47.2093023255814
m 10 17
0 34 4
1 33 11
2 10 7
t 162 47.2093023255814
m 10 17
0 34 5
1 34 11
2 9 7
t 161 47.2093023255814
m 9 17
0 34 6
1 33 11
2 10 7
t 160 47.2093023255814
m 10 17
0 34 5
1 34 11
2 9 7
t 159 47.2093023255814
m 9 17
0 34 4
1 34 12
2 10 7
t 158 47.2093023255814
m 9 17
0 34 3
1 34 11
2 9 7
t 157 47.2093023255814
m 8 17
0 33 3
1 34 12
2 9 6
t 156 47.2093023255814
m 8 17
0 32 3
1 34 13
2 8 6
t 155 47.2093023255814
m 9 17
0 31 3
1 34 14
2 9 6
t 154 47.2093023255814
m 10 17
0 32 3
1 34 15
2 8 6
t 153 47.2093023255814
m 10 17
0 33 3
1 34 14
2 9 6
t 152 47.2093023255814
m 9 17
0 32 3
1 34 13
2 9 7
t 151 47.2093023255814
m 8 17
0 31 3
1 34 12
2 10 7
t 150 47.2093023255814
m 9 17
0 30 3
1 34 11
2 9 7
t 149 47.2093023255814
m 8 17
0 31 3
1 34 12
2 10 7
t 148 47.2093023255814
m 9 17
0 32 3
1 34 13
2 11 7
t 147 47.2093023255814
m 10 17
0 33 3
1 34 14
2 12 7
t 146 47.2093023255814
m 9 17
0 32 3
1 34 13
2 13 7
t 145 47.2093023255814
m 10 17
0 31 3
1 34 12
2 13 8
t 144 47.2093023255814
m 9 17
0 30 3
1 34 11
2 13 7
t 143 47.2093023255814
m 10 17
0 31 3
1 33 11
2 13 8
t 142 47.2093023255814
m 9 17
0 32 3
1 34 11
2 13 7
t 141 47.2093023255814
m 9 17
0 31 3
1 33 11
2 13 8
t 140 47.2093023255814
m 8 17
0 30 3
1 34 11
2 13 9
t 139 47.2093023255814
m 8 17
0 29 3
1 34 12
2 13 8
t 138 47.2093023255814
m 9 17
0 28 3
1 34 11
2 13 7
t 137 47.2093023255814
m 8 17
0 29 3
1 33 11
2 13 8
t 136 47.2093023255814
m 9 17
0 28 3
1 34 11
2 13 9
t 135 47.2093023255814
m 8 17
0 27 3
1 34 12
2 13 10
t 134 47.2093023255814
m 8 17
0 26 3
1 34 11
2 13 9
t 133 47.2093023255814
m 9 17
0 25 3
1 34 12
2 13 10
t 132 47.2093023255814
m 10 17
0 25 4
1 34 13
2 13 9
t 131 47.2093023255814
m 10 17
0 25 3
1 34 14
2 13 10
t 130 47.2093023255814
m 11 17
0 25 4
1 34 15
2 13 11
t 129 47.2093023255814
m 11 17
0 25 5
1 33 15
2 13 10
t 128 47.2093023255814
m 10 17
0 25 6
1 34 15
2 13 9
t 127 47.2093023255814
m 11 17
0 26 6
1 34 16
2 13 8
t 126 47.2093023255814
m 10 17
0 25 6
1 34 17
2 13 7
t 125 47.2093023255814
m 11 17
0 26 6
1 34 18
2 12 7
t 124 47.2093023255814
m 10 17
0 27 6
1 34 17
2 13 7
t 123 47.2093023255814
m 11 17
0 28 6
1 34 16
2 14 7
t 122 47.2093023255814
m 12 17
0 29 6
1 34 17
2 13 7
t 121 47.2093023255814
m 12 17
0 28 6
1 34 16
2 12 7
t 120 47.2093023255814
m 12 17
0 27 6
1 34 15
2 11 7
t 119 47.2093023255814
m 11 17
0 26 6
1 33 15
2 10 7
t 118 47.2093023255814
m 11 17
0 25 6
1 32 15
2 11 7
t 117 47.2093023255814
m 12 17
0 26 6
1 32 14
2 10 7
t 116 47.2093023255814
m 12 16
0 27 6
1 32 13
2 11 7
t 115 47.2093023255814
m 12 15
0 26 6
1 31 13
2 11 8
t 114 47.2093023255814
m 12 15
0 27 6
1 32 13
2 11 7
t 113 47.2093023255814
m 11 15
0 28 6
1 31 13
2 11 8
t 112 47.2093023255814
m 12 15
0 29 6
1 30 13
2 11 9
t 111 47.2093023255814
m 11 15
0 30 6
1 29 13
2 11 8
t 110 47.2093023255814
m 10 15
0 31 6
1 28 13
2 11 9
t 109 47.2093023255814
m 9 15
0 31 7
1 29 13
2 11 10
t 108 47.98449612403101
m 9 15
0 31 6
1 28 13
2 11 11
t 107 47.98449612403101
m 9 15
0 30 6
1 29 13
2 11 12
t 106 47.98449612403101
m 10 15
0 31 6
1 28 13
2 11 11
t 105 47.98449612403101
m 10 15
0 31 7
1 27 13
2 10 11
t 104 47.98449612403101
m 10 15
0 31 8
1 28 13
2 11 11
t 103 47.98449612403101
m 9 15
0 31 7
1 27 13
2 11 12
t 102 47.98449612403101
m 9 15
0 31 6
1 28 13
2 11 11
t 101 47.98449612403101
m 9 15
0 31 7
1 27 13
2 10 11
t 100 47.98449612403101
m 8 15
0 31 8
1 28 13
2 9 11
t 99 47.98449612403101
m 9 15
0 31 7
1 29 13
2 10 11
t 98 47.98449612403101
m 10 15
0 31 8
1 30 13
2 11 11
t 97 47.98449612403101
m 9 15
0 31 9
1 29 13
2 11 10
t 96 47.98449612403101
m 8 15
0 31 10
1 28 13
2 11 9
t 95 47.98449612403101
m 8 15
0 31 9
1 27 13
2 10 9
t 94 47.98449612403101
m 7 15
0 31 10
1 26 13
2 9 9
t 93 47.98449612403101
m 7 15
0 31 9
1 26 14
2 10 9
t 92 47.98449612403101
m 8 15
0 31 8
1 26 13
2 9 9
t 91 47.98449612403101
m 9 15
0 32 8
1 26 14
2 10 9
t 90 47.98449612403101
m 10 15
0 31 8
1 26 15
2 11 9
t 89 47.98449612403101
m 11 15
0 31 7
1 26 14
2 11 8
t 88 47.98449612403101
m 12 15
0 31 8
1 26 13
2 11 7
t 87 47.98449612403101
m 12 16
0 30 8
1 25 13
2 12 7
t 86 47.98449612403101
m 12 16
0 31 8
1 24 13
2 13 7
t 85 47.98449612403101
m 12 16
0 32 8
1 23 13
2 12 7
t 84 47.98449612403101
m 12 17
0 33 8
1 23 12
2 13 7
t 83 47.98449612403101
m 12 17
0 32 8
1 23 11
2 14 7
t 82 47.98449612403101
m 12 16
0 31 8
1 23 10
2 13 7
t 81 47.98449612403101
m 12 17
0 30 8
1 23 11
2 13 8
t 80 47.98449612403101
m 11 17
0 31 8
1 23 10
2 13 7
t 79 47.98449612403101
m 12 17
0 31 9
1 23 11
2 14 7
t 78 47.98449612403101
m 13 17
0 31 10
1 23 10
2 15 7
t 77 47.98449612403101
m 13 17
0 31 9
1 23 11
2 14 7
t 76 47.98449612403101
m 13 17
0 31 8
1 23 12
2 15 7
t 75 47.98449612403101
m 12 17
0 32 8
1 23 11
2 14 7
t 74 47.98449612403101
m 11 17
0 33 8
1 23 10
2 13 7
t 73 47.98449612403101
m 12 17
0 34 8
1 23 11
2 14 7
t 72 47.98449612403101
m 12 16
0 33 8
1 23 10
2 13 7
t 71 47.98449612403101
m 12 17
0 34 8
1 23 9
2 12 7
t 70 47.98449612403101
m 12 17
0 33 8
1 23 8
2 13 7
t 69 47.98449612403101
m 12 16
0 34 8
1 23 7
2 14 7
t 68 47.98449612403101
m 12 16
0 34 7
1 23 8
2 13 7
t 67 47.98449612403101
m 12 15
0 34 6
1 23 9
2 14 7
t 66 47.98449612403101
m 11 15
0 34 7
1 24 9
2 13 7
t 65 47.98449612403101
m 12 15
0 34 6
1 25 9
2 12 7
t 64 47.98449612403101
m 11 15
0 34 7
1 24 9
2 13 7
t 63 47.98449612403101
m 11 15
0 34 8
1 25 9
2 12 7
t 62 47.98449612403101
m 10 15
0 34 7
1 26 9
2 13 7
t 61 47.98449612403101
m 9 15
0 34 6
1 27 9
2 14 7
t 60 47.98449612403101
m 8 15
0 34 7
1 26 9
2 15 7
t 59 47.98449612403101
m 9 15
0 34 8
1 27 9
2 14 7
t 58 47.98449612403101
m 9 15
0 33 8
1 26 9
2 13 7
t 57 47.98449612403101
m 9 15
0 34 8
1 27 9
2 14 7
t 56 47.98449612403101
m 10 15
0 34 7
1 26 9
2 15 7
t 55 47.98449612403101
m 9 15
0 34 6
1 27 9
2 16 7
t 54 47.98449612403101
m 8 15
0 34 7
1 26 9
2 15 7
t 53 47.98449612403101
m 8 14
0 34 6
1 25 9
2 14 7
t 52 47.98449612403101
m 8 14
0 34 7
1 24 9
2 13 7
t 51 47.98449612403101
m 8 15
0 34 8
1 23 9
2 13 8
t 50 47.98449612403101
m 7 15
0 34 7
1 24 9
2 13 9
t 49 47.98449612403101
m 7 15
0 34 8
1 25 9
2 14 9
t 48 47.98449612403101
m 8 15
0 33 8
1 26 9
2 15 9
t 47 47.98449612403101
m 9 15
0 32 8
1 25 9
2 16 9
t 46 47.98449612403101
m 8 15
0 31 8
1 26 9
2 15 9
t 45 47.98449612403101
m 9 15
0 31 9
1 25 9
2 14 9
t 44 47.98449612403101
m 10 15
0 31 10
1 26 9
2 13 9
t 43 47.98449612403101
m 11 15
0 31 9
1 25 9
2 14 9
t 42 47.98449612403101
m 10 15
0 31 8
1 24 9
2 13 9
t 41 47.98449612403101
m 10 15
0 32 8
1 23 9
2 14 9
t 40 47.98449612403101
m 9 15
0 33 8
1 23 8
2 15 9
t 39 47.98449612403101
m 8 15
0 34 8
1 23 7
2 14 9
t 38 47.98449612403101
m 9 15
0 34 7
1 22 7
2 13 9
t 37 47.98449612403101
m 10 15
0 34 8
1 23 7
2 14 9
t 36 47.98449612403101
m 11 15
0 34 7
1 22 7
2 15 9
t 35 47.98449612403101
m 10 15
0 34 6
1 21 7
2 14 9
t 34 47.98449612403101
m 11 15
0 34 7
1 22 7
2 13 9
t 33 47.98449612403101
m 10 15
0 34 6
1 21 7
2 13 8
t 32 47.98449612403101
m 9 15
0 34 5
1 21 8
2 13 9
t 31 47.98449612403101
m 10 15
0 34 6
1 21 7
2 14 9
t 30 47.98449612403101
m 11 15
0 34 5
1 21 8
2 13 9
t 29 47.98449612403101
m 10 15
0 34 4
1 21 7
2 13 8
t 28 47.98449612403101
m 9 15
0 34 5
1 22 7
2 13 7
t 27 47.98449612403101
m 8 15
0 34 6
1 21 7
2 14 7
t 26 47.98449612403101
m 8 14
0 34 5
1 22 7
2 13 7
t 25 47.98449612403101
m 8 14
0 34 4
1 23 7
2 14 7
t 24 47.98449612403101
m 8 15
0 34 5
1 22 7
2 15 7
t 23 47.98449612403101
m 8 15
0 34 6
1 23 7
2 16 7
t 22 47.98449612403101
m 7 15
0 34 5
1 22 7
2 17 7
t 21 47.98449612403101
m 6 15
0 34 4
1 21 7
2 16 7
t 20 48.75968992248062
m 7 15
0 34 5
1 22 7
2 15 7
t 19 48.75968992248062
m 6 15
0 34 6
1 21 7
2 16 7
t 18 48.75968992248062
m 7 15
0 34 5
1 22 7
2 17 7
t 17 48.75968992248062
m 8 15
0 34 4
1 23 7
2 16 7
t 16 48.75968992248062
m 8 14
0 34 3
1 23 8
2 17 7
t 15 48.75968992248062
m 8 14
0 34 4
1 23 7
2 16 7
t 14 48.75968992248062
m 8 14
0 34 3
1 22 7
2 15 7
t 13 48.75968992248062
m 8 14
0 34 4
1 23 7
2 14 7
t 12 48.75968992248062
m 8 13
0 34 3
1 23 8
2 13 7
t 11 49.53488372093023
m 8 14
0 34 4
1 23 9
2 13 8
t 10 49.53488372093023
m 8 13
0 34 5
1 23 10
2 13 9
t 9 49.53488372093023
m 7 13
0 34 6
1 23 11
2 13 10
t 8 49.53488372093023
m 8 13
0 34 7
1 23 12
2 13 11
t 7 49.53488372093023
m 8 14
0 34 8
1 23 11
2 13 12
t 6 49.53488372093023
m 8 15
0 34 7
1 23 12
2 13 13
t 5 49.53488372093023
m 8 14
0 34 8
1 23 11
2 12 13
t 4 49.53488372093023
m 8 14
0 33 8
1 23 12
2 11 13
t 3 49.53488372093023
m 8 15
0 34 8
1 23 11
2 11 12
t 2 49.53488372093023
m 8 14
0 34 7
1 24 11
2 11 11
t 1 49.53488372093023
m 8 15
0 34 8
1 25 11
2 11 12
t 0 49.53488372093023
