1000 0 5.033333333333333
1500 0 14.366666666666667
2000 0 16.133333333333333
2500 0 17.266666666666666
3000 0 17.533333333333335
3500 2.663666666666667 18.633333333333333
4000 6.1659 18.866666666666667
4500 7.875833333333333 19.2
5000 8.748133333333334 19.666666666666668
5500 9.535699999999999 19.866666666666667
6000 10.291766666666668 20.633333333333333
6500 10.962066666666667 20.966666666666665
7000 11.581266666666666 21.066666666666666
7500 12.220233333333331 21.433333333333334
8000 12.859233333333334 21.8
8500 13.452366666666668 22.066666666666666
9000 14.023800000000001 22.3
9500 14.564833333333334 22.666666666666668
10000 15.032099999999998 22.9
10500 15.462533333333333 23.133333333333333
11000 15.8699 23.3
11500 16.279600000000002 23.633333333333333
12000 16.718533333333333 23.833333333333332
12500 17.103900000000003 24.233333333333334
13000 17.477199999999996 24.533333333333335
13500 17.833199999999998 24.666666666666668
14000 18.201300000000003 24.8
14500 18.555199999999996 24.966666666666665
15000 18.909633333333332 25.1
15500 19.269833333333334 25.233333333333334
16000 19.617200000000004 25.433333333333334
16500 19.952899999999996 25.766666666666666
17000 20.295299999999997 26.133333333333333
17500 20.6116 26.333333333333332
18000 20.942899999999998 26.466666666666665
18500 21.249533333333332 26.566666666666666
19000 21.556299999999997 26.666666666666668
19500 21.830199999999998 26.733333333333334
20000 22.112833333333338 26.833333333333332
20500 22.39133333333334 26.966666666666665
21000 22.636666666666663 27.1
21500 22.868666666666666 27.2
22000 23.108900000000006 27.266666666666666
22500 23.325033333333334 27.5
23000 23.554566666666666 27.566666666666666
23500 23.766166666666667 27.7
24000 23.987833333333338 27.9
24500 24.16416666666667 28.133333333333333
25000 24.362600000000004 28.166666666666668
25500 24.559600000000007 28.266666666666666
26000 24.767999999999994 28.366666666666667
26500 24.9628 28.466666666666665
27000 25.17900000000001 28.633333333333333
27500 25.38153333333333 28.7
28000 25.570899999999995 28.933333333333334
28500 25.744433333333333 29.1
29000 25.899866666666675 29.133333333333333
29500 26.05326666666667 29.166666666666668
30000 26.20156666666667 29.266666666666666
30500 26.33143333333334 29.366666666666667
31000 26.458900000000003 29.633333333333333
31500 26.580433333333325 29.833333333333332
32000 26.7221 30.0
32500 26.8364 30.1
33000 26.94796666666666 30.2
33500 27.063233333333336 30.233333333333334
34000 27.199699999999996 30.366666666666667
34500 27.322066666666668 30.433333333333334
35000 27.442599999999995 30.533333333333335
35500 27.567199999999996 30.766666666666666
36000 27.67296666666667 30.8
36500 27.81913333333334 30.8
37000 27.902166666666666 30.833333333333332
37500 28.0462 30.9
38000 28.164366666666673 30.933333333333334
38500 28.290000000000003 31.033333333333335
39000 28.413300000000003 31.033333333333335
39500 28.547333333333327 31.233333333333334
40000 28.682599999999997 31.266666666666666
40500 28.796933333333335 31.266666666666666
41000 28.897433333333336 31.266666666666666
41500 29.00786666666667 31.266666666666666
42000 29.12516666666666 31.4
42500 29.24556666666666 31.533333333333335
43000 29.349300000000003 31.633333333333333
43500 29.476366666666664 31.833333333333332
44000 29.6184 31.866666666666667
44500 29.735899999999997 32.06666666666667
45000 29.876066666666667 32.13333333333333
45500 29.99216666666667 32.233333333333334
46000 30.101833333333335 32.266666666666666
46500 30.20156666666667 32.3
47000 30.3315 32.36666666666667
47500 30.436299999999996 32.46666666666667
48000 30.542800000000007 32.53333333333333
48500 30.596733333333326 32.6
49000 30.67393333333334 32.7
49500 30.73549999999999 32.766666666666666
50000 30.798633333333324 32.8
50500 30.868766666666666 32.96666666666667
51000 30.930466666666668 33.03333333333333
51500 31.008966666666666 33.06666666666667
52000 31.071200000000008 33.13333333333333
52500 31.174166666666668 33.233333333333334
53000 31.24753333333333 33.233333333333334
53500 31.308300000000006 33.266666666666666
54000 31.38266666666666 33.333333333333336
54500 31.437899999999996 33.4
55000 31.50823333333334 33.46666666666667
55500 31.604166666666664 33.5
56000 31.710166666666673 33.6
56500 31.8082 33.63333333333333
57000 31.90566666666667 33.7
57500 31.98723333333334 33.766666666666666
58000 32.05833333333333 33.833333333333336
58500 32.12593333333334 33.86666666666667
59000 32.17113333333334 33.86666666666667
59500 32.224999999999994 33.93333333333333
60000 32.28639999999999 33.93333333333333
60500 32.355666666666664 33.96666666666667
61000 32.40336666666666 34.03333333333333
61500 32.457300000000004 34.1
62000 32.517833333333336 34.13333333333333
62500 32.578466666666664 34.166666666666664
63000 32.64363333333333 34.166666666666664
63500 32.69649999999999 34.166666666666664
64000 32.73206666666666 34.2
64500 32.78759999999999 34.233333333333334
65000 32.83683333333333 34.333333333333336
65500 32.88329999999999 34.4
66000 32.948466666666675 34.46666666666667
66500 33.003566666666664 34.53333333333333
67000 33.09313333333334 34.666666666666664
67500 33.174933333333335 34.666666666666664
68000 33.22796666666667 34.7
68500 33.280166666666666 34.7
69000 33.314400000000006 34.8
69500 33.373000000000005 34.8
70000 33.443133333333336 34.833333333333336
70500 33.50163333333333 34.93333333333333
71000 33.52003333333333 34.93333333333333
71500 33.56126666666667 35.0
72000 33.60973333333334 35.03333333333333
72500 33.6353 35.13333333333333
73000 33.69413333333333 35.166666666666664
73500 33.71739999999999 35.166666666666664
74000 33.74756666666666 35.233333333333334
74500 33.7861 35.233333333333334
75000 33.8217 35.3
75500 33.87863333333333 35.333333333333336
76000 33.91753333333333 35.36666666666667
76500 33.95106666666667 35.43333333333333
77000 33.98263333333333 35.46666666666667
77500 34.02106666666666 35.46666666666667
78000 34.06280000000001 35.46666666666667
78500 34.11306666666667 35.46666666666667
79000 34.12546666666667 35.46666666666667
79500 34.15376666666667 35.5
80000 34.171699999999994 35.53333333333333
80500 34.21583333333333 35.6
81000 34.251933333333334 35.6
81500 34.29446666666666 35.63333333333333
82000 34.32403333333333 35.666666666666664
82500 34.36253333333333 35.7
83000 34.401133333333334 35.7
83500 34.44376666666666 35.7
84000 34.506933333333336 35.733333333333334
84500 34.540033333333334 35.766666666666666
85000 34.5965 35.8
85500 34.64696666666668 35.86666666666667
86000 34.71220000000001 35.9
86500 34.7693 35.9
87000 34.82016666666667 35.9
87500 34.875800000000005 35.93333333333333
88000 34.92086666666667 35.93333333333333
88500 34.97666666666667 35.96666666666667
89000 35.0072 35.96666666666667
89500 35.0551 36.03333333333333
90000 35.096566666666675 36.03333333333333
90500 35.14256666666667 36.06666666666667
91000 35.1839 36.1
91500 35.2336 36.13333333333333
92000 35.281733333333335 36.166666666666664
92500 35.3218 36.2
93000 35.357899999999994 36.2
93500 35.3895 36.2
94000 35.42503333333334 36.2
94500 35.4429 36.2
95000 35.472766666666665 36.233333333333334
95500 35.50166666666666 36.233333333333334
96000 35.52173333333334 36.266666666666666
96500 35.53733333333333 36.333333333333336
97000 35.56326666666666 36.333333333333336
97500 35.5673 36.333333333333336
98000 35.5826 36.333333333333336
98500 35.59236666666666 36.36666666666667
99000 35.60426666666667 36.36666666666667
99500 35.61336666666667 36.36666666666667
100000 35.65036666666666 36.36666666666667
100500 35.667733333333324 36.36666666666667
101000 35.69050000000001 36.36666666666667
101500 35.70223333333333 36.4
102000 35.733866666666664 36.43333333333333
102500 35.768666666666675 36.46666666666667
103000 35.7663 36.5
103500 35.812133333333335 36.53333333333333
104000 35.83050000000001 36.56666666666667
104500 35.845200000000006 36.56666666666667
105000 35.8554 36.56666666666667
105500 35.854400000000005 36.63333333333333
106000 35.877133333333326 36.666666666666664
106500 35.88283333333334 36.7
107000 35.88263333333334 36.7
107500 35.91686666666667 36.7
108000 35.92223333333334 36.733333333333334
108500 35.92876666666667 36.733333333333334
109000 35.9525 36.733333333333334
109500 35.96613333333333 36.766666666666666
110000 35.99750000000001 36.766666666666666
110500 36.0083 36.766666666666666
111000 36.02636666666667 36.766666666666666
111500 36.04899999999999 36.766666666666666
112000 36.05643333333334 36.766666666666666
112500 36.104933333333335 36.766666666666666
113000 36.11249999999999 36.766666666666666
113500 36.123466666666666 36.766666666666666
114000 36.14913333333333 36.8
114500 36.165533333333336 36.833333333333336
115000 36.18866666666666 36.833333333333336
115500 36.21849999999999 36.833333333333336
116000 36.233733333333326 36.833333333333336
116500 36.25316666666666 36.833333333333336
117000 36.27973333333333 36.833333333333336
117500 36.29666666666667 36.833333333333336
118000 36.318000000000005 36.86666666666667
118500 36.3385 36.86666666666667
119000 36.3829 36.86666666666667
119500 36.38696666666667 36.9
120000 36.4182 36.96666666666667
120500 36.428799999999995 36.96666666666667
121000 36.4358 37.0
121500 36.447466666666664 37.0
122000 36.46436666666667 37.0
122500 36.46863333333334 37.03333333333333
123000 36.4836 37.03333333333333
123500 36.50153333333332 37.03333333333333
124000 36.52003333333333 37.03333333333333
124500 36.55146666666666 37.03333333333333
125000 36.57240000000001 37.03333333333333
125500 36.59543333333333 37.03333333333333
126000 36.61096666666667 37.03333333333333
126500 36.64206666666667 37.03333333333333
127000 36.659099999999995 37.03333333333333
127500 36.6769 37.03333333333333
128000 36.712333333333326 37.03333333333333
128500 36.739900000000006 37.03333333333333
129000 36.7541 37.03333333333333
129500 36.76586666666667 37.03333333333333
130000 36.777633333333334 37.03333333333333
130500 36.786366666666666 37.03333333333333
131000 36.78423333333333 37.03333333333333
131500 36.7964 37.03333333333333
132000 36.81823333333333 37.03333333333333
132500 36.8019 37.03333333333333
133000 36.83026666666668 37.03333333333333
133500 36.8278 37.03333333333333
134000 36.854033333333334 37.03333333333333
134500 36.85563333333333 37.03333333333333
135000 36.8757 37.03333333333333
135500 36.8953 37.03333333333333
136000 36.90033333333334 37.03333333333333
136500 36.91909999999999 37.03333333333333
137000 36.928999999999995 37.03333333333333
137500 36.95270000000001 37.06666666666667
138000 36.94676666666667 37.06666666666667
138500 36.954366666666665 37.06666666666667
139000 36.944766666666666 37.06666666666667
139500 36.96810000000001 37.06666666666667
140000 36.95816666666667 37.06666666666667
140500 36.98983333333334 37.06666666666667
141000 36.98896666666666 37.06666666666667
141500 36.9875 37.06666666666667
142000 37.008766666666666 37.06666666666667
142500 36.9836 37.06666666666667
143000 37.020633333333336 37.06666666666667
143500 37.010400000000004 37.06666666666667
144000 37.02446666666666 37.06666666666667
144500 37.02716666666666 37.06666666666667
145000 37.01596666666667 37.06666666666667
145500 37.01840000000001 37.06666666666667
146000 37.0131 37.1
146500 37.02746666666667 37.1
147000 37.00713333333333 37.1
147500 37.021566666666665 37.13333333333333
148000 37.012600000000006 37.13333333333333
148500 37.015699999999995 37.13333333333333
149000 37.02459999999999 37.13333333333333
149500 37.018633333333334 37.13333333333333
150000 37.009933333333336 37.13333333333333
150500 37.0218 37.2
151000 37.02719999999999 37.2
151500 37.0076 37.2
152000 37.015800000000006 37.2
152500 37.0221 37.2
153000 37.0137 37.2
153500 37.022466666666666 37.2
154000 37.01706666666667 37.2
154500 37.0318 37.2
155000 37.01469999999999 37.2
155500 37.015166666666666 37.2
156000 37.01559999999999 37.2
156500 37.02513333333333 37.2
157000 37.0144 37.2
157500 37.033033333333336 37.2
158000 37.01436666666667 37.2
158500 37.02183333333334 37.2
159000 37.03606666666666 37.2
159500 37.03876666666666 37.2
160000 37.02986666666667 37.2
160500 37.03126666666667 37.233333333333334
161000 37.04213333333333 37.233333333333334
161500 37.04966666666667 37.233333333333334
162000 37.05433333333334 37.233333333333334
162500 37.0683 37.233333333333334
163000 37.08316666666667 37.233333333333334
163500 37.08989999999999 37.233333333333334
164000 37.098733333333335 37.233333333333334
164500 37.11606666666667 37.233333333333334
165000 37.09563333333333 37.233333333333334
165500 37.10893333333334 37.233333333333334
166000 37.11976666666666 37.266666666666666
166500 37.119566666666664 37.266666666666666
167000 37.116933333333336 37.266666666666666
167500 37.1141 37.266666666666666
168000 37.11763333333333 37.266666666666666
168500 37.12413333333333 37.266666666666666
169000 37.109766666666665 37.266666666666666
169500 37.121833333333335 37.266666666666666
170000 37.121700000000004 37.266666666666666
170500 37.128166666666665 37.266666666666666
171000 37.12266666666667 37.266666666666666
171500 37.1266 37.266666666666666
172000 37.118966666666665 37.266666666666666
172500 37.13443333333333 37.266666666666666
173000 37.126200000000004 37.266666666666666
173500 37.12786666666666 37.266666666666666
174000 37.12369999999999 37.266666666666666
174500 37.13026666666667 37.266666666666666
175000 37.14376666666667 37.266666666666666
175500 37.1224 37.266666666666666
176000 37.136700000000005 37.266666666666666
176500 37.13746666666667 37.266666666666666
177000 37.144733333333335 37.266666666666666
177500 37.15546666666666 37.266666666666666
178000 37.153000000000006 37.266666666666666
178500 37.16030000000001 37.266666666666666
179000 37.174800000000005 37.266666666666666
179500 37.19420000000001 37.266666666666666
180000 37.201633333333334 37.3
180500 37.215500000000006 37.3
181000 37.221733333333326 37.333333333333336
181500 37.2219 37.333333333333336
182000 37.2189 37.36666666666667
182500 37.21933333333333 37.36666666666667
183000 37.2187 37.36666666666667
183500 37.22213333333333 37.36666666666667
184000 37.22226666666666 37.36666666666667
184500 37.21646666666666 37.36666666666667
185000 37.221999999999994 37.36666666666667
185500 37.222566666666665 37.36666666666667
186000 37.21966666666666 37.36666666666667
186500 37.2138 37.36666666666667
187000 37.22326666666667 37.36666666666667
187500 37.20866666666667 37.36666666666667
188000 37.22073333333333 37.36666666666667
188500 37.21206666666667 37.36666666666667
189000 37.22006666666666 37.36666666666667
189500 37.2184 37.36666666666667
190000 37.22156666666667 37.36666666666667
190500 37.21916666666667 37.36666666666667
191000 37.223 37.36666666666667
191500 37.232033333333334 37.36666666666667
192000 37.22743333333334 37.4
192500 37.230733333333326 37.4
193000 37.22956666666666 37.4
193500 37.2308 37.4
194000 37.2268 37.4
194500 37.22276666666667 37.4
195000 37.24276666666667 37.4
195500 37.23363333333334 37.4
196000 37.23680000000001 37.4
196500 37.24933333333334 37.4
197000 37.25983333333333 37.4
197500 37.252700000000004 37.4
198000 37.27613333333333 37.4
198500 37.268 37.4
199000 37.27920000000001 37.4
199500 37.28333333333333 37.4
200000 37.28033333333333 37.4
200500 37.303999999999995 37.4
201000 37.299933333333335 37.4
201500 37.29410000000001 37.4
202000 37.31446666666667 37.4
202500 37.31316666666667 37.4
203000 37.302933333333335 37.4
203500 37.317466666666675 37.4
204000 37.32033333333333 37.4
204500 37.3161 37.43333333333333
205000 37.33443333333334 37.43333333333333
205500 37.32286666666666 37.43333333333333
206000 37.329233333333335 37.43333333333333
206500 37.321433333333324 37.43333333333333
207000 37.33716666666667 37.43333333333333
207500 37.324 37.43333333333333
208000 37.32190000000001 37.43333333333333
208500 37.323699999999995 37.43333333333333
209000 37.325533333333325 37.43333333333333
209500 37.3365 37.43333333333333
210000 37.332899999999995 37.43333333333333
210500 37.3451 37.43333333333333
211000 37.34243333333333 37.43333333333333
211500 37.35313333333333 37.43333333333333
212000 37.351666666666674 37.43333333333333
212500 37.3744 37.43333333333333
213000 37.3578 37.43333333333333
213500 37.377100000000006 37.43333333333333
214000 37.37853333333333 37.43333333333333
214500 37.373999999999995 37.43333333333333
215000 37.375866666666674 37.43333333333333
215500 37.379599999999996 37.43333333333333
216000 37.3881 37.43333333333333
216500 37.39373333333334 37.43333333333333
217000 37.37643333333333 37.46666666666667
217500 37.3738 37.46666666666667
218000 37.3828 37.46666666666667
218500 37.39456666666667 37.46666666666667
219000 37.3854 37.46666666666667
219500 37.38236666666667 37.5
220000 37.37716666666667 37.53333333333333
220500 37.39110000000001 37.53333333333333
221000 37.385566666666676 37.53333333333333
221500 37.38909999999999 37.53333333333333
222000 37.39216666666666 37.56666666666667
222500 37.38663333333333 37.56666666666667
223000 37.380766666666666 37.56666666666667
223500 37.38693333333334 37.56666666666667
224000 37.38393333333333 37.56666666666667
224500 37.3933 37.56666666666667
225000 37.39966666666667 37.56666666666667
225500 37.393699999999995 37.56666666666667
226000 37.397333333333336 37.56666666666667
226500 37.3892 37.56666666666667
227000 37.393 37.56666666666667
227500 37.385466666666666 37.56666666666667
228000 37.39566666666666 37.56666666666667
228500 37.40016666666667 37.56666666666667
229000 37.378133333333345 37.56666666666667
229500 37.4035 37.56666666666667
230000 37.37983333333334 37.56666666666667
230500 37.40409999999999 37.56666666666667
231000 37.41806666666666 37.56666666666667
231500 37.42806666666667 37.56666666666667
232000 37.4231 37.56666666666667
232500 37.4156 37.56666666666667
233000 37.4476 37.56666666666667
233500 37.4469 37.56666666666667
234000 37.480500000000006 37.56666666666667
234500 37.478566666666666 37.56666666666667
235000 37.49633333333334 37.56666666666667
235500 37.50363333333333 37.63333333333333
236000 37.524633333333334 37.63333333333333
236500 37.5314 37.63333333333333
237000 37.54286666666667 37.63333333333333
237500 37.546833333333325 37.63333333333333
238000 37.5512 37.63333333333333
238500 37.549 37.63333333333333
239000 37.554766666666666 37.63333333333333
239500 37.54233333333334 37.63333333333333
240000 37.545633333333335 37.63333333333333
240500 37.55813333333334 37.63333333333333
241000 37.5432 37.63333333333333
241500 37.5544 37.63333333333333
242000 37.56096666666667 37.666666666666664
242500 37.546066666666675 37.666666666666664
243000 37.54036666666666 37.666666666666664
243500 37.5554 37.666666666666664
244000 37.54953333333333 37.666666666666664
244500 37.552366666666664 37.666666666666664
245000 37.55246666666667 37.7
245500 37.55819999999999 37.7
246000 37.55256666666666 37.7
246500 37.540933333333335 37.7
247000 37.54436666666667 37.7
247500 37.558800000000005 37.7
248000 37.569399999999995 37.7
248500 37.54103333333333 37.7
249000 37.54983333333334 37.7
249500 37.553966666666675 37.733333333333334
250000 37.56103333333333 37.733333333333334
250500 37.544999999999995 37.733333333333334
251000 37.559733333333334 37.733333333333334
251500 37.57020000000001 37.733333333333334
252000 37.5758 37.733333333333334
252500 37.5718 37.733333333333334
253000 37.582 37.733333333333334
253500 37.58576666666667 37.733333333333334
254000 37.59023333333334 37.733333333333334
254500 37.59226666666666 37.733333333333334
255000 37.613733333333336 37.733333333333334
255500 37.62086666666667 37.733333333333334
256000 37.63173333333334 37.733333333333334
256500 37.636799999999994 37.733333333333334
257000 37.6363 37.733333333333334
257500 37.65343333333333 37.733333333333334
258000 37.65173333333334 37.733333333333334
258500 37.651533333333326 37.733333333333334
259000 37.65553333333334 37.733333333333334
259500 37.65630000000001 37.733333333333334
260000 37.65643333333334 37.733333333333334
260500 37.658199999999994 37.733333333333334
261000 37.656600000000005 37.733333333333334
261500 37.6582 37.733333333333334
262000 37.6688 37.733333333333334
262500 37.66493333333333 37.733333333333334
263000 37.66826666666667 37.766666666666666
263500 37.66263333333334 37.766666666666666
264000 37.6707 37.766666666666666
264500 37.681866666666664 37.766666666666666
265000 37.6863 37.766666666666666
265500 37.68953333333334 37.766666666666666
266000 37.684 37.766666666666666
266500 37.6872 37.766666666666666
267000 37.67876666666667 37.766666666666666
267500 37.69370000000001 37.766666666666666
268000 37.69723333333333 37.766666666666666
268500 37.68593333333333 37.766666666666666
269000 37.698433333333334 37.766666666666666
269500 37.67953333333334 37.766666666666666
270000 37.69603333333335 37.766666666666666
270500 37.70346666666667 37.766666666666666
271000 37.702400000000004 37.766666666666666
271500 37.6938 37.766666666666666
272000 37.696466666666666 37.766666666666666
272500 37.7128 37.766666666666666
273000 37.7129 37.766666666666666
273500 37.725233333333335 37.766666666666666
274000 37.71926666666666 37.766666666666666
274500 37.72326666666666 37.8
275000 37.71346666666667 37.8
275500 37.7262 37.8
276000 37.73106666666667 37.8
276500 37.7366 37.8
277000 37.74473333333333 37.8
277500 37.74043333333334 37.8
278000 37.7414 37.8
278500 37.742733333333334 37.8
279000 37.7569 37.8
279500 37.75469999999999 37.833333333333336
280000 37.7377 37.833333333333336
280500 37.748666666666665 37.833333333333336
281000 37.75503333333333 37.833333333333336
281500 37.74903333333334 37.833333333333336
282000 37.73996666666667 37.833333333333336
282500 37.7407 37.833333333333336
283000 37.76350000000001 37.833333333333336
283500 37.7486 37.833333333333336
284000 37.751966666666675 37.833333333333336
284500 37.7574 37.833333333333336
285000 37.75183333333334 37.833333333333336
285500 37.7519 37.833333333333336
286000 37.7549 37.833333333333336
286500 37.75193333333334 37.86666666666667
287000 37.74883333333333 37.86666666666667
287500 37.7551 37.86666666666667
288000 37.7582 37.86666666666667
288500 37.74953333333334 37.86666666666667
289000 37.755399999999995 37.86666666666667
289500 37.75546666666667 37.86666666666667
290000 37.75826666666667 37.86666666666667
290500 37.7554 37.86666666666667
291000 37.74986666666667 37.86666666666667
291500 37.74686666666666 37.86666666666667
292000 37.746700000000004 37.86666666666667
292500 37.7558 37.86666666666667
293000 37.76493333333333 37.86666666666667
293500 37.7533 37.86666666666667
294000 37.750166666666665 37.86666666666667
294500 37.75620000000001 37.86666666666667
295000 37.74823333333333 37.86666666666667
295500 37.76606666666667 37.86666666666667
296000 37.74913333333333 37.86666666666667
296500 37.764199999999995 37.86666666666667
297000 37.764599999999994 37.86666666666667
297500 37.76293333333334 37.86666666666667
298000 37.755166666666675 37.86666666666667
298500 37.753266666666676 37.86666666666667
299000 37.76303333333333 37.86666666666667
299500 37.764966666666666 37.86666666666667
300000 37.77016666666667 37.9
300500 37.76636666666666 37.9
301000 37.77826666666667 37.9
301500 37.77920000000001 37.9
302000 37.771766666666664 37.9
302500 37.783566666666665 37.9
303000 37.78126666666666 37.9
303500 37.79463333333333 37.9
304000 37.78796666666666 37.9
304500 37.79763333333334 37.9
305000 37.808066666666676 37.9
305500 37.813433333333336 37.9
306000 37.80943333333334 37.9
306500 37.81586666666667 37.9
307000 37.818666666666665 37.9
307500 37.81306666666667 37.9
308000 37.82166666666667 37.9
308500 37.80976666666666 37.9
309000 37.83066666666666 37.9
309500 37.8077 37.9
310000 37.81653333333333 37.9
310500 37.81916666666667 37.9
311000 37.82213333333333 37.9
311500 37.8282 37.9
312000 37.825500000000005 37.9
312500 37.833933333333334 37.9
313000 37.82306666666667 37.9
313500 37.81446666666666 37.93333333333333
314000 37.82953333333333 37.93333333333333
314500 37.81803333333334 37.93333333333333
315000 37.81816666666667 37.93333333333333
315500 37.80403333333334 37.93333333333333
316000 37.819100000000006 37.93333333333333
316500 37.829 37.93333333333333
317000 37.8235 37.93333333333333
317500 37.8249 37.93333333333333
318000 37.822766666666666 37.93333333333333
318500 37.82436666666667 37.93333333333333
319000 37.8144 37.93333333333333
319500 37.834466666666664 37.93333333333333
320000 37.83706666666667 37.93333333333333
320500 37.83220000000001 37.93333333333333
321000 37.8396 37.93333333333333
321500 37.84803333333333 37.93333333333333
322000 37.85843333333334 37.93333333333333
322500 37.86786666666667 37.93333333333333
323000 37.86906666666667 37.93333333333333
323500 37.876133333333335 37.93333333333333
324000 37.883500000000005 37.93333333333333
324500 37.87813333333334 37.93333333333333
325000 37.88596666666667 37.93333333333333
325500 37.883433333333336 37.93333333333333
326000 37.88733333333334 37.93333333333333
326500 37.8903 37.93333333333333
327000 37.890166666666666 37.93333333333333
327500 37.8821 37.93333333333333
328000 37.894333333333336 37.93333333333333
328500 37.89416666666667 37.93333333333333
329000 37.880500000000005 37.93333333333333
329500 37.8955 37.93333333333333
330000 37.89056666666667 37.93333333333333
330500 37.88020000000001 37.93333333333333
331000 37.89006666666667 37.93333333333333
331500 37.8713 37.93333333333333
332000 37.89379999999999 37.93333333333333
332500 37.902366666666666 37.93333333333333
333000 37.89896666666667 37.93333333333333
333500 37.906533333333336 37.96666666666667
334000 37.901700000000005 37.96666666666667
334500 37.91633333333334 37.96666666666667
335000 37.906633333333325 37.96666666666667
335500 37.91543333333333 37.96666666666667
336000 37.927400000000006 37.96666666666667
336500 37.92453333333333 37.96666666666667
337000 37.91253333333334 37.96666666666667
337500 37.90970000000001 37.96666666666667
338000 37.91819999999999 37.96666666666667
338500 37.920700000000004 37.96666666666667
339000 37.92133333333334 37.96666666666667
339500 37.927366666666664 37.96666666666667
340000 37.901 37.96666666666667
340500 37.92453333333333 37.96666666666667
341000 37.90363333333334 37.96666666666667
341500 37.9212 37.96666666666667
342000 37.92156666666666 38.0
342500 37.912533333333336 38.0
343000 37.91263333333334 38.0
343500 37.92426666666667 38.0
344000 37.92673333333333 38.0
344500 37.91303333333334 38.0
345000 37.927366666666664 38.0
345500 37.92716666666667 38.0
346000 37.912433333333325 38.0
346500 37.90656666666666 38.0
347000 37.91563333333333 38.0
347500 37.91613333333333 38.0
348000 37.915800000000004 38.0
348500 37.91030000000001 38.0
349000 37.92809999999999 38.0
349500 37.92816666666667 38.0
350000 37.9223 38.0
350500 37.92816666666666 38.0
351000 37.91353333333333 38.0
351500 37.922333333333334 38.0
352000 37.92556666666666 38.0
352500 37.91713333333334 38.0
353000 37.916933333333326 38.0
353500 37.92066666666666 38.0
354000 37.912 38.0
354500 37.92996666666667 38.03333333333333
355000 37.919 38.03333333333333
355500 37.91646666666667 38.03333333333333
356000 37.92856666666667 38.03333333333333
356500 37.9207 38.03333333333333
357000 37.92420000000001 38.03333333333333
357500 37.92549999999999 38.03333333333333
358000 37.92053333333333 38.03333333333333
358500 37.924933333333335 38.03333333333333
359000 37.9331 38.03333333333333
359500 37.93193333333333 38.03333333333333
360000 37.9429 38.03333333333333
360500 37.93723333333334 38.06666666666667
361000 37.9416 38.06666666666667
361500 37.96103333333334 38.06666666666667
362000 37.94586666666667 38.06666666666667
362500 37.952533333333335 38.06666666666667
363000 37.95896666666667 38.06666666666667
363500 37.94413333333333 38.06666666666667
364000 37.9535 38.06666666666667
364500 37.95916666666666 38.06666666666667
365000 37.949799999999996 38.06666666666667
365500 37.95393333333334 38.06666666666667
366000 37.945066666666676 38.06666666666667
366500 37.94263333333333 38.06666666666667
367000 37.9574 38.06666666666667
367500 37.95686666666666 38.06666666666667
368000 37.95230000000001 38.06666666666667
368500 37.9584 38.06666666666667
369000 37.9472 38.06666666666667
369500 37.965 38.06666666666667
370000 37.957366666666665 38.06666666666667
370500 37.951699999999995 38.06666666666667
371000 37.9613 38.06666666666667
371500 37.951033333333335 38.06666666666667
372000 37.960833333333326 38.06666666666667
372500 37.959766666666674 38.06666666666667
373000 37.9715 38.13333333333333
373500 37.96510000000001 38.13333333333333
374000 37.959266666666664 38.13333333333333
374500 37.97490000000001 38.13333333333333
375000 37.96513333333334 38.13333333333333
375500 37.9885 38.13333333333333
376000 37.98093333333334 38.13333333333333
376500 37.981833333333334 38.13333333333333
377000 37.9846 38.13333333333333
377500 37.997 38.13333333333333
378000 37.9883 38.13333333333333
378500 37.9741 38.13333333333333
379000 37.98643333333334 38.13333333333333
379500 37.98709999999999 38.13333333333333
380000 37.9791 38.13333333333333
380500 37.99726666666667 38.13333333333333
381000 37.98296666666667 38.13333333333333
381500 37.97843333333333 38.13333333333333
382000 37.99086666666666 38.13333333333333
382500 38.00426666666667 38.13333333333333
383000 38.00260000000001 38.13333333333333
383500 37.99576666666667 38.13333333333333
384000 38.001 38.166666666666664
384500 38.00423333333333 38.166666666666664
385000 38.017100000000006 38.166666666666664
385500 38.009966666666664 38.166666666666664
386000 38.018433333333334 38.166666666666664
386500 38.0108 38.166666666666664
387000 38.02903333333334 38.166666666666664
387500 38.045766666666665 38.166666666666664
388000 38.056133333333335 38.166666666666664
388500 38.058800000000005 38.166666666666664
389000 38.05146666666667 38.166666666666664
389500 38.069900000000004 38.166666666666664
390000 38.07083333333333 38.166666666666664
390500 38.06730000000001 38.166666666666664
391000 38.05856666666667 38.166666666666664
391500 38.06133333333334 38.166666666666664
392000 38.06853333333334 38.166666666666664
392500 38.083000000000006 38.166666666666664
393000 38.07526666666667 38.166666666666664
393500 38.09593333333334 38.166666666666664
394000 38.09993333333333 38.166666666666664
394500 38.11696666666667 38.166666666666664
395000 38.1263 38.166666666666664
395500 38.11723333333334 38.166666666666664
396000 38.1212 38.166666666666664
396500 38.1314 38.166666666666664
397000 38.1242 38.166666666666664
397500 38.12283333333333 38.166666666666664
398000 38.122866666666674 38.2
398500 38.13783333333334 38.2
399000 38.13003333333334 38.2
399500 38.155766666666665 38.2
400000 38.153 38.2
400500 38.1545 38.233333333333334
401000 38.15176666666667 38.233333333333334
401500 38.149300000000004 38.233333333333334
402000 38.133766666666666 38.266666666666666
402500 38.15743333333333 38.266666666666666
403000 38.143233333333335 38.266666666666666
403500 38.143100000000004 38.266666666666666
404000 38.14869999999999 38.266666666666666
404500 38.1523 38.266666666666666
405000 38.15493333333334 38.266666666666666
405500 38.143666666666675 38.266666666666666
406000 38.14943333333334 38.266666666666666
406500 38.1523 38.266666666666666
407000 38.15240000000001 38.266666666666666
407500 38.1526 38.266666666666666
408000 38.15893333333334 38.266666666666666
408500 38.147033333333326 38.266666666666666
409000 38.14650000000001 38.266666666666666
409500 38.1474 38.266666666666666
410000 38.159533333333336 38.266666666666666
410500 38.16003333333333 38.266666666666666
411000 38.14776666666667 38.266666666666666
411500 38.14246666666667 38.266666666666666
412000 38.155766666666665 38.266666666666666
412500 38.14970000000001 38.266666666666666
413000 38.151 38.266666666666666
413500 38.15473333333333 38.266666666666666
414000 38.1618 38.266666666666666
414500 38.16313333333334 38.266666666666666
415000 38.1648 38.266666666666666
415500 38.1516 38.266666666666666
416000 38.1776 38.266666666666666
416500 38.162333333333336 38.266666666666666
417000 38.17466666666667 38.266666666666666
417500 38.180933333333336 38.266666666666666
418000 38.17236666666667 38.3
418500 38.199600000000004 38.3
419000 38.182966666666665 38.3
419500 38.19246666666667 38.3
420000 38.17773333333334 38.3
420500 38.19376666666666 38.3
421000 38.18313333333333 38.3
421500 38.18076666666666 38.3
422000 38.189033333333334 38.3
422500 38.187333333333335 38.3
423000 38.193200000000004 38.3
423500 38.20146666666667 38.3
424000 38.211533333333335 38.3
424500 38.209500000000006 38.3
425000 38.22023333333333 38.3
425500 38.2182 38.3
426000 38.225 38.3
426500 38.23133333333333 38.3
427000 38.22566666666667 38.3
427500 38.21966666666667 38.3
428000 38.217333333333336 38.3
428500 38.21456666666667 38.3
429000 38.21516666666666 38.3
429500 38.21526666666667 38.3
430000 38.218966666666674 38.3
430500 38.2137 38.3
431000 38.2234 38.333333333333336
431500 38.23383333333334 38.36666666666667
432000 38.22293333333334 38.36666666666667
432500 38.228100000000005 38.36666666666667
433000 38.212700000000005 38.36666666666667
433500 38.236133333333335 38.36666666666667
434000 38.23286666666667 38.36666666666667
434500 38.24523333333334 38.36666666666667
435000 38.244366666666664 38.36666666666667
435500 38.250566666666664 38.36666666666667
436000 38.26256666666667 38.36666666666667
436500 38.249233333333336 38.36666666666667
437000 38.25423333333333 38.36666666666667
437500 38.2652 38.36666666666667
438000 38.251966666666675 38.36666666666667
438500 38.27286666666667 38.36666666666667
439000 38.270566666666674 38.36666666666667
439500 38.2834 38.36666666666667
440000 38.26916666666668 38.36666666666667
440500 38.27616666666666 38.36666666666667
441000 38.296166666666664 38.36666666666667
441500 38.30286666666667 38.36666666666667
442000 38.31666666666667 38.36666666666667
442500 38.319633333333336 38.36666666666667
443000 38.3279 38.36666666666667
443500 38.33823333333333 38.36666666666667
444000 38.351866666666666 38.36666666666667
444500 38.35033333333333 38.36666666666667
445000 38.34576666666667 38.36666666666667
445500 38.34843333333333 38.36666666666667
446000 38.35696666666666 38.36666666666667
446500 38.360566666666664 38.36666666666667
447000 38.35446666666667 38.36666666666667
447500 38.34876666666667 38.36666666666667
448000 38.35456666666666 38.36666666666667
448500 38.357600000000005 38.36666666666667
449000 38.35746666666667 38.36666666666667
449500 38.357600000000005 38.36666666666667
450000 38.33723333333333 38.36666666666667
450500 38.354600000000005 38.36666666666667
451000 38.36353333333333 38.36666666666667
451500 38.333933333333334 38.36666666666667
452000 38.363299999999995 38.36666666666667
452500 38.34550000000001 38.36666666666667
453000 38.35999999999999 38.36666666666667
453500 38.3515 38.36666666666667
454000 38.348933333333335 38.36666666666667
454500 38.342533333333336 38.36666666666667
455000 38.346000000000004 38.36666666666667
455500 38.35746666666667 38.36666666666667
456000 38.35753333333333 38.36666666666667
456500 38.357499999999995 38.36666666666667
457000 38.357533333333336 38.36666666666667
457500 38.3545 38.36666666666667
458000 38.3514 38.36666666666667
458500 38.351666666666674 38.36666666666667
459000 38.35163333333334 38.36666666666667
459500 38.351266666666675 38.36666666666667
460000 38.34876666666666 38.4
460500 38.34866666666667 38.4
461000 38.351800000000004 38.4
461500 38.354033333333334 38.4
462000 38.354266666666675 38.4
462500 38.3457 38.4
463000 38.3549 38.4
463500 38.3547 38.4
464000 38.3517 38.4
464500 38.34603333333334 38.4
465000 38.35723333333333 38.4
465500 38.352066666666666 38.4
466000 38.346000000000004 38.4
466500 38.3462 38.4
467000 38.35470000000001 38.4
467500 38.35776666666666 38.4
468000 38.35796666666667 38.4
468500 38.35196666666666 38.4
469000 38.34016666666667 38.4
469500 38.35156666666667 38.4
470000 38.34303333333333 38.4
470500 38.349333333333334 38.4
471000 38.34923333333334 38.4
471500 38.35183333333334 38.4
472000 38.360933333333335 38.4
472500 38.348733333333335 38.4
473000 38.352533333333334 38.4
473500 38.34916666666667 38.4
474000 38.34073333333334 38.4
474500 38.35886666666667 38.4
475000 38.33516666666667 38.4
475500 38.353433333333335 38.4
476000 38.34759999999999 38.4
476500 38.35653333333333 38.4
477000 38.35126666666667 38.4
477500 38.35190000000001 38.4
478000 38.35256666666667 38.4
478500 38.359100000000005 38.4
479000 38.345400000000005 38.4
479500 38.34933333333333 38.4
480000 38.3538 38.4
480500 38.3613 38.4
481000 38.35726666666667 38.4
481500 38.36903333333334 38.4
482000 38.374766666666666 38.4
482500 38.370000000000005 38.4
483000 38.377599999999994 38.4
483500 38.38063333333333 38.4
484000 38.3815 38.4
484500 38.37883333333334 38.4
485000 38.39106666666667 38.4
485500 38.3843 38.4
486000 38.381933333333336 38.4
486500 38.38786666666667 38.4
487000 38.38516666666667 38.4
487500 38.379266666666666 38.43333333333333
488000 38.38773333333334 38.43333333333333
488500 38.38533333333334 38.43333333333333
489000 38.39603333333333 38.43333333333333
489500 38.3878 38.43333333333333
490000 38.390666666666675 38.43333333333333
490500 38.38206666666667 38.43333333333333
491000 38.3882 38.43333333333333
491500 38.38483333333333 38.43333333333333
492000 38.385200000000005 38.43333333333333
492500 38.39110000000001 38.43333333333333
493000 38.39379999999999 38.43333333333333
493500 38.375499999999995 38.43333333333333
494000 38.385099999999994 38.43333333333333
494500 38.3909 38.43333333333333
495000 38.394133333333336 38.43333333333333
495500 38.38183333333333 38.43333333333333
496000 38.387966666666664 38.43333333333333
496500 38.39706666666667 38.43333333333333
497000 38.38826666666667 38.43333333333333
497500 38.38806666666667 38.43333333333333
498000 38.3823 38.43333333333333
498500 38.38536666666667 38.43333333333333
499000 38.37623333333333 38.43333333333333
499500 38.37923333333333 38.43333333333333
500000 38.385733333333334 38.43333333333333
500500 38.3942 38.43333333333333
501000 38.385666666666665 38.43333333333333
501500 38.38256666666667 38.43333333333333
502000 38.39163333333334 38.43333333333333
502500 38.3797 38.43333333333333
503000 38.37623333333333 38.43333333333333
503500 38.38880000000001 38.43333333333333
504000 38.382933333333334 38.43333333333333
504500 38.37716666666667 38.43333333333333
505000 38.383766666666666 38.43333333333333
505500 38.384100000000004 38.43333333333333
506000 38.38386666666666 38.43333333333333
506500 38.38453333333334 38.43333333333333
507000 38.39076666666667 38.43333333333333
507500 38.38576666666667 38.43333333333333
508000 38.38953333333333 38.43333333333333
508500 38.396566666666665 38.43333333333333
509000 38.39770000000001 38.43333333333333
509500 38.39373333333334 38.43333333333333
510000 38.3921 38.43333333333333
510500 38.401300000000006 38.43333333333333
511000 38.38353333333334 38.43333333333333
511500 38.40806666666667 38.43333333333333
512000 38.3987 38.43333333333333
512500 38.40916666666668 38.43333333333333
513000 38.42093333333333 38.43333333333333
513500 38.41833333333334 38.46666666666667
514000 38.418033333333334 38.46666666666667
514500 38.42380000000001 38.46666666666667
515000 38.40003333333333 38.46666666666667
515500 38.41223333333333 38.46666666666667
516000 38.40056666666667 38.46666666666667
516500 38.40666666666667 38.46666666666667
517000 38.412333333333336 38.46666666666667
517500 38.39790000000001 38.46666666666667
518000 38.4184 38.46666666666667
518500 38.42150000000001 38.46666666666667
519000 38.42166666666667 38.46666666666667
519500 38.424099999999996 38.46666666666667
520000 38.415933333333335 38.46666666666667
520500 38.41573333333334 38.46666666666667
521000 38.41586666666667 38.46666666666667
521500 38.4216 38.46666666666667
522000 38.4244 38.46666666666667
522500 38.41923333333333 38.46666666666667
523000 38.42203333333334 38.46666666666667
523500 38.41663333333334 38.46666666666667
524000 38.41643333333333 38.5
524500 38.42593333333333 38.5
525000 38.42036666666666 38.5
525500 38.42403333333334 38.5
526000 38.43566666666666 38.5
526500 38.421933333333335 38.5
527000 38.42576666666667 38.5
527500 38.42026666666666 38.5
528000 38.43056666666667 38.5
528500 38.41943333333334 38.5
529000 38.435433333333336 38.5
529500 38.4227 38.5
530000 38.43066666666667 38.5
530500 38.42150000000001 38.5
531000 38.43013333333334 38.5
531500 38.43460000000001 38.5
532000 38.4548 38.5
532500 38.4475 38.5
533000 38.44546666666667 38.5
533500 38.434266666666666 38.5
534000 38.448666666666675 38.5
534500 38.440000000000005 38.5
535000 38.450433333333336 38.5
535500 38.45106666666666 38.5
536000 38.4517 38.5
536500 38.43070000000001 38.5
537000 38.45793333333334 38.5
537500 38.45726666666667 38.5
538000 38.451866666666675 38.5
538500 38.45159999999999 38.5
539000 38.44520000000001 38.5
539500 38.44873333333333 38.5
540000 38.451699999999995 38.5
540500 38.4632 38.5
541000 38.4604 38.5
541500 38.45736666666667 38.5
542000 38.4519 38.5
542500 38.45776666666667 38.5
543000 38.45506666666666 38.5
543500 38.44926666666667 38.5
544000 38.443133333333336 38.5
544500 38.454899999999995 38.5
545000 38.455133333333336 38.5
545500 38.4522 38.5
546000 38.446500000000015 38.5
546500 38.4584 38.53333333333333
547000 38.458133333333336 38.53333333333333
547500 38.44683333333333 38.53333333333333
548000 38.458499999999994 38.53333333333333
548500 38.44316666666667 38.53333333333333
549000 38.4528 38.53333333333333
549500 38.4354 38.53333333333333
550000 38.45346666666668 38.53333333333333
550500 38.448 38.53333333333333
551000 38.4425 38.53333333333333
551500 38.45356666666667 38.53333333333333
552000 38.4515 38.53333333333333
552500 38.4614 38.53333333333333
553000 38.46773333333333 38.53333333333333
553500 38.45323333333334 38.53333333333333
554000 38.450966666666666 38.53333333333333
554500 38.46036666666668 38.53333333333333
555000 38.461733333333335 38.53333333333333
555500 38.46013333333334 38.53333333333333
556000 38.4641 38.53333333333333
556500 38.4597 38.53333333333333
557000 38.46476666666668 38.53333333333333
557500 38.478833333333334 38.53333333333333
558000 38.4491 38.53333333333333
558500 38.47280000000001 38.53333333333333
559000 38.471199999999996 38.53333333333333
559500 38.47643333333334 38.53333333333333
560000 38.4926 38.53333333333333
560500 38.49810000000001 38.53333333333333
561000 38.4956 38.53333333333333
561500 38.5167 38.53333333333333
562000 38.5173 38.53333333333333
562500 38.51513333333334 38.53333333333333
563000 38.52056666666667 38.53333333333333
563500 38.52133333333334 38.53333333333333
564000 38.52113333333334 38.53333333333333
564500 38.524233333333335 38.53333333333333
565000 38.51813333333334 38.53333333333333
565500 38.5156 38.53333333333333
566000 38.5242 38.53333333333333
566500 38.51469999999999 38.53333333333333
567000 38.51533333333334 38.53333333333333
567500 38.524 38.53333333333333
568000 38.52366666666667 38.53333333333333
568500 38.52146666666667 38.53333333333333
569000 38.50313333333333 38.53333333333333
569500 38.509366666666665 38.53333333333333
570000 38.51853333333334 38.53333333333333
570500 38.50333333333334 38.53333333333333
571000 38.515233333333335 38.53333333333333
571500 38.524233333333335 38.53333333333333
572000 38.527233333333335 38.53333333333333
572500 38.518166666666666 38.53333333333333
573000 38.521233333333335 38.53333333333333
573500 38.48866666666666 38.53333333333333
574000 38.52663333333333 38.53333333333333
574500 38.5096 38.53333333333333
575000 38.524100000000004 38.53333333333333
575500 38.52060000000001 38.53333333333333
576000 38.52436666666667 38.53333333333333
576500 38.52663333333333 38.53333333333333
577000 38.524300000000004 38.53333333333333
577500 38.512033333333335 38.53333333333333
578000 38.520866666666656 38.53333333333333
578500 38.514833333333335 38.53333333333333
579000 38.518366666666665 38.53333333333333
579500 38.521233333333335 38.53333333333333
580000 38.51520000000001 38.53333333333333
580500 38.50056666666667 38.53333333333333
581000 38.50906666666667 38.53333333333333
581500 38.515433333333334 38.53333333333333
582000 38.515033333333335 38.53333333333333
582500 38.52726666666667 38.53333333333333
583000 38.51813333333334 38.53333333333333
583500 38.50966666666667 38.53333333333333
584000 38.518366666666665 38.53333333333333
584500 38.51840000000001 38.53333333333333
585000 38.514966666666666 38.53333333333333
585500 38.5124 38.53333333333333
586000 38.52693333333334 38.53333333333333
586500 38.5155 38.53333333333333
587000 38.521433333333334 38.53333333333333
587500 38.515 38.53333333333333
588000 38.5038 38.53333333333333
588500 38.5186 38.53333333333333
589000 38.52136666666667 38.53333333333333
589500 38.51820000000001 38.53333333333333
590000 38.51543333333334 38.53333333333333
590500 38.50633333333334 38.56666666666667
591000 38.5182 38.56666666666667
591500 38.52413333333334 38.56666666666667
592000 38.515166666666666 38.56666666666667
592500 38.51566666666666 38.56666666666667
593000 38.52366666666667 38.56666666666667
593500 38.51846666666667 38.56666666666667
594000 38.518233333333335 38.56666666666667
594500 38.524066666666656 38.56666666666667
595000 38.517900000000004 38.56666666666667
595500 38.509400000000014 38.56666666666667
596000 38.521 38.56666666666667
596500 38.50966666666667 38.56666666666667
597000 38.50670000000001 38.56666666666667
597500 38.51296666666667 38.56666666666667
598000 38.51246666666667 38.56666666666667
598500 38.52426666666667 38.56666666666667
599000 38.530433333333335 38.56666666666667
599500 38.52206666666667 38.56666666666667
600000 38.51616666666666 38.56666666666667
600500 38.530766666666665 38.56666666666667
601000 38.525099999999995 38.56666666666667
601500 38.52830000000001 38.56666666666667
602000 38.510700000000014 38.56666666666667
602500 38.517066666666665 38.56666666666667
603000 38.50826666666667 38.56666666666667
603500 38.51756666666667 38.56666666666667
604000 38.520966666666666 38.56666666666667
604500 38.50350000000001 38.56666666666667
605000 38.5252 38.56666666666667
605500 38.5168 38.56666666666667
606000 38.51603333333333 38.56666666666667
606500 38.52556666666667 38.56666666666667
607000 38.52413333333333 38.56666666666667
607500 38.52940000000001 38.56666666666667
608000 38.53373333333333 38.56666666666667
608500 38.53443333333334 38.56666666666667
609000 38.53826666666667 38.56666666666667
609500 38.54683333333334 38.56666666666667
610000 38.54970000000001 38.56666666666667
610500 38.53676666666667 38.56666666666667
611000 38.557333333333325 38.56666666666667
611500 38.545566666666666 38.56666666666667
612000 38.542566666666666 38.56666666666667
612500 38.54826666666667 38.56666666666667
613000 38.55466666666666 38.56666666666667
613500 38.55466666666667 38.6
614000 38.55786666666667 38.6
614500 38.545700000000004 38.6
615000 38.55766666666667 38.6
615500 38.55486666666666 38.6
616000 38.5458 38.6
616500 38.54843333333334 38.6
617000 38.554899999999996 38.6
617500 38.534000000000006 38.6
618000 38.5516 38.6
618500 38.548766666666666 38.6
619000 38.5574 38.6
619500 38.56629999999999 38.6
620000 38.534000000000006 38.6
620500 38.54596666666668 38.6
621000 38.5432 38.6
621500 38.549033333333334 38.6
622000 38.55160000000001 38.6
622500 38.54316666666667 38.6
623000 38.554833333333335 38.6
623500 38.555033333333334 38.6
624000 38.552099999999996 38.6
624500 38.5462 38.6
625000 38.546533333333336 38.6
625500 38.5583 38.6
626000 38.5552 38.6
626500 38.53483333333334 38.6
627000 38.54046666666667 38.6
627500 38.54970000000001 38.6
628000 38.553466666666665 38.6
628500 38.5529 38.6
629000 38.548033333333336 38.6
629500 38.55403333333333 38.6
630000 38.5484 38.6
630500 38.54560000000001 38.6
631000 38.549066666666675 38.6
631500 38.55536666666667 38.6
632000 38.55096666666667 38.6
632500 38.56263333333334 38.6
633000 38.54306666666667 38.6
633500 38.55976666666667 38.6
634000 38.5497 38.6
634500 38.56023333333334 38.6
635000 38.56566666666666 38.6
635500 38.56586666666667 38.6
636000 38.55833333333333 38.6
636500 38.56613333333334 38.6
637000 38.576633333333334 38.6
637500 38.5936 38.6
638000 38.5851 38.6
638500 38.5852 38.6
639000 38.588 38.6
639500 38.591100000000004 38.6
640000 38.58453333333333 38.6
640500 38.5761 38.6
641000 38.578900000000004 38.6
641500 38.581300000000006 38.6
642000 38.57283333333334 38.6
642500 38.59356666666666 38.6
643000 38.575833333333335 38.6
643500 38.5671 38.6
644000 38.57896666666667 38.6
644500 38.58776666666667 38.6
645000 38.579166666666666 38.6
645500 38.57643333333333 38.6
646000 38.5817 38.6
646500 38.58176666666667 38.6
647000 38.59086666666667 38.6
647500 38.57023333333334 38.6
648000 38.59046666666667 38.6
648500 38.588 38.6
649000 38.581966666666666 38.6
649500 38.58370000000001 38.6
650000 38.5877 38.6
650500 38.58786666666666 38.6
651000 38.58753333333334 38.6
651500 38.57926666666667 38.6
652000 38.58793333333333 38.6
652500 38.587766666666674 38.63333333333333
653000 38.59396666666667 38.63333333333333
653500 38.58813333333333 38.63333333333333
654000 38.59073333333333 38.63333333333333
654500 38.58506666666666 38.63333333333333
655000 38.58809999999999 38.63333333333333
655500 38.5875 38.63333333333333
656000 38.58166666666667 38.63333333333333
656500 38.58493333333333 38.63333333333333
657000 38.582033333333335 38.63333333333333
657500 38.57299999999999 38.63333333333333
658000 38.58806666666667 38.63333333333333
658500 38.582 38.63333333333333
659000 38.57920000000001 38.63333333333333
659500 38.59060000000001 38.63333333333333
660000 38.58516666666666 38.63333333333333
660500 38.57906666666668 38.63333333333333
661000 38.58536666666667 38.63333333333333
661500 38.58503333333333 38.63333333333333
662000 38.58213333333334 38.63333333333333
662500 38.591300000000004 38.63333333333333
663000 38.5821 38.63333333333333
663500 38.58813333333333 38.63333333333333
664000 38.576766666666664 38.63333333333333
664500 38.57923333333334 38.63333333333333
665000 38.5643 38.63333333333333
665500 38.58259999999999 38.63333333333333
666000 38.5944 38.63333333333333
666500 38.58519999999999 38.63333333333333
667000 38.57683333333334 38.63333333333333
667500 38.580066666666674 38.63333333333333
668000 38.5916 38.63333333333333
668500 38.58883333333333 38.63333333333333
669000 38.58286666666667 38.63333333333333
669500 38.588766666666665 38.63333333333333
670000 38.5834 38.63333333333333
670500 38.592333333333336 38.63333333333333
671000 38.59533333333333 38.63333333333333
671500 38.584066666666665 38.63333333333333
672000 38.587266666666665 38.63333333333333
672500 38.591033333333336 38.63333333333333
673000 38.59743333333334 38.63333333333333
673500 38.570933333333336 38.63333333333333
674000 38.57146666666667 38.63333333333333
674500 38.598800000000004 38.63333333333333
675000 38.58846666666666 38.63333333333333
675500 38.592333333333336 38.63333333333333
676000 38.60246666666667 38.63333333333333
676500 38.57780000000001 38.63333333333333
677000 38.60030000000001 38.63333333333333
677500 38.6008 38.63333333333333
678000 38.595266666666674 38.666666666666664
678500 38.61723333333334 38.666666666666664
679000 38.610099999999996 38.666666666666664
679500 38.614466666666665 38.666666666666664
680000 38.611866666666664 38.666666666666664
680500 38.61833333333333 38.666666666666664
681000 38.609166666666674 38.666666666666664
681500 38.626999999999995 38.666666666666664
682000 38.61533333333333 38.666666666666664
682500 38.612300000000005 38.666666666666664
683000 38.62703333333333 38.666666666666664
683500 38.612433333333335 38.666666666666664
684000 38.600933333333344 38.666666666666664
684500 38.60666666666667 38.666666666666664
685000 38.615033333333336 38.666666666666664
685500 38.62116666666667 38.666666666666664
686000 38.615 38.666666666666664
686500 38.609233333333336 38.666666666666664
687000 38.609700000000004 38.666666666666664
687500 38.627233333333336 38.666666666666664
688000 38.61566666666667 38.666666666666664
688500 38.61246666666667 38.666666666666664
689000 38.6178 38.666666666666664
689500 38.62426666666668 38.666666666666664
690000 38.6124 38.666666666666664
690500 38.62443333333333 38.666666666666664
691000 38.612700000000004 38.666666666666664
691500 38.60656666666667 38.666666666666664
692000 38.6154 38.666666666666664
692500 38.61483333333333 38.666666666666664
693000 38.615300000000005 38.666666666666664
693500 38.63053333333334 38.666666666666664
694000 38.609833333333334 38.666666666666664
694500 38.621433333333336 38.666666666666664
695000 38.609633333333335 38.666666666666664
695500 38.60976666666667 38.666666666666664
696000 38.61863333333334 38.666666666666664
696500 38.62103333333334 38.666666666666664
697000 38.627433333333336 38.666666666666664
697500 38.61576666666667 38.666666666666664
698000 38.612633333333335 38.666666666666664
698500 38.62393333333334 38.666666666666664
699000 38.61543333333332 38.666666666666664
699500 38.62156666666667 38.666666666666664
700000 38.60916666666667 38.666666666666664
700500 38.60856666666667 38.666666666666664
701000 38.6215 38.666666666666664
701500 38.624233333333336 38.666666666666664
702000 38.60993333333333 38.666666666666664
702500 38.63286666666667 38.666666666666664
703000 38.606766666666665 38.666666666666664
703500 38.61593333333334 38.666666666666664
704000 38.624766666666666 38.666666666666664
704500 38.6072 38.666666666666664
705000 38.6246 38.666666666666664
705500 38.6273 38.666666666666664
706000 38.60926666666667 38.666666666666664
706500 38.62773333333334 38.666666666666664
707000 38.6274 38.666666666666664
707500 38.62200000000001 38.666666666666664
708000 38.60946666666667 38.7
708500 38.61006666666666 38.7
709000 38.61326666666667 38.7
709500 38.62480000000001 38.7
710000 38.61016666666667 38.7
710500 38.62213333333334 38.7
711000 38.61866666666666 38.7
711500 38.625266666666676 38.7
712000 38.616 38.7
712500 38.61926666666667 38.7
713000 38.63056666666667 38.7
713500 38.6223 38.7
714000 38.616366666666664 38.7
714500 38.613866666666674 38.7
715000 38.62313333333334 38.7
715500 38.6236 38.7
716000 38.63563333333333 38.7
716500 38.61456666666666 38.7
717000 38.62166666666667 38.7
717500 38.62243333333334 38.7
718000 38.614 38.7
718500 38.629466666666666 38.7
719000 38.612700000000004 38.7
719500 38.62916666666667 38.7
720000 38.63383333333333 38.7
720500 38.62660000000001 38.7
721000 38.6238 38.7
721500 38.639 38.7
722000 38.63953333333334 38.7
722500 38.64216666666666 38.7
723000 38.6514 38.7
723500 38.65370000000001 38.7
724000 38.65276666666668 38.7
724500 38.66296666666667 38.7
725000 38.6731 38.7
725500 38.6626 38.7
726000 38.6559 38.7
726500 38.66376666666667 38.7
727000 38.67646666666667 38.7
727500 38.674666666666674 38.7
728000 38.673700000000004 38.7
728500 38.68416666666666 38.733333333333334
729000 38.69383333333334 38.733333333333334
729500 38.684900000000006 38.733333333333334
730000 38.682133333333326 38.733333333333334
730500 38.68213333333333 38.733333333333334
731000 38.69113333333334 38.733333333333334
731500 38.68796666666666 38.733333333333334
732000 38.67333333333333 38.733333333333334
732500 38.6881 38.733333333333334
733000 38.6882 38.733333333333334
733500 38.69153333333334 38.733333333333334
734000 38.68283333333333 38.733333333333334
734500 38.697633333333336 38.733333333333334
735000 38.6858 38.733333333333334
735500 38.68306666666667 38.733333333333334
736000 38.68683333333333 38.733333333333334
736500 38.67513333333333 38.733333333333334
737000 38.67236666666667 38.733333333333334
737500 38.69026666666666 38.733333333333334
738000 38.6853 38.733333333333334
738500 38.68906666666667 38.733333333333334
739000 38.68996666666667 38.733333333333334
739500 38.69126666666667 38.733333333333334
740000 38.6805 38.733333333333334
740500 38.68586666666667 38.733333333333334
741000 38.69383333333334 38.733333333333334
741500 38.69669999999999 38.733333333333334
742000 38.70633333333333 38.733333333333334
742500 38.70190000000001 38.733333333333334
743000 38.70493333333334 38.733333333333334
743500 38.7122 38.733333333333334
744000 38.72123333333333 38.733333333333334
744500 38.717999999999996 38.733333333333334
745000 38.70653333333334 38.733333333333334
745500 38.7271 38.733333333333334
746000 38.715500000000006 38.733333333333334
746500 38.718233333333345 38.733333333333334
747000 38.709300000000006 38.733333333333334
747500 38.71526666666667 38.733333333333334
748000 38.70323333333334 38.733333333333334
748500 38.72406666666667 38.733333333333334
749000 38.72410000000001 38.733333333333334
749500 38.71863333333333 38.733333333333334
750000 38.7269 38.733333333333334
750500 38.7124 38.733333333333334
751000 38.71536666666667 38.733333333333334
751500 38.71536666666667 38.733333333333334
752000 38.70606666666667 38.733333333333334
752500 38.71256666666667 38.733333333333334
753000 38.72123333333334 38.733333333333334
753500 38.70620000000001 38.733333333333334
754000 38.72083333333333 38.733333333333334
754500 38.7125 38.733333333333334
755000 38.71553333333334 38.733333333333334
755500 38.712466666666664 38.733333333333334
756000 38.72136666666667 38.733333333333334
756500 38.724000000000004 38.733333333333334
757000 38.71846666666667 38.733333333333334
757500 38.71536666666667 38.733333333333334
758000 38.721133333333334 38.733333333333334
758500 38.70973333333334 38.733333333333334
759000 38.72093333333333 38.733333333333334
759500 38.709500000000006 38.733333333333334
760000 38.718300000000006 38.733333333333334
760500 38.73003333333334 38.733333333333334
761000 38.72730000000001 38.733333333333334
761500 38.721199999999996 38.733333333333334
762000 38.709133333333334 38.733333333333334
762500 38.72096666666666 38.733333333333334
763000 38.7183 38.733333333333334
763500 38.717800000000004 38.733333333333334
764000 38.70933333333333 38.733333333333334
764500 38.71253333333333 38.733333333333334
765000 38.718066666666665 38.733333333333334
765500 38.7183 38.733333333333334
766000 38.724466666666665 38.733333333333334
766500 38.723333333333336 38.733333333333334
767000 38.7125 38.733333333333334
767500 38.71496666666667 38.733333333333334
768000 38.7239 38.733333333333334
768500 38.72093333333334 38.733333333333334
769000 38.71529999999999 38.733333333333334
769500 38.7242 38.733333333333334
770000 38.72376666666667 38.733333333333334
770500 38.70966666666667 38.733333333333334
771000 38.71863333333333 38.733333333333334
771500 38.72356666666667 38.733333333333334
772000 38.70953333333333 38.733333333333334
772500 38.7239 38.733333333333334
773000 38.72413333333334 38.733333333333334
773500 38.709566666666674 38.733333333333334
774000 38.709300000000006 38.733333333333334
774500 38.70666666666667 38.733333333333334
775000 38.703500000000005 38.733333333333334
775500 38.72389999999999 38.733333333333334
776000 38.715066666666665 38.733333333333334
776500 38.718066666666665 38.733333333333334
777000 38.70666666666668 38.733333333333334
777500 38.715266666666665 38.733333333333334
778000 38.7153 38.733333333333334
778500 38.72366666666667 38.733333333333334
779000 38.71476666666667 38.733333333333334
779500 38.721333333333334 38.733333333333334
780000 38.724399999999996 38.733333333333334
780500 38.712566666666675 38.733333333333334
781000 38.709466666666664 38.733333333333334
781500 38.70966666666667 38.733333333333334
782000 38.7213 38.733333333333334
782500 38.717933333333335 38.733333333333334
783000 38.718266666666665 38.733333333333334
783500 38.71546666666667 38.733333333333334
784000 38.72396666666667 38.733333333333334
784500 38.71240000000001 38.733333333333334
785000 38.7126 38.733333333333334
785500 38.702999999999996 38.733333333333334
786000 38.71523333333334 38.733333333333334
786500 38.71233333333334 38.733333333333334
787000 38.724500000000006 38.733333333333334
787500 38.715 38.733333333333334
788000 38.72403333333334 38.733333333333334
788500 38.70953333333333 38.733333333333334
789000 38.69426666666667 38.733333333333334
789500 38.71766666666667 38.733333333333334
790000 38.71846666666667 38.733333333333334
790500 38.72093333333333 38.733333333333334
791000 38.72713333333333 38.733333333333334
791500 38.69496666666667 38.733333333333334
792000 38.72143333333334 38.733333333333334
792500 38.71220000000001 38.733333333333334
793000 38.70033333333334 38.733333333333334
793500 38.71256666666667 38.733333333333334
794000 38.706166666666675 38.733333333333334
794500 38.72126666666667 38.733333333333334
795000 38.726666666666674 38.733333333333334
795500 38.7243 38.733333333333334
796000 38.70320000000001 38.733333333333334
796500 38.720800000000004 38.733333333333334
797000 38.697100000000006 38.733333333333334
797500 38.72400000000001 38.733333333333334
798000 38.718566666666675 38.733333333333334
798500 38.71136666666667 38.733333333333334
799000 38.715133333333334 38.733333333333334
799500 38.712133333333334 38.733333333333334
800000 38.71823333333334 38.733333333333334
800500 38.709500000000006 38.733333333333334
801000 38.70673333333334 38.733333333333334
801500 38.712266666666665 38.733333333333334
802000 38.71153333333335 38.733333333333334
802500 38.721066666666665 38.733333333333334
803000 38.721333333333334 38.733333333333334
803500 38.697399999999995 38.733333333333334
804000 38.726866666666666 38.733333333333334
804500 38.727066666666666 38.733333333333334
805000 38.721 38.733333333333334
805500 38.7182 38.733333333333334
806000 38.71206666666667 38.733333333333334
806500 38.7124 38.733333333333334
807000 38.71196666666667 38.733333333333334
807500 38.72730000000001 38.733333333333334
808000 38.718166666666676 38.733333333333334
808500 38.7148 38.733333333333334
809000 38.71510000000001 38.733333333333334
809500 38.71536666666666 38.733333333333334
810000 38.7182 38.733333333333334
810500 38.71823333333334 38.733333333333334
811000 38.72083333333334 38.733333333333334
811500 38.72423333333333 38.733333333333334
812000 38.709500000000006 38.733333333333334
812500 38.71543333333334 38.733333333333334
813000 38.70886666666667 38.733333333333334
813500 38.70000000000001 38.733333333333334
814000 38.700566666666674 38.733333333333334
814500 38.7243 38.733333333333334
815000 38.71506666666667 38.733333333333334
815500 38.71833333333334 38.733333333333334
816000 38.73010000000001 38.733333333333334
816500 38.71796666666667 38.733333333333334
817000 38.70926666666667 38.733333333333334
817500 38.718300000000006 38.733333333333334
818000 38.71816666666667 38.733333333333334
818500 38.715066666666665 38.733333333333334
819000 38.7239 38.733333333333334
819500 38.70636666666667 38.733333333333334
820000 38.72416666666666 38.733333333333334
820500 38.712500000000006 38.733333333333334
821000 38.72123333333333 38.733333333333334
821500 38.71503333333333 38.733333333333334
822000 38.71523333333334 38.733333333333334
822500 38.72723333333333 38.733333333333334
823000 38.7179 38.733333333333334
823500 38.721466666666664 38.733333333333334
824000 38.723633333333325 38.733333333333334
824500 38.718 38.733333333333334
825000 38.703166666666675 38.733333333333334
825500 38.71243333333334 38.733333333333334
826000 38.7215 38.733333333333334
826500 38.703633333333336 38.733333333333334
827000 38.70616666666668 38.733333333333334
827500 38.7057 38.733333333333334
828000 38.72123333333333 38.733333333333334
828500 38.70943333333334 38.733333333333334
829000 38.721066666666665 38.733333333333334
829500 38.72443333333333 38.733333333333334
830000 38.71220000000001 38.733333333333334
830500 38.7213 38.733333333333334
831000 38.70953333333334 38.733333333333334
831500 38.7124 38.733333333333334
832000 38.71833333333334 38.733333333333334
832500 38.706199999999995 38.733333333333334
833000 38.71456666666666 38.733333333333334
833500 38.7153 38.733333333333334
834000 38.724333333333334 38.733333333333334
834500 38.714866666666666 38.733333333333334
835000 38.72116666666667 38.733333333333334
835500 38.71216666666667 38.733333333333334
836000 38.71256666666667 38.733333333333334
836500 38.706433333333344 38.733333333333334
837000 38.72103333333334 38.733333333333334
837500 38.724333333333334 38.733333333333334
838000 38.71833333333334 38.733333333333334
838500 38.7124 38.733333333333334
839000 38.7152 38.733333333333334
839500 38.727266666666665 38.733333333333334
840000 38.71523333333334 38.733333333333334
840500 38.703700000000005 38.733333333333334
841000 38.709199999999996 38.733333333333334
841500 38.7301 38.733333333333334
842000 38.715066666666665 38.733333333333334
842500 38.7242 38.733333333333334
843000 38.718366666666675 38.733333333333334
843500 38.721466666666664 38.733333333333334
844000 38.71556666666667 38.733333333333334
844500 38.71836666666666 38.733333333333334
845000 38.712133333333334 38.733333333333334
845500 38.71816666666667 38.733333333333334
846000 38.71486666666667 38.733333333333334
846500 38.72143333333334 38.733333333333334
847000 38.703366666666675 38.733333333333334
847500 38.71523333333333 38.733333333333334
848000 38.71526666666667 38.733333333333334
848500 38.724000000000004 38.733333333333334
849000 38.71543333333333 38.733333333333334
849500 38.721 38.733333333333334
850000 38.72416666666667 38.733333333333334
850500 38.72416666666666 38.733333333333334
851000 38.71503333333333 38.733333333333334
851500 38.71513333333334 38.733333333333334
852000 38.700633333333336 38.733333333333334
852500 38.71816666666667 38.733333333333334
853000 38.709199999999996 38.733333333333334
853500 38.723866666666666 38.733333333333334
854000 38.72683333333334 38.733333333333334
854500 38.72966666666667 38.733333333333334
855000 38.70000000000001 38.733333333333334
855500 38.72093333333333 38.733333333333334
856000 38.70023333333333 38.733333333333334
856500 38.72426666666667 38.733333333333334
857000 38.709433333333344 38.733333333333334
857500 38.71540000000001 38.733333333333334
858000 38.71803333333334 38.733333333333334
858500 38.71509999999999 38.733333333333334
859000 38.70936666666667 38.733333333333334
859500 38.7177 38.733333333333334
860000 38.71496666666666 38.733333333333334
860500 38.72383333333334 38.733333333333334
861000 38.721199999999996 38.733333333333334
861500 38.726866666666666 38.733333333333334
862000 38.70316666666667 38.733333333333334
862500 38.71786666666667 38.733333333333334
863000 38.71523333333333 38.733333333333334
863500 38.7122 38.733333333333334
864000 38.70883333333334 38.733333333333334
864500 38.71846666666667 38.733333333333334
865000 38.712166666666675 38.733333333333334
865500 38.72673333333333 38.733333333333334
866000 38.71756666666667 38.733333333333334
866500 38.71526666666667 38.733333333333334
867000 38.71516666666667 38.733333333333334
867500 38.718 38.733333333333334
868000 38.72366666666667 38.733333333333334
868500 38.718066666666665 38.733333333333334
869000 38.71546666666667 38.733333333333334
869500 38.71526666666667 38.733333333333334
870000 38.724399999999996 38.733333333333334
870500 38.72413333333334 38.733333333333334
871000 38.70013333333333 38.733333333333334
871500 38.712266666666665 38.733333333333334
872000 38.7274 38.733333333333334
872500 38.70343333333334 38.733333333333334
873000 38.70026666666668 38.733333333333334
873500 38.71513333333334 38.733333333333334
874000 38.721333333333334 38.733333333333334
874500 38.727333333333334 38.733333333333334
875000 38.73026666666667 38.733333333333334
875500 38.72403333333334 38.733333333333334
876000 38.709066666666665 38.733333333333334
876500 38.69129999999999 38.733333333333334
877000 38.7184 38.733333333333334
877500 38.7091 38.733333333333334
878000 38.721333333333334 38.733333333333334
878500 38.71223333333332 38.733333333333334
879000 38.71523333333334 38.733333333333334
879500 38.72736666666667 38.733333333333334
880000 38.709700000000005 38.733333333333334
880500 38.72440000000001 38.733333333333334
881000 38.715133333333334 38.733333333333334
881500 38.71803333333334 38.733333333333334
882000 38.71853333333334 38.733333333333334
882500 38.70963333333334 38.733333333333334
883000 38.70893333333334 38.733333333333334
883500 38.720800000000004 38.733333333333334
884000 38.71493333333333 38.733333333333334
884500 38.697700000000005 38.733333333333334
885000 38.7092 38.733333333333334
885500 38.72126666666667 38.733333333333334
886000 38.718333333333334 38.733333333333334
886500 38.71506666666667 38.733333333333334
887000 38.70966666666667 38.733333333333334
887500 38.715133333333334 38.733333333333334
888000 38.703333333333326 38.733333333333334
888500 38.72090000000001 38.733333333333334
889000 38.7242 38.733333333333334
889500 38.7094 38.733333333333334
890000 38.721466666666664 38.733333333333334
890500 38.72996666666666 38.733333333333334
891000 38.70929999999999 38.733333333333334
891500 38.720433333333325 38.733333333333334
892000 38.721166666666676 38.733333333333334
892500 38.71540000000001 38.733333333333334
893000 38.71816666666667 38.733333333333334
893500 38.7184 38.733333333333334
894000 38.71546666666667 38.733333333333334
894500 38.712466666666664 38.733333333333334
895000 38.7126 38.733333333333334
895500 38.72133333333333 38.733333333333334
896000 38.720800000000004 38.733333333333334
896500 38.7123 38.733333333333334
897000 38.71826666666667 38.733333333333334
897500 38.71823333333334 38.733333333333334
898000 38.71543333333334 38.733333333333334
898500 38.72376666666667 38.733333333333334
899000 38.71810000000001 38.733333333333334
899500 38.72096666666666 38.733333333333334
900000 38.72383333333334 38.733333333333334
900500 38.7181 38.733333333333334
901000 38.7242 38.733333333333334
901500 38.71843333333333 38.733333333333334
902000 38.7123 38.733333333333334
902500 38.71796666666667 38.733333333333334
903000 38.71496666666667 38.733333333333334
903500 38.71476666666667 38.733333333333334
904000 38.70910000000001 38.733333333333334
904500 38.71456666666668 38.733333333333334
905000 38.72413333333334 38.733333333333334
905500 38.71546666666667 38.733333333333334
906000 38.71526666666667 38.733333333333334
906500 38.709700000000005 38.733333333333334
907000 38.71489999999999 38.733333333333334
907500 38.7126 38.733333333333334
908000 38.72426666666667 38.733333333333334
908500 38.709566666666674 38.733333333333334
909000 38.7154 38.733333333333334
909500 38.7184 38.733333333333334
910000 38.71193333333334 38.733333333333334
910500 38.7206 38.733333333333334
911000 38.7241 38.733333333333334
911500 38.7212 38.733333333333334
912000 38.721166666666676 38.733333333333334
912500 38.7333 38.733333333333334
913000 38.72113333333334 38.733333333333334
913500 38.72996666666667 38.733333333333334
914000 38.706233333333344 38.733333333333334
914500 38.71496666666666 38.733333333333334
915000 38.7124 38.733333333333334
915500 38.7179 38.733333333333334
916000 38.71803333333334 38.733333333333334
916500 38.7091 38.733333333333334
917000 38.70923333333334 38.733333333333334
917500 38.72076666666667 38.733333333333334
918000 38.7182 38.733333333333334
918500 38.71266666666667 38.733333333333334
919000 38.72103333333334 38.733333333333334
919500 38.711733333333335 38.733333333333334
920000 38.718 38.733333333333334
920500 38.72103333333333 38.733333333333334
921000 38.726099999999995 38.733333333333334
921500 38.721133333333334 38.733333333333334
922000 38.71523333333333 38.733333333333334
922500 38.72143333333334 38.733333333333334
923000 38.712133333333334 38.733333333333334
923500 38.72406666666667 38.733333333333334
924000 38.721066666666665 38.733333333333334
924500 38.7184 38.733333333333334
925000 38.71216666666667 38.733333333333334
925500 38.70370000000001 38.733333333333334
926000 38.717999999999996 38.733333333333334
926500 38.71236666666667 38.733333333333334
927000 38.709233333333344 38.733333333333334
927500 38.72113333333334 38.733333333333334
928000 38.70910000000001 38.733333333333334
928500 38.7209 38.733333333333334
929000 38.721500000000006 38.733333333333334
929500 38.724399999999996 38.733333333333334
930000 38.71540000000001 38.733333333333334
930500 38.71806666666667 38.733333333333334
931000 38.72133333333333 38.733333333333334
931500 38.715266666666665 38.733333333333334
932000 38.724399999999996 38.733333333333334
932500 38.720733333333335 38.733333333333334
933000 38.72123333333333 38.733333333333334
933500 38.7152 38.733333333333334
934000 38.715366666666675 38.733333333333334
934500 38.72436666666667 38.733333333333334
935000 38.721133333333334 38.733333333333334
935500 38.7062 38.733333333333334
936000 38.718166666666676 38.733333333333334
936500 38.7176 38.733333333333334
937000 38.72096666666666 38.733333333333334
937500 38.7183 38.733333333333334
938000 38.71843333333334 38.733333333333334
938500 38.72143333333334 38.733333333333334
939000 38.724333333333334 38.733333333333334
939500 38.72093333333334 38.733333333333334
940000 38.71536666666667 38.733333333333334
940500 38.71536666666667 38.733333333333334
941000 38.71846666666667 38.733333333333334
941500 38.7181 38.733333333333334
942000 38.70943333333334 38.733333333333334
942500 38.7184 38.733333333333334
943000 38.71490000000001 38.733333333333334
943500 38.70663333333334 38.733333333333334
944000 38.72130000000001 38.733333333333334
944500 38.712300000000006 38.733333333333334
945000 38.70953333333334 38.733333333333334
945500 38.7036 38.733333333333334
946000 38.715366666666675 38.733333333333334
946500 38.709133333333334 38.733333333333334
947000 38.72103333333334 38.733333333333334
947500 38.72400000000001 38.733333333333334
948000 38.706300000000006 38.733333333333334
948500 38.70943333333334 38.733333333333334
949000 38.71566666666668 38.733333333333334
949500 38.7156 38.733333333333334
950000 38.70633333333333 38.733333333333334
950500 38.7061 38.733333333333334
951000 38.7184 38.733333333333334
951500 38.72396666666666 38.733333333333334
952000 38.70943333333334 38.733333333333334
952500 38.72426666666667 38.733333333333334
953000 38.72416666666666 38.733333333333334
953500 38.72416666666666 38.733333333333334
954000 38.71853333333334 38.733333333333334
954500 38.724199999999996 38.733333333333334
955000 38.72103333333334 38.733333333333334
955500 38.724066666666666 38.733333333333334
956000 38.72083333333333 38.733333333333334
956500 38.7209 38.733333333333334
957000 38.72136666666667 38.733333333333334
957500 38.72659999999999 38.733333333333334
958000 38.706500000000005 38.733333333333334
958500 38.71806666666667 38.733333333333334
959000 38.7184 38.733333333333334
959500 38.70646666666667 38.733333333333334
960000 38.71246666666668 38.733333333333334
960500 38.71546666666667 38.733333333333334
961000 38.71243333333333 38.733333333333334
961500 38.72423333333333 38.733333333333334
962000 38.73003333333333 38.733333333333334
962500 38.72143333333334 38.733333333333334
963000 38.715333333333334 38.733333333333334
963500 38.71186666666666 38.733333333333334
964000 38.721066666666665 38.733333333333334
964500 38.7179 38.733333333333334
965000 38.71853333333333 38.733333333333334
965500 38.702933333333334 38.733333333333334
966000 38.70956666666666 38.733333333333334
966500 38.7094 38.733333333333334
967000 38.726933333333335 38.733333333333334
967500 38.71853333333334 38.733333333333334
968000 38.7178 38.733333333333334
968500 38.72076666666667 38.733333333333334
969000 38.70316666666666 38.733333333333334
969500 38.71516666666667 38.733333333333334
970000 38.71816666666667 38.733333333333334
970500 38.706633333333336 38.733333333333334
971000 38.73036666666667 38.733333333333334
971500 38.7184 38.733333333333334
972000 38.72986666666667 38.733333333333334
972500 38.72646666666667 38.733333333333334
973000 38.70263333333333 38.733333333333334
973500 38.71813333333333 38.733333333333334
974000 38.70623333333334 38.733333333333334
974500 38.71843333333334 38.733333333333334
975000 38.714733333333335 38.733333333333334
975500 38.71786666666666 38.733333333333334
976000 38.715300000000006 38.733333333333334
976500 38.72440000000001 38.733333333333334
977000 38.721166666666676 38.733333333333334
977500 38.71253333333334 38.733333333333334
978000 38.724133333333334 38.733333333333334
978500 38.71263333333334 38.733333333333334
979000 38.730166666666676 38.733333333333334
979500 38.720866666666666 38.733333333333334
980000 38.72123333333333 38.733333333333334
980500 38.724066666666666 38.733333333333334
981000 38.721166666666676 38.733333333333334
981500 38.71833333333334 38.733333333333334
982000 38.71790000000001 38.733333333333334
982500 38.7182 38.733333333333334
983000 38.71500000000001 38.733333333333334
983500 38.7152 38.733333333333334
984000 38.72716666666667 38.733333333333334
984500 38.72423333333333 38.733333333333334
985000 38.7153 38.733333333333334
985500 38.7154 38.733333333333334
986000 38.71183333333333 38.733333333333334
986500 38.71836666666666 38.733333333333334
987000 38.730133333333335 38.733333333333334
987500 38.70666666666667 38.733333333333334
988000 38.71236666666667 38.733333333333334
988500 38.71220000000001 38.733333333333334
989000 38.72093333333334 38.733333333333334
989500 38.70926666666667 38.733333333333334
990000 38.70609999999999 38.733333333333334
990500 38.712466666666664 38.733333333333334
991000 38.712233333333344 38.733333333333334
991500 38.71536666666667 38.733333333333334
992000 38.723833333333324 38.733333333333334
992500 38.709266666666686 38.733333333333334
993000 38.70333333333334 38.733333333333334
993500 38.71536666666667 38.733333333333334
994000 38.72443333333334 38.733333333333334
994500 38.72736666666666 38.733333333333334
995000 38.706100000000006 38.733333333333334
995500 38.7182 38.733333333333334
996000 38.723633333333346 38.733333333333334
996500 38.7117 38.733333333333334
997000 38.72140000000001 38.733333333333334
997500 38.6976 38.733333333333334
998000 38.71856666666667 38.733333333333334
998500 38.70946666666667 38.733333333333334
999000 38.727 38.733333333333334
999500 38.71836666666666 38.733333333333334
1000000 38.703700000000005 38.733333333333334
