35
20
m 0 19
0 34 0
1 0 0
2 34 19
w 0 9
w 0 10
w 1 1
w 1 2
w 1 4
w 1 5
w 1 6
w 1 7
w 1 9
w 1 10
w 1 12
w 1 13
w 1 14
w 1 16
w 1 17
w 1 18
w 2 1
w 2 2
w 2 4
w 2 5
w 2 6
w 2 7
w 2 9
w 2 10
w 2 18
w 3 1
w 3 2
w 3 4
w 3 5
w 3 12
w 3 14
w 3 16
w 3 18
w 4 1
w 4 2
w 4 4
w 4 5
w 4 7
w 4 9
w 4 10
w 4 12
w 4 14
w 4 16
w 4 18
w 5 1
w 5 2
w 5 7
w 5 9
w 5 10
w 5 12
w 5 14
w 5 16
w 5 18
w 6 1
w 6 2
w 6 4
w 6 5
w 6 7
w 6 12
w 6 14
w 6 16
w 6 18
w 7 4
w 7 5
w 7 7
w 7 8
w 7 10
w 7 12
w 7 14
w 7 16
w 8 1
w 8 2
w 8 4
w 8 5
w 8 7
w 8 8
w 8 10
w 8 12
w 8 16
w 8 18
w 9 1
w 9 8
w 9 10
w 9 12
w 9 14
w 9 16
w 9 18
w 10 1
w 10 3
w 10 4
w 10 6
w 10 8
w 10 10
w 10 12
w 10 14
w 10 16
w 10 18
w 11 1
w 11 3
w 11 4
w 11 6
w 11 14
w 11 16
w 11 18
w 12 1
w 12 3
w 12 4
w 12 6
w 12 8
w 12 9
w 12 10
w 12 11
w 12 12
w 12 14
w 12 18
w 13 1
w 13 6
w 13 14
w 13 16
w 13 18
w 14 1
w 14 3
w 14 5
w 14 6
w 14 8
w 14 10
w 14 12
w 14 14
w 14 16
w 14 18
w 15 1
w 15 3
w 15 5
w 15 6
w 15 8
w 15 10
w 15 12
w 15 14
w 15 16
w 15 18
w 16 3
w 16 5
w 16 6
w 16 8
w 16 10
w 16 12
w 17 0
w 17 1
w 17 2
w 17 3
w 17 8
w 17 12
w 17 13
w 17 15
w 17 16
w 17 18
w 17 19
w 18 3
w 18 5
w 18 6
w 18 8
w 18 10
w 18 12
w 19 1
w 19 3
w 19 5
w 19 6
w 19 8
w 19 10
w 19 12
w 19 14
w 19 16
w 19 18
w 20 1
w 20 3
w 20 5
w 20 6
w 20 8
w 20 10
w 20 12
w 20 14
w 20 16
w 20 18
w 21 1
w 21 6
w 21 14
w 21 16
w 21 18
w 22 1
w 22 3
w 22 4
w 22 6
w 22 8
w 22 9
w 22 10
w 22 11
w 22 12
w 22 14
w 22 18
w 23 1
w 23 3
w 23 4
w 23 6
w 23 14
w 23 16
w 23 18
w 24 1
w 24 3
w 24 4
w 24 6
w 24 8
w 24 10
w 24 12
w 24 14
w 24 16
w 24 18
w 25 1
w 25 8
w 25 10
w 25 12
w 25 14
w 25 16
w 25 18
w 26 1
w 26 2
w 26 4
w 26 5
w 26 7
w 26 8
w 26 10
w 26 12
w 26 16
w 26 18
w 27 4
w 27 5
w 27 7
w 27 8
w 27 10
w 27 12
w 27 14
w 27 16
w 28 1
w 28 2
w 28 4
w 28 5
w 28 7
w 28 12
w 28 14
w 28 16
w 28 18
w 29 1
w 29 2
w 29 7
w 29 9
w 29 10
w 29 12
w 29 14
w 29 16
w 29 18
w 30 1
w 30 2
w 30 4
w 30 5
w 30 7
w 30 9
w 30 10
w 30 12
w 30 14
w 30 16
w 30 18
w 31 1
w 31 2
w 31 4
w 31 5
w 31 12
w 31 14
w 31 16
w 31 18
w 32 1
w 32 2
w 32 4
w 32 5
w 32 6
w 32 7
w 32 9
w 32 10
w 32 18
w 33 1
w 33 2
w 33 4
w 33 5
w 33 6
w 33 7
w 33 9
w 33 10
w 33 12
w 33 13
w 33 14
w 33 16
w 33 17
w 33 18
w 34 9
w 34 10
p 7 17
p 22 17
p 30 0
p 14 13
p 5 19
p 13 8
p 29 4
p 13 17
p 21 0
p 21 9
p 27 6
p 3 6
p 19 2
p 3 15
p 19 11
p 11 7
p 1 8
p 34 5
p 34 14
p 17 7
p 9 3
p 0 0
p 15 0
p 32 16
p 33 15
p 15 9
p 6 6
p 25 11
p 16 17
p 32 19
p 31 8
p 22 5
p 31 17
p 23 13
p 30 6
p 14 19
p 13 5
p 29 13
p 3 3
p 20 19
p 12 15
p 28 11
p 4 11
p 27 15
p 10 17
p 18 0
p 26 13
p 2 13
p 18 9
p 18 18
p 34 2
p 34 11
p 17 4
p 9 0
p 9 9
p 33 3
p 24 0
p 32 13
p 8 13
p 24 9
p 7 2
p 0 18
p 25 17
p 16 14
p 7 11
p 22 2
p 6 15
p 23 10
p 14 7
p 5 4
p 23 19
p 5 13
p 13 2
p 30 15
p 13 11
p 20 7
p 3 0
p 29 19
p 21 15
p 3 9
p 4 8
p 27 3
p 4 17
p 10 5
p 19 17
p 1 11
p 11 13
p 2 19
p 33 0
p 0 6
p 25 5
p 8 19
p 16 2
p 0 15
p 6 3
p 15 15
p 31 11
p 23 7
p 14 4
p 30 3
p 20 4
p 21 3
p 12 0
p 20 13
p 21 12
p 27 0
p 27 9
p 28 8
p 10 2
p 27 18
p 28 17
p 10 11
p 11 10
p 11 19
p 2 16
p 26 19
p 18 15
p 34 8
p 34 17
p 17 10
p 9 6
p 0 3
p 25 2
p 9 15
p 0 12
p 6 0
p 24 15
p 6 9
p 16 11
t 1750 0
m 0 18
0 33 0
1 1 0
2 33 19
t 1749 0.7751937984496124
m 0 17
0 32 0
1 0 0
2 34 19
t 1748 0.7751937984496124
m 0 16
0 33 0
1 0 1
2 34 18
t 1747 0.7751937984496124
m 0 15
0 32 0
1 0 0
2 34 19
t 1746 1.550387596899225
m 0 15
0 31 0
1 0 1
2 34 18
t 1745 1.550387596899225
m 0 14
0 32 0
1 0 2
2 34 17
t 1744 1.550387596899225
m 0 13
0 33 0
1 0 1
2 34 18
t 1743 1.550387596899225
m 0 12
0 32 0
1 0 2
2 34 19
t 1742 2.3255813953488373
m 0 12
0 33 0
1 0 1
2 34 18
t 1741 2.3255813953488373
m 0 13
0 32 0
1 0 2
2 34 19
t 1740 2.3255813953488373
m 0 13
0 33 0
1 0 3
2 33 19
t 1739 2.3255813953488373
m 0 12
0 32 0
1 0 2
2 34 19
t 1738 2.3255813953488373
m 0 13
0 33 0
1 0 3
2 34 18
t 1737 2.3255813953488373
m 0 12
0 34 0
1 1 3
2 34 17
t 1736 2.3255813953488373
m 0 13
0 33 0
1 0 3
2 34 18
t 1735 2.3255813953488373
m 0 13
0 34 0
1 0 2
2 34 19
t 1734 2.3255813953488373
m 0 13
0 33 0
1 0 1
2 34 18
t 1733 2.3255813953488373
m 0 13
0 34 0
1 0 0
2 34 17
t 1732 2.3255813953488373
m 0 13
0 33 0
1 0 1
2 34 16
t 1731 2.3255813953488373
m 0 14
0 34 0
1 0 2
2 34 17
t 1730 2.3255813953488373
m 0 13
0 34 1
1 0 1
2 34 16
t 1729 2.3255813953488373
m 0 12
0 34 2
1 0 2
2 34 17
t 1728 2.3255813953488373
m 0 13
0 34 1
1 0 1
2 34 18
t 1727 2.3255813953488373
m 0 13
0 34 0
1 0 2
2 34 17
t 1726 2.3255813953488373
m 0 14
0 33 0
1 0 3
2 34 16
t 1725 2.3255813953488373
m 0 13
0 32 0
1 0 4
2 34 17
t 1724 2.3255813953488373
m 0 14
0 31 0
1 0 3
2 34 16
t 1723 2.3255813953488373
m 0 15
0 32 0
1 0 2
2 34 15
t 1722 2.3255813953488373
m 1 15
0 31 0
1 0 3
2 34 16
t 1721 2.3255813953488373
m 1 15
0 32 0
1 1 3
2 34 17
t 1720 2.3255813953488373
m 0 15
0 33 0
1 2 3
2 34 16
t 1719 2.3255813953488373
m 0 15
0 32 0
1 3 3
2 34 15
t 1718 2.3255813953488373
m 0 16
0 31 0
1 4 3
2 34 16
t 1717 2.3255813953488373
m 0 17
0 32 0
1 3 3
2 34 17
t 1716 2.3255813953488373
m 0 16
0 31 0
1 2 3
2 34 18
t 1715 2.3255813953488373
m 0 16
0 30 0
1 3 3
2 34 17
t 1714 2.3255813953488373
m 0 17
0 29 0
1 4 3
2 34 18
t 1713 2.3255813953488373
m 0 17
0 30 0
1 3 3
2 34 19
t 1712 2.3255813953488373
m 0 18
0 31 0
1 4 3
2 34 18
t 1711 2.3255813953488373
m 0 19
0 30 0
1 3 3
2 34 19
t 1710 2.3255813953488373
m 0 19
0 31 0
1 4 3
2 34 18
t 1709 2.3255813953488373
m 1 19
0 30 0
1 3 3
2 34 17
t 1708 2.3255813953488373
m 2 19
0 29 0
1 2 3
2 34 16
t 1707 3.10077519379845
m 2 19
0 28 0
1 3 3
2 34 15
t 1706 3.10077519379845
m 2 19
0 27 0
1 2 3
2 34 16
t 1705 3.10077519379845
m 3 19
0 27 1
1 3 3
2 34 17
t 1704 3.10077519379845
m 3 19
0 27 2
1 4 3
2 34 18
t 1703 3.10077519379845
m 4 19
0 27 1
1 3 3
2 34 19
t 1702 3.10077519379845
m 5 19
0 27 0
1 4 3
2 33 19
t 1701 3.875968992248062
m 6 19
0 27 1
1 5 3
2 32 19
t 1700 3.875968992248062
m 7 19
0 27 2
1 4 3
2 33 19
t 1699 3.875968992248062
m 8 19
0 27 3
1 5 3
2 34 19
t 1698 4.651162790697675
m 9 19
0 28 3
1 6 3
2 33 19
t 1697 4.651162790697675
m 10 19
0 29 3
1 7 3
2 34 19
t 1696 4.651162790697675
m 11 19
0 28 3
1 7 2
2 34 18
t 1695 5.426356589147287
m 12 19
0 29 3
1 7 1
2 34 19
t 1694 5.426356589147287
m 11 19
0 29 4
1 7 0
2 34 18
t 1693 5.426356589147287
m 10 19
0 29 3
1 6 0
2 34 17
t 1692 5.426356589147287
m 11 19
0 30 3
1 7 0
2 34 16
t 1691 5.426356589147287
m 11 19
0 29 3
1 8 0
2 34 17
t 1690 5.426356589147287
m 10 19
0 28 3
1 9 0
2 34 18
t 1689 5.426356589147287
m 10 19
0 27 3
1 10 0
2 34 17
t 1688 5.426356589147287
m 10 19
0 26 3
1 11 0
2 34 16
t 1687 5.426356589147287
m 10 19
0 25 3
1 10 0
2 34 15
t 1686 5.426356589147287
m 11 19
0 25 4
1 9 0
2 34 16
t 1685 5.426356589147287
m 10 19
0 25 5
1 8 0
2 34 15
t 1684 5.426356589147287
m 9 19
0 25 6
1 7 0
2 34 16
t 1683 5.426356589147287
m 10 19
0 26 6
1 8 0
2 34 17
t 1682 5.426356589147287
m 10 19
0 25 6
1 7 0
2 34 18
t 1681 5.426356589147287
m 11 19
0 26 6
1 6 0
2 34 19
t 1680 5.426356589147287
m 11 19
0 25 6
1 7 0
2 33 19
t 1679 5.426356589147287
m 10 19
0 25 7
1 6 0
2 34 19
t 1678 5.426356589147287
m 11 19
0 25 6
1 5 0
2 33 19
t 1677 5.426356589147287
m 10 19
0 26 6
1 6 0
2 32 19
f 34 19
t 1676 5.426356589147287
m 10 19
0 27 6
1 7 0
2 33 19
t 1675 5.426356589147287
m 10 19
0 26 6
1 7 1
2 34 19
t 1674 5.426356589147287
m 10 19
0 27 6
1 7 2
2 33 19
t 1673 5.426356589147287
m 10 19
0 28 6
1 7 1
2 34 19
t 1672 5.426356589147287
m 9 19
0 29 6
1 7 2
2 33 19
t 1671 5.426356589147287
m 8 19
0 29 5
1 7 1
2 32 19
t 1670 5.426356589147287
m 9 19
0 29 4
1 7 0
2 33 19
t 1669 5.426356589147287
m 8 19
0 29 3
1 8 0
2 32 19
t 1668 5.426356589147287
m 7 19
0 28 3
1 7 0
2 33 19
t 1667 5.426356589147287
m 7 18
0 29 3
1 8 0
2 32 19
t 1666 5.426356589147287
m 7 17
0 30 3
1 9 0
2 31 19
t 1665 6.2015503875969
m 8 17
0 31 3
1 8 0
2 32 19
t 1664 6.2015503875969
m 9 17
0 30 3
1 7 0
2 33 19
t 1663 6.2015503875969
m 10 17
0 31 3
1 7 1
2 34 19
t 1662 6.976744186046512
m 11 17
0 30 3
1 7 0
2 34 18
t 1661 6.976744186046512
m 12 17
0 29 3
1 6 0
2 34 19
t 1660 6.976744186046512
m 13 17
0 29 4
1 7 0
2 34 18
t 1659 7.751937984496124
m 12 17
0 29 5
1 8 0
2 34 19
t 1658 7.751937984496124
m 12 17
0 29 6
1 7 0
2 34 18
t 1657 7.751937984496124
m 12 17
0 28 6
1 8 0
2 34 17
t 1656 7.751937984496124
m 12 17
0 27 6
1 9 0
2 34 18
t 1655 7.751937984496124
m 12 16
0 28 6
1 10 0
2 34 19
t 1654 7.751937984496124
m 12 15
0 29 6
1 9 0
2 34 18
t 1653 8.527131782945736
m 11 15
0 29 5
1 10 0
2 34 19
t 1652 8.527131782945736
m 10 15
0 29 6
1 11 0
2 34 18
t 1651 8.527131782945736
m 9 15
0 28 6
1 12 0
2 34 19
t 1650 9.30232558139535
m 8 15
0 27 6
1 11 0
2 34 18
t 1649 9.30232558139535
m 7 15
0 28 6
1 10 0
2 34 19
t 1648 9.30232558139535
m 6 15
0 29 6
1 11 0
2 34 18
t 1647 10.077519379844961
m 5 15
0 29 5
1 12 0
2 34 17
t 1646 10.077519379844961
m 4 15
0 29 6
1 13 0
2 34 18
t 1645 10.077519379844961
m 3 15
0 28 6
1 12 0
2 34 17
t 1644 10.852713178294573
m 2 15
0 27 6
1 11 0
2 34 16
t 1643 10.852713178294573
m 2 16
0 26 6
1 10 0
2 34 15
t 1642 11.627906976744185
m 2 17
0 25 6
1 11 0
2 34 14
t 1641 11.627906976744185
m 3 17
0 25 7
1 10 0
2 34 13
t 1640 11.627906976744185
m 4 17
0 25 6
1 9 0
2 34 14
t 1639 12.4031007751938
m 3 17
0 26 6
1 8 0
2 34 15
t 1638 12.4031007751938
m 2 17
0 27 6
1 7 0
2 34 14
t 1637 12.4031007751938
m 2 16
0 28 6
1 6 0
2 34 13
t 1636 12.4031007751938
m 2 16
0 27 6
1 7 0
2 34 14
t 1635 12.4031007751938
m 2 15
0 28 6
1 7 1
2 34 13
t 1634 12.4031007751938
m 3 15
0 27 6
1 7 2
2 34 14
t 1633 12.4031007751938
m 4 15
0 28 6
1 7 3
2 34 13
t 1632 12.4031007751938
m 3 15
0 29 6
1 8 3
2 34 14
t 1631 12.4031007751938
m 3 15
0 28 6
1 7 3
2 34 13
t 1630 12.4031007751938
m 2 15
0 27 6
1 6 3
2 34 12
t 1629 12.4031007751938
m 2 15
0 26 6
1 5 3
2 34 13
t 1628 12.4031007751938
m 2 14
0 25 6
1 4 3
2 34 12
t 1627 12.4031007751938
m 2 13
0 26 6
1 5 3
2 34 11
t 1626 13.178294573643411
m 2 14
0 27 6
1 4 3
2 34 12
t 1625 13.178294573643411
m 2 15
0 26 6
1 5 3
2 34 13
t 1624 13.178294573643411
m 3 15
0 27 6
1 5 4
2 34 12
t 1623 13.178294573643411
m 4 15
0 26 6
1 5 5
2 34 11
t 1622 13.178294573643411
m 4 15
0 25 6
1 5 6
2 34 12
t 1621 13.178294573643411
m 4 15
0 25 5
1 4 6
2 34 13
t 1620 13.178294573643411
m 5 15
0 25 6
1 3 6
2 34 12
t 1619 13.178294573643411
m 4 15
0 25 7
1 3 7
2 34 13
t 1618 13.178294573643411
m 5 15
0 25 6
1 3 8
2 34 12
t 1617 13.178294573643411
m 6 15
0 25 7
1 3 9
2 34 11
t 1616 13.178294573643411
m 5 15
0 25 6
1 3 10
2 34 12
t 1615 13.178294573643411
m 6 15
0 25 7
1 3 11
2 34 13
t 1614 13.178294573643411
m 7 15
0 25 6
1 4 11
2 34 14
t 1613 13.178294573643411
m 8 15
0 25 7
1 3 11
2 34 15
t 1612 13.178294573643411
m 8 15
0 25 6
1 4 11
2 33 15
t 1611 13.178294573643411
m 7 15
0 25 7
1 5 11
2 34 15
t 1610 13.178294573643411
m 6 15
0 24 7
1 6 11
2 34 14
t 1609 13.178294573643411
m 5 15
0 25 7
1 6 10
2 34 13
t 1608 13.178294573643411
m 5 15
0 25 6
1 6 9
2 34 12
t 1607 13.178294573643411
m 4 15
0 26 6
1 7 9
2 34 11
t 1606 13.178294573643411
m 5 15
0 25 6
1 8 9
2 34 12
t 1605 13.178294573643411
m 5 15
0 25 7
1 9 9
2 34 11
t 1604 13.178294573643411
m 6 15
0 25 6
1 8 9
2 34 12
t 1603 13.178294573643411
m 7 15
0 25 7
1 7 9
2 34 13
t 1602 13.178294573643411
m 6 15
0 24 7
1 8 9
2 34 14
t 1601 13.178294573643411
m 7 15
0 25 7
1 9 9
2 34 15
t 1600 13.178294573643411
m 7 15
0 24 7
1 10 9
2 34 14
t 1599 13.178294573643411
m 8 15
0 25 7
1 9 9
2 34 15
t 1598 13.178294573643411
m 8 15
0 24 7
1 8 9
2 34 16
t 1597 13.178294573643411
m 7 15
0 25 7
1 9 9
2 34 17
t 1596 13.178294573643411
m 6 15
0 25 6
1 8 9
2 34 16
t 1595 13.178294573643411
m 5 15
0 25 5
1 7 9
2 34 17
t 1594 13.178294573643411
m 5 15
0 24 5
1 8 9
2 34 18
t 1593 13.178294573643411
m 5 15
0 23 5
1 7 9
2 34 17
t 1592 13.178294573643411
m 5 15
0 24 5
1 8 9
2 34 16
t 1591 13.178294573643411
m 4 15
0 25 5
1 9 9
2 34 15
t 1590 13.178294573643411
m 4 15
0 25 4
1 10 9
2 34 14
t 1589 13.178294573643411
m 5 15
0 25 5
1 11 9
2 34 15
t 1588 13.178294573643411
m 5 15
0 25 4
1 11 8
2 33 15
t 1587 13.178294573643411
m 6 15
0 25 5
1 11 7
2 34 15
t 1586 13.178294573643411
m 5 15
0 25 4
1 10 7
2 34 14
t 1585 13.178294573643411
m 5 15
0 25 5
1 9 7
2 34 15
t 1584 13.178294573643411
m 5 15
0 24 5
1 9 6
2 34 16
t 1583 13.178294573643411
m 4 15
0 25 5
1 9 5
2 34 17
t 1582 13.178294573643411
m 4 15
0 25 6
1 9 4
2 34 18
t 1581 13.178294573643411
m 5 15
0 26 6
1 9 5
2 34 19
t 1580 13.178294573643411
m 4 15
0 25 6
1 9 6
2 33 19
t 1579 13.178294573643411
m 5 15
0 25 7
1 9 5
2 32 19
t 1578 13.178294573643411
m 5 15
0 25 6
1 9 4
2 31 19
t 1577 13.178294573643411
m 4 15
0 25 5
1 9 3
2 30 19
t 1576 13.178294573643411
m 5 15
0 24 5
1 9 4
2 29 19
t 1575 13.178294573643411
m 5 15
0 23 5
1 9 3
2 30 19
t 1574 13.178294573643411
m 5 15
0 22 5
1 9 4
2 31 19
t 1573 13.178294573643411
m 6 15
0 23 5
1 9 3
2 32 19
t 1572 13.178294573643411
m 5 15
0 24 5
1 9 2
2 33 19
t 1571 13.178294573643411
m 4 15
0 25 5
1 10 2
2 34 19
t 1570 13.178294573643411
m 5 15
0 25 6
1 9 2
2 34 18
t 1569 13.178294573643411
m 4 15
0 25 7
1 10 2
2 34 19
t 1568 13.178294573643411
m 5 15
0 25 6
1 11 2
2 34 18
t 1567 13.178294573643411
m 4 15
0 25 5
1 12 2
2 34 17
t 1566 13.178294573643411
m 4 15
0 24 5
1 11 2
2 34 18
t 1565 13.178294573643411
m 5 15
0 25 5
1 12 2
2 34 19
t 1564 13.178294573643411
m 6 15
0 24 5
1 11 2
2 34 18
t 1563 13.178294573643411
m 5 15
0 23 5
1 12 2
2 34 19
t 1562 13.178294573643411
m 4 15
0 24 5
1 11 2
2 33 19
t 1561 13.178294573643411
m 5 15
0 25 5
1 10 2
2 32 19
t 1560 13.178294573643411
m 4 15
0 25 6
1 11 2
2 33 19
t 1559 13.178294573643411
m 4 15
0 26 6
1 12 2
2 32 19
t 1558 13.178294573643411
m 4 15
0 25 6
1 13 2
2 31 19
t 1557 13.178294573643411
m 5 15
0 25 7
1 14 2
2 30 19
t 1556 13.178294573643411
m 5 15
0 25 6
1 15 2
2 31 19
t 1555 13.178294573643411
m 4 15
0 25 5
1 16 2
2 30 19
t 1554 13.178294573643411
m 4 15
0 25 4
1 15 2
2 29 19
t 1553 13.178294573643411
m 5 15
0 25 5
1 14 2
2 28 19
t 1552 13.178294573643411
m 5 15
0 25 6
1 13 2
2 27 19
t 1551 13.178294573643411
m 5 15
0 26 6
1 14 2
2 28 19
t 1550 13.178294573643411
m 4 15
0 25 6
1 13 2
2 27 19
t 1549 13.178294573643411
m 5 15
0 26 6
1 13 3
2 28 19
t 1548 13.178294573643411
m 5 15
0 27 6
1 13 4
2 29 19
t 1547 13.178294573643411
m 4 15
0 26 6
1 13 5
2 30 19
t 1546 13.178294573643411
m 5 15
0 27 6
1 12 5
2 29 19
t 1545 13.178294573643411
m 5 15
0 26 6
1 13 5
2 28 19
t 1544 13.178294573643411
m 5 15
0 27 6
1 12 5
2 29 19
t 1543 13.178294573643411
m 4 15
0 28 6
1 13 5
2 28 19
t 1542 13.178294573643411
m 3 15
0 29 6
1 12 5
2 27 19
t 1541 13.178294573643411
m 2 15
0 30 6
1 11 5
2 26 19
t 1540 13.178294573643411
m 1 15
0 29 6
1 12 5
2 25 19
t 1539 13.178294573643411
m 1 15
0 30 6
1 11 5
2 24 19
t 1538 13.178294573643411
m 0 15
0 31 6
1 12 5
2 25 19
t 1537 13.178294573643411
m 0 14
0 31 7
1 11 5
2 24 19
t 1536 13.178294573643411
m 0 15
0 31 8
1 10 5
2 25 19
t 1535 13.178294573643411
m 0 15
0 31 9
1 9 5
2 24 19
t 1534 13.178294573643411
m 0 15
0 31 8
1 9 4
2 25 19
t 1533 13.178294573643411
m 0 15
0 31 7
1 9 3
2 24 19
t 1532 13.178294573643411
m 1 15
0 31 8
1 9 4
2 25 19
t 1531 13.178294573643411
m 2 15
0 31 9
1 9 5
2 26 19
t 1530 13.178294573643411
m 2 15
0 31 10
1 10 5
2 25 19
t 1529 13.178294573643411
m 1 15
0 31 11
1 11 5
2 26 19
t 1528 13.178294573643411
m 1 15
0 31 10
1 12 5
2 25 19
t 1527 13.178294573643411
m 1 15
0 31 11
1 11 5
2 24 19
t 1526 13.178294573643411
m 1 15
0 30 11
1 12 5
2 23 19
t 1525 13.178294573643411
m 0 15
0 29 11
1 11 5
2 24 19
t 1524 13.178294573643411
m 0 15
0 28 11
1 12 5
2 23 19
t 1523 13.178294573643411
m 0 14
0 27 11
1 11 5
2 24 19
t 1522 13.178294573643411
m 0 13
0 26 11
1 12 5
2 25 19
t 1521 13.178294573643411
m 0 12
0 27 11
1 13 5
2 26 19
t 1520 13.178294573643411
m 0 12
0 28 11
1 12 5
2 25 19
t 1519 13.178294573643411
m 0 11
0 28 10
1 11 5
2 26 19
t 1518 13.178294573643411
m 1 11
0 28 9
1 12 5
2 27 19
t 1517 13.953488372093023
m 1 11
0 28 10
1 11 5
2 27 18
t 1516 13.953488372093023
m 0 11
0 28 11
1 12 5
2 27 17
t 1515 13.953488372093023
m 1 11
0 27 11
1 11 5
2 27 18
t 1514 13.953488372093023
m 0 11
0 28 11
1 10 5
2 27 19
t 1513 13.953488372093023
m 0 12
0 29 11
1 9 5
2 28 19
t 1512 13.953488372093023
m 0 11
0 28 11
1 9 4
2 29 19
t 1511 13.953488372093023
m 1 11
0 27 11
1 9 5
2 28 19
t 1510 13.953488372093023
m 2 11
0 28 11
1 9 6
2 27 19
t 1509 13.953488372093023
m 2 12
0 28 10
1 8 6
2 28 19
t 1508 13.953488372093023
m 2 13
0 28 9
1 9 6
2 29 19
t 1507 13.953488372093023
m 3 13
0 28 10
1 9 7
2 28 19
t 1506 13.953488372093023
m 2 13
0 28 11
1 10 7
2 29 19
t 1505 13.953488372093023
m 3 13
0 29 11
1 9 7
2 28 19
t 1504 13.953488372093023
m 3 13
0 28 11
1 9 6
2 29 19
t 1503 13.953488372093023
m 4 13
0 27 11
1 9 7
2 30 19
t 1502 13.953488372093023
m 5 13
0 26 11
1 9 6
2 29 19
t 1501 14.728682170542635
m 6 13
0 27 11
1 9 5
2 30 19
t 1500 14.728682170542635
m 7 13
0 26 11
1 10 5
2 31 19
t 1499 14.728682170542635
m 8 13
0 27 11
1 9 5
2 32 19
t 1498 15.503875968992247
m 9 13
0 26 11
1 9 6
2 31 19
t 1497 15.503875968992247
m 10 13
0 27 11
1 9 5
2 30 19
t 1496 15.503875968992247
m 11 13
0 28 11
1 9 4
2 29 19
t 1495 16.27906976744186
m 10 13
0 27 11
1 9 3
2 30 19
t 1494 16.27906976744186
m 10 13
0 28 11
1 9 4
2 29 19
t 1493 16.27906976744186
m 10 13
0 27 11
1 9 3
2 28 19
t 1492 16.27906976744186
m 11 13
0 26 11
1 9 2
2 27 19
t 1491 16.27906976744186
m 10 13
0 27 11
1 10 2
2 27 18
t 1490 16.27906976744186
m 11 13
0 28 11
1 9 2
2 27 19
t 1489 16.27906976744186
m 12 13
0 27 11
1 9 3
2 28 19
t 1488 16.27906976744186
m 13 13
0 28 11
1 9 2
2 29 19
t 1487 16.27906976744186
m 14 13
0 27 11
1 9 3
2 30 19
t 1486 17.05426356589147
m 15 13
0 26 11
1 9 2
2 31 19
t 1485 17.05426356589147
m 16 13
0 27 11
1 9 3
2 32 19
t 1484 17.05426356589147
m 16 14
0 28 11
1 9 2
2 31 19
t 1483 17.829457364341085
m 16 15
0 28 10
1 9 3
2 30 19
t 1482 17.829457364341085
m 15 15
0 28 11
1 9 2
2 31 19
t 1481 18.6046511627907
m 15 15
0 28 10
1 9 3
2 30 19
t 1480 18.6046511627907
m 16 15
0 28 11
1 9 4
2 29 19
t 1479 18.6046511627907
m 16 16
0 27 11
1 9 3
2 30 19
t 1478 18.6046511627907
m 16 17
0 26 11
1 9 4
2 29 19
t 1477 19.37984496124031
m 17 17
0 25 11
1 9 3
2 30 19
t 1476 19.37984496124031
m 18 17
0 24 11
1 9 2
2 31 19
t 1475 19.37984496124031
m 18 18
0 25 11
1 9 3
2 32 19
t 1474 20.155038759689923
m 18 19
0 26 11
1 9 2
2 31 19
t 1473 20.155038759689923
m 18 18
0 25 11
1 10 2
2 32 19
t 1472 20.155038759689923
m 18 17
0 26 11
1 9 2
2 31 19
t 1471 20.155038759689923
m 19 17
0 27 11
1 10 2
2 32 19
t 1470 20.930232558139537
m 18 17
0 26 11
1 11 2
2 33 19
t 1469 20.930232558139537
m 17 17
0 25 11
1 10 2
2 34 19
t 1468 20.930232558139537
m 17 17
0 26 11
1 9 2
2 34 18
t 1467 20.930232558139537
m 17 17
0 25 11
1 10 2
2 34 17
t 1466 20.930232558139537
m 17 17
0 26 11
1 9 2
2 34 18
t 1465 20.930232558139537
m 17 17
0 25 11
1 9 3
2 34 19
t 1464 20.930232558139537
m 18 17
0 26 11
1 9 4
2 34 18
t 1463 20.930232558139537
m 18 16
0 25 11
1 9 3
2 34 17
t 1462 20.930232558139537
m 18 15
0 26 11
1 8 3
2 34 18
t 1461 21.705426356589147
m 18 14
0 25 11
1 7 3
2 34 19
t 1460 21.705426356589147
m 18 13
0 26 11
1 6 3
2 33 19
t 1459 21.705426356589147
m 19 13
0 25 11
1 5 3
2 32 19
t 1458 21.705426356589147
m 20 13
0 26 11
1 6 3
2 31 19
t 1457 22.48062015503876
m 19 13
0 27 11
1 5 3
2 32 19
t 1456 22.48062015503876
m 18 13
0 26 11
1 5 4
2 31 19
t 1455 22.48062015503876
m 18 13
0 27 11
1 5 3
2 32 19
t 1454 22.48062015503876
m 19 13
0 26 11
1 4 3
2 31 19
t 1453 22.48062015503876
m 20 13
0 27 11
1 5 3
2 30 19
t 1452 22.48062015503876
m 20 13
0 26 11
1 5 4
2 31 19
t 1451 22.48062015503876
m 21 13
0 25 11
1 5 3
2 30 19
t 1450 22.48062015503876
m 21 12
0 24 11
1 6 3
2 29 19
t 1449 23.25581395348837
m 21 13
0 25 11
1 7 3
2 28 19
t 1448 23.25581395348837
m 21 13
0 24 11
1 7 2
2 27 19
t 1447 23.25581395348837
m 22 13
0 25 11
1 7 1
2 28 19
t 1446 23.25581395348837
m 23 13
0 24 11
1 7 2
2 27 19
t 1445 24.031007751937985
m 22 13
0 25 11
1 7 3
2 28 19
t 1444 24.031007751937985
m 22 13
0 24 11
1 6 3
2 29 19
t 1443 24.031007751937985
m 22 13
0 25 11
1 7 3
2 30 19
t 1442 24.031007751937985
m 21 13
0 24 11
1 7 2
2 31 19
t 1441 24.031007751937985
m 20 13
0 25 11
1 7 3
2 30 19
t 1440 24.031007751937985
m 21 13
0 26 11
1 7 2
2 29 19
t 1439 24.031007751937985
m 21 13
0 25 11
1 7 1
2 28 19
t 1438 24.031007751937985
m 20 13
0 26 11
1 7 0
2 27 19
t 1437 24.031007751937985
m 21 13
0 27 11
1 8 0
2 28 19
t 1436 24.031007751937985
m 21 13
0 26 11
1 7 0
2 29 19
t 1435 24.031007751937985
m 20 13
0 27 11
1 7 1
2 30 19
t 1434 24.031007751937985
m 19 13
0 26 11
1 7 0
2 31 19
t 1433 24.031007751937985
m 19 13
0 27 11
1 7 1
2 30 19
t 1432 24.031007751937985
m 19 13
0 28 11
1 7 0
2 31 19
t 1431 24.031007751937985
m 20 13
0 29 11
1 8 0
2 30 19
t 1430 24.031007751937985
m 20 13
0 30 11
1 9 0
2 29 19
t 1429 24.031007751937985
m 19 13
0 29 11
1 8 0
2 28 19
t 1428 24.031007751937985
m 18 13
0 30 11
1 7 0
2 27 19
t 1427 24.031007751937985
m 19 13
0 29 11
1 6 0
2 26 19
t 1426 24.031007751937985
m 20 13
0 28 11
1 7 0
2 27 19
t 1425 24.031007751937985
m 19 13
0 28 10
1 6 0
2 28 19
t 1424 24.031007751937985
m 20 13
0 28 9
1 7 0
2 27 19
t 1423 24.031007751937985
m 21 13
0 27 9
1 6 0
2 26 19
t 1422 24.031007751937985
m 20 13
0 28 9
1 5 0
2 27 19
t 1421 24.031007751937985
m 20 13
0 28 10
1 4 0
2 27 18
t 1420 24.031007751937985
m 21 13
0 28 9
1 3 0
2 27 17
t 1419 24.031007751937985
m 20 13
0 28 8
1 4 0
2 27 18
t 1418 24.031007751937985
m 20 13
0 29 8
1 5 0
2 27 19
t 1417 24.031007751937985
m 21 13
0 28 8
1 6 0
2 27 18
t 1416 24.031007751937985
m 21 13
0 29 8
1 7 0
2 27 19
t 1415 24.031007751937985
m 21 13
0 28 8
1 8 0
2 26 19
t 1414 24.031007751937985
m 21 12
0 28 9
1 9 0
2 27 19
t 1413 24.031007751937985
m 21 12
0 28 8
1 8 0
2 28 19
t 1412 24.031007751937985
m 21 13
0 29 8
1 7 0
2 29 19
t 1411 24.031007751937985
m 20 13
0 28 8
1 8 0
2 30 19
t 1410 24.031007751937985
m 19 13
0 28 9
1 7 0
2 31 19
t 1409 24.031007751937985
m 19 13
0 28 10
1 8 0
2 30 19
t 1408 24.031007751937985
m 20 13
0 28 11
1 7 0
2 31 19
t 1407 24.031007751937985
m 19 13
0 27 11
1 6 0
2 30 19
t 1406 24.031007751937985
m 19 13
0 26 11
1 7 0
2 29 19
t 1405 24.031007751937985
m 19 13
0 25 11
1 6 0
2 28 19
t 1404 24.031007751937985
m 18 13
0 24 11
1 5 0
2 29 19
t 1403 24.031007751937985
m 18 14
0 25 11
1 4 0
2 28 19
t 1402 24.031007751937985
m 18 15
0 24 11
1 3 0
2 27 19
t 1401 24.031007751937985
m 19 15
0 25 11
1 4 0
2 28 19
t 1400 24.031007751937985
m 20 15
0 26 11
1 5 0
2 29 19
t 1399 24.031007751937985
m 21 15
0 25 11
1 4 0
2 30 19
t 1398 24.8062015503876
m 22 15
0 24 11
1 3 0
2 29 19
t 1397 24.8062015503876
m 23 15
0 23 11
1 4 0
2 28 19
t 1396 24.8062015503876
m 24 15
0 23 12
1 5 0
2 27 19
t 1395 25.58139534883721
m 25 15
0 23 13
1 4 0
2 28 19
t 1394 25.58139534883721
m 26 15
0 24 13
1 3 0
2 27 19
t 1393 25.58139534883721
m 27 15
0 25 13
1 4 0
2 28 19
t 1392 26.356589147286822
m 28 15
0 24 13
1 3 0
2 27 19
t 1391 26.356589147286822
m 29 15
0 25 13
1 2 0
2 26 19
t 1390 26.356589147286822
m 30 15
0 26 13
1 3 0
2 25 19
t 1389 27.131782945736433
m 31 15
0 27 13
1 4 0
2 24 19
t 1388 27.131782945736433
m 32 15
0 26 13
1 3 0
2 25 19
t 1387 27.131782945736433
m 32 16
0 26 14
1 4 0
2 24 19
t 1386 27.906976744186046
m 32 17
0 26 15
1 5 0
2 23 19
t 1385 27.906976744186046
m 31 17
0 26 14
1 6 0
2 22 19
t 1384 28.68217054263566
m 32 17
0 26 15
1 5 0
2 21 19
t 1383 28.68217054263566
m 32 17
0 27 15
1 4 0
2 22 19
t 1382 28.68217054263566
m 32 17
0 28 15
1 3 0
2 21 19
t 1381 28.68217054263566
m 32 16
0 29 15
1 4 0
2 22 19
t 1380 28.68217054263566
m 32 17
0 28 15
1 3 0
2 21 19
t 1379 28.68217054263566
m 32 17
0 27 15
1 2 0
2 20 19
t 1378 28.68217054263566
m 32 17
0 26 15
1 3 0
2 21 19
t 1377 28.68217054263566
m 32 17
0 26 14
1 4 0
2 20 19
t 1376 28.68217054263566
m 32 17
0 26 13
1 5 0
2 21 19
t 1375 28.68217054263566
m 32 17
0 27 13
1 6 0
2 20 19
t 1374 28.68217054263566
m 32 17
0 26 13
1 5 0
2 21 19
t 1373 28.68217054263566
m 32 17
0 25 13
1 4 0
2 20 19
t 1372 28.68217054263566
m 32 16
0 26 13
1 3 0
2 21 19
t 1371 28.68217054263566
m 32 17
0 27 13
1 4 0
2 20 19
t 1370 28.68217054263566
m 32 17
0 28 13
1 3 0
2 21 19
t 1369 28.68217054263566
m 32 16
0 27 13
1 4 0
2 22 19
t 1368 28.68217054263566
m 32 17
0 26 13
1 3 0
2 21 19
t 1367 28.68217054263566
m 32 17
0 25 13
1 4 0
2 20 19
t 1366 28.68217054263566
m 32 17
0 24 13
1 3 0
2 19 19
t 1365 28.68217054263566
m 32 16
0 23 13
1 2 0
2 18 19
t 1364 28.68217054263566
m 32 15
0 23 12
1 3 0
2 19 19
t 1363 28.68217054263566
m 33 15
0 23 11
1 4 0
2 18 19
t 1362 29.45736434108527
m 34 15
0 23 12
1 3 0
2 18 18
t 1361 29.45736434108527
m 34 14
0 23 13
1 2 0
2 18 19
t 1360 30.232558139534884
m 34 13
0 23 12
1 3 0
2 19 19
t 1359 30.232558139534884
m 34 12
0 23 13
1 4 0
2 20 19
t 1358 30.232558139534884
m 34 11
0 23 12
1 3 0
2 19 19
t 1357 31.007751937984494
m 33 11
0 23 11
1 4 0
2 18 19
t 1356 31.007751937984494
m 34 11
0 23 12
1 5 0
2 18 18
t 1355 31.007751937984494
m 33 11
0 23 11
1 4 0
2 18 17
t 1354 31.007751937984494
m 32 11
0 24 11
1 3 0
2 18 18
t 1353 31.007751937984494
m 31 11
0 23 11
1 2 0
2 18 17
t 1352 31.782945736434108
m 31 10
0 24 11
1 1 0
2 18 18
t 1351 31.782945736434108
m 31 9
0 23 11
1 2 0
2 18 17
t 1350 31.782945736434108
m 31 8
0 23 12
1 1 0
2 17 17
t 1349 32.55813953488372
m 30 8
0 23 11
1 0 0
2 16 17
t 1348 32.55813953488372
m 29 8
0 23 10
1 0 1
2 17 17
t 1347 32.55813953488372
m 28 8
0 23 11
1 0 2
2 18 17
t 1346 33.333333333333336
m 28 8
0 23 12
1 0 3
2 19 17
t 1345 33.333333333333336
m 28 9
0 23 11
1 1 3
2 20 17
t 1344 33.333333333333336
m 27 9
0 23 12
1 2 3
2 21 17
t 1343 34.10852713178294
m 28 9
0 23 11
1 3 3
2 22 17
t 1342 34.10852713178294
m 28 10
0 24 11
1 4 3
2 23 17
t 1341 34.10852713178294
m 28 11
0 25 11
1 5 3
2 24 17
t 1340 34.883720930232556
m 29 11
0 26 11
1 5 4
2 25 17
t 1339 34.883720930232556
m 30 11
0 25 11
1 5 5
2 24 17
t 1338 34.883720930232556
m 30 11
0 24 11
1 5 6
2 23 17
t 1337 34.883720930232556
m 30 11
0 23 11
1 4 6
2 24 17
t 1336 34.883720930232556
m 31 11
0 23 10
1 3 6
2 25 17
t 1335 34.883720930232556
m 32 11
0 23 11
1 4 6
2 26 17
t 1334 34.883720930232556
m 32 12
0 23 12
1 3 6
2 25 17
t 1333 34.883720930232556
m 32 13
0 23 13
1 4 6
2 26 17
t 1332 35.65891472868217
m 32 12
0 24 13
1 5 6
2 25 17
t 1331 35.65891472868217
m 32 12
0 25 13
1 4 6
2 24 17
t 1330 35.65891472868217
m 32 13
0 24 13
1 5 6
2 23 17
t 1329 35.65891472868217
m 31 13
0 23 13
1 4 6
2 22 17
t 1328 35.65891472868217
m 30 13
0 23 12
1 5 6
2 23 17
t 1327 35.65891472868217
m 29 13
0 23 11
1 4 6
2 24 17
t 1326 36.434108527131784
m 29 13
0 23 10
1 3 6
2 25 17
t 1325 36.434108527131784
m 29 13
0 23 11
1 3 7
2 26 17
t 1324 36.434108527131784
m 30 13
0 24 11
1 3 8
2 25 17
t 1323 36.434108527131784
m 29 13
0 25 11
1 4 8
2 24 17
t 1322 36.434108527131784
m 28 13
0 24 11
1 5 8
2 25 17
t 1321 36.434108527131784
m 27 13
0 25 11
1 6 8
2 26 17
t 1320 36.434108527131784
m 26 13
0 26 11
1 5 8
2 27 17
t 1319 37.2093023255814
m 25 13
0 25 11
1 4 8
2 26 17
t 1318 37.2093023255814
m 26 13
0 24 11
1 3 8
2 25 17
t 1317 37.2093023255814
m 25 13
0 25 11
1 4 8
2 24 17
t 1316 37.2093023255814
m 26 13
0 24 11
1 3 8
2 23 17
t 1315 37.2093023255814
m 26 14
0 23 11
1 3 9
2 24 17
t 1314 37.2093023255814
m 26 15
0 23 12
1 3 10
2 23 17
t 1313 37.2093023255814
m 27 15
0 23 11
1 3 9
2 24 17
t 1312 37.2093023255814
m 28 15
0 24 11
1 3 10
2 23 17
t 1311 37.2093023255814
m 28 15
0 23 11
1 3 9
2 24 17
t 1310 37.2093023255814
m 29 15
0 23 12
1 3 10
2 25 17
t 1309 37.2093023255814
m 29 15
0 23 13
1 3 9
2 26 17
t 1308 37.2093023255814
m 28 15
0 24 13
1 3 10
2 27 17
t 1307 37.2093023255814
m 29 15
0 25 13
1 3 11
2 27 18
t 1306 37.2093023255814
m 28 15
0 26 13
1 3 10
2 27 19
t 1305 37.2093023255814
m 29 15
0 26 14
1 3 11
2 27 18
t 1304 37.2093023255814
m 28 15
0 26 15
1 3 10
2 27 17
t 1303 37.2093023255814
m 28 15
0 25 15
1 3 11
2 26 17
t 1302 37.2093023255814
m 28 15
0 24 15
1 3 10
2 25 17
t 1301 37.2093023255814
m 28 15
0 23 15
1 3 11
2 26 17
t 1300 37.2093023255814
m 28 15
0 22 15
1 2 11
2 27 17
t 1299 37.2093023255814
m 28 15
0 22 16
1 3 11
2 26 17
t 1298 37.2093023255814
m 28 15
0 22 17
1 4 11
2 25 17
t 1297 37.2093023255814
m 28 15
0 21 17
1 5 11
2 24 17
t 1296 37.2093023255814
m 29 15
0 20 17
1 6 11
2 25 17
t 1295 37.2093023255814
m 30 15
0 21 17
1 6 10
2 24 17
t 1294 37.2093023255814
m 31 15
0 20 17
1 6 11
2 25 17
t 1293 37.2093023255814
m 32 15
0 19 17
1 5 11
2 24 17
t 1292 37.2093023255814
m 33 15
0 20 17
1 6 11
2 23 17
t 1291 37.2093023255814
m 34 15
0 21 17
1 5 11
2 22 17
t 1290 37.2093023255814
m 34 16
0 22 17
1 4 11
2 23 17
t 1289 37.2093023255814
m 34 17
0 23 17
1 3 11
2 24 17
t 1288 37.98449612403101
m 34 18
0 24 17
1 4 11
2 25 17
t 1287 37.98449612403101
m 34 19
0 25 17
1 3 11
2 24 17
t 1286 47.98449612403101
m 33 19
0 26 17
1 2 11
2 23 17
t 1285 47.98449612403101
m 32 19
0 27 17
1 3 11
2 22 17
t 1284 48.75968992248062
m 32 19
0 28 17
1 2 11
2 21 17
t 1283 48.75968992248062
m 32 19
0 29 17
1 3 11
2 22 17
t 1282 48.75968992248062
m 31 19
0 30 17
1 4 11
2 21 17
t 1281 48.75968992248062
m 31 19
0 29 17
1 5 11
2 22 17
t 1280 48.75968992248062
m 31 19
0 30 17
1 4 11
2 23 17
t 1279 48.75968992248062
m 31 19
0 29 17
1 5 11
2 24 17
t 1278 48.75968992248062
m 31 19
0 28 17
1 6 11
2 25 17
t 1277 48.75968992248062
m 31 19
0 29 17
1 7 11
2 26 17
t 1276 48.75968992248062
m 32 19
0 28 17
1 6 11
2 25 17
t 1275 48.75968992248062
m 33 19
0 29 17
1 6 10
2 24 17
t 1274 48.75968992248062
m 32 19
0 30 17
1 6 11
2 23 17
t 1273 48.75968992248062
m 31 19
0 29 17
1 5 11
2 24 17
t 1272 48.75968992248062
m 30 19
0 28 17
1 6 11
2 23 17
t 1271 48.75968992248062
m 29 19
0 29 17
1 7 11
2 24 17
t 1270 49.53488372093023
m 30 19
0 30 17
1 6 11
2 25 17
t 1269 49.53488372093023
m 29 19
0 29 17
1 6 10
2 24 17
t 1268 49.53488372093023
m 30 19
0 28 17
1 6 9
2 25 17
t 1267 49.53488372093023
m 29 19
0 29 17
1 7 9
2 24 17
t 1266 49.53488372093023
m 28 19
0 30 17
1 6 9
2 23 17
t 1265 49.53488372093023
m 27 19
0 31 17
1 6 8
2 24 17
t 1264 49.53488372093023
m 27 18
0 32 17
1 5 8
2 23 17
t 1263 50.310077519379846
m 27 19
0 31 17
1 6 8
2 24 17
t 1262 50.310077519379846
m 26 19
0 32 17
1 5 8
2 23 17
t 1261 51.08527131782946
m 26 19
0 32 16
1 6 8
2 24 17
t 1260 51.08527131782946
m 26 19
0 32 17
1 5 8
2 25 17
t 1259 51.08527131782946
m 25 19
0 31 17
1 4 8
2 26 17
t 1258 51.08527131782946
m 24 19
0 32 17
1 3 8
2 25 17
t 1257 51.08527131782946
m 23 19
0 32 16
1 3 7
2 26 17
t 1256 51.86046511627907
m 22 19
0 32 17
1 3 8
2 25 17
t 1255 51.86046511627907
m 21 19
0 32 16
1 3 7
2 26 17
t 1254 51.86046511627907
m 20 19
0 32 15
1 3 8
2 27 17
t 1253 52.63565891472868
m 20 19
0 31 15
1 3 7
2 26 17
t 1252 52.63565891472868
m 21 19
0 30 15
1 3 6
2 27 17
t 1251 52.63565891472868
m 22 19
0 31 15
1 3 7
2 27 18
t 1250 52.63565891472868
m 21 19
0 30 15
1 3 8
2 27 19
t 1249 52.63565891472868
m 20 19
0 29 15
1 3 9
2 27 18
t 1248 52.63565891472868
m 21 19
0 28 15
1 3 8
2 27 19
t 1247 52.63565891472868
m 21 19
0 27 15
1 4 8
2 27 18
t 1246 52.63565891472868
m 21 19
0 26 15
1 3 8
2 27 19
t 1245 52.63565891472868
m 20 19
0 27 15
1 4 8
2 28 19
t 1244 52.63565891472868
m 21 19
0 26 15
1 3 8
2 27 19
t 1243 52.63565891472868
m 21 19
0 27 15
1 3 7
2 26 19
t 1242 52.63565891472868
m 21 19
0 28 15
1 3 6
2 27 19
t 1241 52.63565891472868
m 20 19
0 29 15
1 3 7
2 28 19
t 1240 52.63565891472868
m 21 19
0 28 15
1 3 6
2 27 19
t 1239 52.63565891472868
m 22 19
0 27 15
1 4 6
2 27 18
t 1238 52.63565891472868
m 23 19
0 26 15
1 3 6
2 27 17
t 1237 52.63565891472868
m 22 19
0 26 14
1 4 6
2 28 17
t 1236 52.63565891472868
m 21 19
0 26 15
1 5 6
2 29 17
t 1235 52.63565891472868
m 21 19
0 26 14
1 6 6
2 28 17
t 1234 52.63565891472868
m 21 19
0 26 13
1 7 6
2 29 17
t 1233 52.63565891472868
m 21 19
0 25 13
1 6 6
2 28 17
t 1232 52.63565891472868
m 21 19
0 26 13
1 7 6
2 27 17
t 1231 52.63565891472868
m 22 19
0 27 13
1 6 6
2 27 18
t 1230 52.63565891472868
m 22 19
0 26 13
1 7 6
2 27 19
t 1229 52.63565891472868
m 21 19
0 25 13
1 6 6
2 26 19
t 1228 52.63565891472868
m 21 19
0 24 13
1 5 6
2 25 19
f 34 0
t 1227 52.63565891472868
m 20 19
0 25 13
1 6 6
2 26 19
t 1226 52.63565891472868
m 19 19
0 24 13
1 5 6
2 27 19
t 1225 52.63565891472868
m 20 19
0 23 13
1 4 6
2 26 19
t 1224 52.63565891472868
m 21 19
0 22 13
1 3 6
2 25 19
t 1223 52.63565891472868
m 21 19
0 23 13
1 4 6
2 26 19
t 1222 52.63565891472868
m 20 19
0 22 13
1 5 6
2 27 19
t 1221 52.63565891472868
m 20 19
0 23 13
1 5 5
2 28 19
t 1220 52.63565891472868
m 21 19
0 23 12
1 5 4
2 27 19
t 1219 52.63565891472868
m 22 19
0 23 11
1 5 5
2 27 18
t 1218 52.63565891472868
m 22 19
0 23 10
1 5 6
2 27 17
t 1217 52.63565891472868
m 21 19
0 23 9
1 4 6
2 28 17
t 1216 52.63565891472868
m 21 19
0 23 8
1 5 6
2 27 17
t 1215 52.63565891472868
m 22 19
0 23 7
1 4 6
2 28 17
t 1214 52.63565891472868
m 22 19
0 24 7
1 5 6
2 27 17
t 1213 52.63565891472868
m 21 19
0 25 7
1 5 5
2 27 18
t 1212 52.63565891472868
m 22 19
0 24 7
1 5 4
2 27 19
t 1211 52.63565891472868
m 22 19
0 23 7
1 5 5
2 28 19
t 1210 52.63565891472868
m 22 19
0 24 7
1 5 4
2 27 19
t 1209 52.63565891472868
m 21 19
0 25 7
1 5 5
2 27 18
t 1208 52.63565891472868
m 20 19
0 25 6
1 5 6
2 27 17
t 1207 52.63565891472868
m 19 19
0 26 6
1 5 5
2 27 18
t 1206 52.63565891472868
m 18 19
0 25 6
1 5 6
2 27 19
t 1205 52.63565891472868
m 18 18
0 26 6
1 6 6
2 28 19
t 1204 52.63565891472868
m 18 17
0 27 6
1 5 6
2 29 19
t 1203 52.63565891472868
m 18 18
0 26 6
1 5 5
2 30 19
t 1202 52.63565891472868
m 18 17
0 27 6
1 5 6
2 31 19
t 1201 52.63565891472868
m 18 17
0 28 6
1 6 6
2 30 19
t 1200 52.63565891472868
m 18 18
0 29 6
1 5 6
2 29 19
t 1199 52.63565891472868
m 18 18
0 30 6
1 5 5
2 30 19
t 1198 52.63565891472868
m 18 18
0 31 6
1 5 6
2 29 19
t 1197 52.63565891472868
m 18 18
0 31 7
1 4 6
2 30 19
t 1196 52.63565891472868
m 18 17
0 31 6
1 5 6
2 31 19
t 1195 52.63565891472868
m 18 17
0 31 7
1 4 6
2 32 19
t 1194 52.63565891472868
m 18 16
0 31 8
1 3 6
2 31 19
t 1193 52.63565891472868
m 18 15
0 31 9
1 3 7
2 30 19
t 1192 52.63565891472868
m 18 15
0 31 10
1 3 6
2 31 19
t 1191 52.63565891472868
m 19 15
0 31 9
1 4 6
2 32 19
t 1190 52.63565891472868
m 20 15
0 31 10
1 5 6
2 31 19
t 1189 52.63565891472868
m 19 15
0 31 9
1 6 6
2 30 19
t 1188 52.63565891472868
m 20 15
0 31 8
1 7 6
2 31 19
t 1187 52.63565891472868
m 20 15
0 31 9
1 6 6
2 32 19
t 1186 52.63565891472868
m 19 15
0 31 8
1 7 6
2 31 19
t 1185 52.63565891472868
m 19 15
0 31 9
1 8 6
2 30 19
t 1184 52.63565891472868
m 18 15
0 31 8
1 7 6
2 31 19
t 1183 52.63565891472868
m 18 14
0 32 8
1 8 6
2 32 19
t 1182 52.63565891472868
m 18 13
0 33 8
1 7 6
2 31 19
t 1181 52.63565891472868
m 19 13
0 32 8
1 6 6
2 30 19
t 1180 52.63565891472868
m 19 13
0 33 8
1 5 6
2 29 19
t 1179 52.63565891472868
m 18 13
0 34 8
1 6 6
2 30 19
t 1178 52.63565891472868
m 18 14
0 34 7
1 7 6
2 31 19
t 1177 52.63565891472868
m 17 14
0 34 8
1 8 6
2 30 19
t 1176 52.63565891472868
m 18 14
0 33 8
1 9 6
2 29 19
t 1175 52.63565891472868
m 17 14
0 32 8
1 8 6
2 30 19
t 1174 52.63565891472868
m 18 14
0 33 8
1 9 6
2 29 19
t 1173 52.63565891472868
m 18 14
0 34 8
1 9 7
2 30 19
t 1172 52.63565891472868
m 18 14
0 33 8
1 9 6
2 29 19
t 1171 52.63565891472868
m 18 13
0 34 8
1 9 5
2 30 19
t 1170 52.63565891472868
m 19 13
0 34 7
1 10 5
2 29 19
t 1169 52.63565891472868
m 19 13
0 34 8
1 11 5
2 30 19
t 1168 52.63565891472868
m 20 13
0 34 7
1 10 5
2 31 19
t 1167 52.63565891472868
m 21 13
0 34 8
1 11 5
2 30 19
t 1166 52.63565891472868
m 21 12
0 34 7
1 10 5
2 31 19
t 1165 52.63565891472868
m 21 11
0 34 6
1 11 5
2 30 19
t 1164 52.63565891472868
m 20 11
0 34 5
1 10 5
2 31 19
t 1163 52.63565891472868
m 19 11
0 34 4
1 11 5
2 30 19
t 1162 53.41085271317829
m 18 11
0 34 5
1 12 5
2 29 19
t 1161 53.41085271317829
m 19 11
0 34 6
1 13 5
2 30 19
t 1160 53.41085271317829
m 20 11
0 34 5
1 12 5
2 31 19
t 1159 53.41085271317829
m 20 11
0 34 6
1 11 5
2 30 19
t 1158 53.41085271317829
m 21 11
0 34 5
1 12 5
2 31 19
t 1157 53.41085271317829
m 21 11
0 34 4
1 11 5
2 30 19
t 1156 53.41085271317829
m 21 11
0 34 5
1 10 5
2 31 19
t 1155 53.41085271317829
m 21 10
0 34 6
1 11 5
2 32 19
t 1154 53.41085271317829
m 21 9
0 34 7
1 12 5
2 33 19
t 1153 54.18604651162791
m 21 8
0 34 6
1 11 5
2 34 19
t 1152 54.18604651162791
m 21 9
0 34 7
1 12 5
2 34 18
t 1151 54.18604651162791
m 20 9
0 34 8
1 11 5
2 34 17
t 1150 54.18604651162791
m 19 9
0 34 7
1 12 5
2 34 16
t 1149 54.18604651162791
m 18 9
0 34 8
1 13 5
2 34 15
t 1148 54.96124031007752
m 17 9
0 34 7
1 13 4
2 34 16
t 1147 54.96124031007752
m 17 10
0 34 6
1 13 5
2 34 15
t 1146 55.736434108527135
m 17 11
0 34 5
1 13 4
2 33 15
t 1145 55.736434108527135
m 16 11
0 34 6
1 13 5
2 32 15
t 1144 56.51162790697674
m 16 11
0 34 5
1 13 4
2 31 15
t 1143 56.51162790697674
m 15 11
0 34 6
1 13 5
2 30 15
t 1142 56.51162790697674
m 16 11
0 34 7
1 12 5
2 29 15
t 1141 56.51162790697674
m 15 11
0 34 8
1 13 5
2 30 15
t 1140 56.51162790697674
m 14 11
0 33 8
1 13 4
2 31 15
t 1139 56.51162790697674
m 13 11
0 34 8
1 14 4
2 30 15
t 1138 57.286821705426355
m 13 11
0 33 8
1 15 4
2 29 15
t 1137 57.286821705426355
m 13 12
0 32 8
1 14 4
2 28 15
t 1136 57.286821705426355
m 13 12
0 33 8
1 13 4
2 29 15
t 1135 57.286821705426355
m 13 13
0 32 8
1 14 4
2 30 15
t 1134 57.286821705426355
m 13 12
0 31 8
1 13 4
2 29 15
t 1133 57.286821705426355
m 13 12
0 31 9
1 14 4
2 30 15
t 1132 57.286821705426355
m 13 11
0 31 8
1 15 4
2 29 15
t 1131 57.286821705426355
m 13 11
0 31 7
1 16 4
2 28 15
t 1130 57.286821705426355
m 14 11
0 31 8
1 17 4
2 29 15
t 1129 57.286821705426355
m 13 11
0 30 8
1 17 5
2 28 15
t 1128 57.286821705426355
m 14 11
0 29 8
1 17 6
2 27 15
t 1127 57.286821705426355
m 15 11
0 30 8
1 17 5
2 26 15
t 1126 57.286821705426355
m 15 11
0 29 8
1 17 6
2 27 15
t 1125 57.286821705426355
m 15 11
0 28 8
1 17 5
2 28 15
t 1124 57.286821705426355
m 14 11
0 28 9
1 17 6
2 29 15
t 1123 57.286821705426355
m 13 11
0 27 9
1 17 7
2 28 15
t 1122 57.286821705426355
m 13 10
0 26 9
1 17 6
2 27 15
t 1121 57.286821705426355
m 13 10
0 27 9
1 17 5
2 26 15
t 1120 57.286821705426355
m 13 9
0 26 9
1 17 4
2 27 15
t 1119 57.286821705426355
m 13 8
0 27 9
1 17 5
2 26 15
t 1118 58.06201550387597
m 13 9
0 26 9
1 17 4
2 27 15
t 1117 58.06201550387597
m 13 9
0 25 9
1 16 4
2 26 15
t 1116 58.06201550387597
m 13 9
0 24 9
1 15 4
2 27 15
t 1115 58.06201550387597
m 14 9
0 25 9
1 16 4
2 26 15
t 1114 58.06201550387597
m 15 9
0 26 9
1 15 4
2 25 15
t 1113 58.83720930232558
m 16 9
0 25 9
1 14 4
2 24 15
t 1112 58.83720930232558
m 15 9
0 24 9
1 13 4
2 25 15
t 1111 58.83720930232558
m 14 9
0 25 9
1 13 3
2 26 15
t 1110 58.83720930232558
m 13 9
0 24 9
1 13 4
2 25 15
t 1109 58.83720930232558
m 13 9
0 23 9
1 14 4
2 24 15
t 1108 58.83720930232558
m 13 10
0 23 10
1 13 4
2 25 15
t 1107 58.83720930232558
m 13 10
0 23 9
1 14 4
2 26 15
t 1106 58.83720930232558
m 13 10
0 23 10
1 15 4
2 27 15
t 1105 58.83720930232558
m 13 10
0 23 11
1 16 4
2 26 15
t 1104 58.83720930232558
m 13 10
0 23 10
1 17 4
2 25 15
t 1103 58.83720930232558
m 13 10
0 23 11
1 18 4
2 26 15
t 1102 58.83720930232558
m 13 10
0 24 11
1 17 4
2 25 15
t 1101 58.83720930232558
m 13 11
0 25 11
1 18 4
2 26 15
t 1100 58.83720930232558
m 13 10
0 26 11
1 19 4
2 26 14
t 1099 58.83720930232558
m 13 10
0 25 11
1 20 4
2 26 13
t 1098 58.83720930232558
m 13 11
0 24 11
1 21 4
2 26 14
t 1097 58.83720930232558
m 13 11
0 23 11
1 21 3
2 26 13
t 1096 58.83720930232558
m 13 10
0 23 10
1 21 2
2 27 13
t 1095 58.83720930232558
m 13 9
0 23 9
1 21 3
2 28 13
t 1094 58.83720930232558
m 13 9
0 24 9
1 21 4
2 27 13
t 1093 58.83720930232558
m 13 8
0 25 9
1 21 5
2 28 13
t 1092 58.83720930232558
m 13 7
0 26 9
1 22 5
2 29 13
t 1091 58.83720930232558
m 14 7
0 27 9
1 23 5
2 28 13
t 1090 59.6124031007752
m 15 7
0 28 9
1 24 5
2 29 13
t 1089 59.6124031007752
m 15 7
0 28 10
1 23 5
2 30 13
t 1088 59.6124031007752
m 16 7
0 28 9
1 22 5
2 31 13
t 1087 59.6124031007752
m 17 7
0 28 8
1 23 5
2 30 13
t 1086 60.3875968992248
m 16 7
0 28 9
1 22 5
2 29 13
t 1085 60.3875968992248
m 17 7
0 27 9
1 23 5
2 30 13
t 1084 60.3875968992248
m 18 7
0 26 9
1 24 5
2 31 13
t 1083 60.3875968992248
m 19 7
0 25 9
1 23 5
2 32 13
t 1082 60.3875968992248
m 20 7
0 26 9
1 24 5
2 32 14
t 1081 61.16279069767442
m 21 7
0 25 9
1 23 5
2 32 13
t 1080 61.16279069767442
m 22 7
0 24 9
1 22 5
2 32 14
t 1079 61.16279069767442
m 23 7
0 23 9
1 23 5
2 32 13
t 1078 61.93798449612403
m 22 7
0 23 10
1 22 5
2 32 12
t 1077 61.93798449612403
m 21 7
0 23 11
1 21 5
2 32 13
t 1076 61.93798449612403
m 22 7
0 23 12
1 21 4
2 32 14
t 1075 61.93798449612403
m 22 7
0 23 11
1 21 3
2 32 13
t 1074 61.93798449612403
m 22 7
0 23 12
1 21 4
2 31 13
t 1073 61.93798449612403
m 23 7
0 23 11
1 20 4
2 30 13
t 1072 61.93798449612403
m 22 7
0 24 11
1 21 4
2 31 13
t 1071 61.93798449612403
m 23 7
0 23 11
1 21 3
2 32 13
t 1070 61.93798449612403
m 24 7
0 23 10
1 21 4
2 31 13
t 1069 61.93798449612403
m 25 7
0 23 9
1 20 4
2 30 13
t 1068 61.93798449612403
m 25 7
0 23 8
1 19 4
2 31 13
t 1067 61.93798449612403
m 25 6
0 23 9
1 18 4
2 30 13
t 1066 61.93798449612403
m 25 5
0 24 9
1 17 4
2 29 13
t 1065 62.713178294573645
m 25 4
0 25 9
1 17 5
2 30 13
t 1064 62.713178294573645
m 25 3
0 26 9
1 17 6
2 29 13
t 1063 62.713178294573645
m 25 2
0 25 9
1 17 5
2 28 13
t 1062 63.48837209302326
m 25 2
0 24 9
1 17 6
2 29 13
t 1061 63.48837209302326
m 25 3
0 23 9
1 17 7
2 30 13
t 1060 63.48837209302326
m 26 3
0 24 9
1 17 6
2 31 13
t 1059 63.48837209302326
m 27 3
0 23 9
1 17 5
2 32 13
t 1058 64.26356589147287
m 27 2
0 23 8
1 17 4
2 32 14
t 1057 64.26356589147287
m 27 1
0 23 7
1 18 4
2 32 13
t 1056 64.26356589147287
m 27 0
0 23 8
1 19 4
2 32 12
t 1055 65.03875968992247
m 28 0
0 23 9
1 20 4
2 32 11
t 1054 65.03875968992247
m 29 0
0 23 10
1 21 4
2 31 11
t 1053 65.03875968992247
m 30 0
0 23 9
1 21 5
2 32 11
t 1052 65.81395348837209
m 31 0
0 23 10
1 21 4
2 31 11
t 1051 65.81395348837209
m 32 0
0 23 9
1 21 5
2 32 11
t 1050 65.81395348837209
m 33 0
0 23 8
1 21 4
2 31 11
t 1049 66.58914728682171
m 34 0
0 23 9
1 20 4
2 32 11
t 1048 76.58914728682171
m 34 1
0 24 9
1 19 4
2 32 12
t 1047 76.58914728682171
m 34 2
0 25 9
1 18 4
2 32 11
t 1046 77.36434108527132
m 34 3
0 24 9
1 19 4
2 33 11
t 1045 77.36434108527132
m 33 3
0 23 9
1 18 4
2 32 11
t 1044 78.13953488372093
m 33 3
0 23 10
1 17 4
2 31 11
t 1043 78.13953488372093
m 32 3
0 23 9
1 17 5
2 31 10
t 1042 78.13953488372093
m 32 3
0 23 8
1 17 6
2 31 9
t 1041 78.13953488372093
m 33 3
0 23 9
1 17 7
2 31 8
t 1040 78.13953488372093
m 33 3
0 23 10
1 18 7
2 32 8
t 1039 78.13953488372093
m 34 3
0 23 9
1 17 7
2 33 8
t 1038 78.13953488372093
m 34 3
0 23 8
1 16 7
2 34 8
t 1037 78.13953488372093
m 33 3
0 23 7
1 17 7
2 33 8
t 1036 78.13953488372093
m 32 3
0 23 8
1 17 6
2 32 8
t 1035 78.13953488372093
m 33 3
0 23 9
1 17 7
2 31 8
t 1034 78.13953488372093
m 34 3
0 24 9
1 18 7
2 30 8
t 1033 78.13953488372093
m 34 3
0 23 9
1 17 7
2 29 8
t 1032 78.13953488372093
m 33 3
0 24 9
1 17 6
2 28 8
t 1031 78.13953488372093
m 33 3
0 23 9
1 17 5
2 28 9
t 1030 78.13953488372093
m 32 3
0 24 9
1 17 4
2 27 9
t 1029 78.13953488372093
m 31 3
0 25 9
1 16 4
2 26 9
t 1028 78.13953488372093
m 30 3
0 24 9
1 15 4
2 25 9
t 1027 78.91472868217053
m 31 3
0 25 9
1 16 4
2 26 9
t 1026 78.91472868217053
m 32 3
0 26 9
1 17 4
2 27 9
t 1025 78.91472868217053
m 33 3
0 27 9
1 17 5
2 26 9
t 1024 78.91472868217053
m 34 3
0 28 9
1 17 4
2 25 9
t 1023 78.91472868217053
m 34 2
0 28 10
1 16 4
2 24 9
t 1022 78.91472868217053
m 34 3
0 28 9
1 17 4
2 23 9
t 1021 78.91472868217053
m 34 4
0 28 8
1 16 4
2 24 9
t 1020 78.91472868217053
m 34 5
0 29 8
1 17 4
2 25 9
t 1019 79.68992248062015
m 34 6
0 28 8
1 18 4
2 26 9
t 1018 79.68992248062015
m 34 7
0 28 9
1 17 4
2 27 9
t 1017 79.68992248062015
m 34 8
0 28 8
1 18 4
2 26 9
t 1016 80.46511627906978
m 34 8
0 28 9
1 19 4
2 27 9
t 1015 80.46511627906978
m 34 8
0 28 10
1 20 4
2 26 9
t 1014 80.46511627906978
m 34 7
0 28 11
1 21 4
2 27 9
t 1013 80.46511627906978
m 34 7
0 28 10
1 20 4
2 26 9
t 1012 80.46511627906978
m 34 6
0 28 9
1 21 4
2 27 9
t 1011 80.46511627906978
m 34 5
0 28 8
1 21 3
2 26 9
t 1010 80.46511627906978
m 34 4
0 29 8
1 21 2
2 27 9
t 1009 80.46511627906978
m 34 4
0 28 8
1 20 2
2 28 9
t 1008 80.46511627906978
m 34 4
0 28 9
1 19 2
2 27 9
t 1007 80.46511627906978
m 34 4
0 28 8
1 18 2
2 26 9
t 1006 80.46511627906978
m 34 3
0 28 9
1 19 2
2 27 9
t 1005 80.46511627906978
m 34 4
0 28 8
1 18 2
2 26 9
t 1004 80.46511627906978
m 34 5
0 29 8
1 19 2
2 25 9
f 0 0
t 1003 80.46511627906978
m 34 5
0 30 8
1 18 2
2 24 9
t 1002 80.46511627906978
m 34 6
0 31 8
1 19 2
2 25 9
t 1001 80.46511627906978
m 34 7
0 32 8
1 20 2
2 24 9
t 1000 80.46511627906978
m 34 6
0 33 8
1 19 2
2 25 9
t 999 80.46511627906978
m 34 7
0 32 8
1 18 2
2 24 9
t 998 80.46511627906978
m 34 6
0 31 8
1 18 1
2 25 9
t 997 80.46511627906978
m 34 5
0 30 8
1 18 2
2 26 9
t 996 80.46511627906978
m 34 4
0 29 8
1 18 1
2 25 9
t 995 80.46511627906978
m 34 3
0 30 8
1 18 0
2 26 9
t 994 80.46511627906978
m 33 3
0 29 8
1 19 0
2 27 9
t 993 80.46511627906978
m 34 3
0 30 8
1 20 0
2 28 9
t 992 80.46511627906978
m 33 3
0 29 8
1 21 0
2 28 10
t 991 80.46511627906978
m 34 3
0 28 8
1 22 0
2 28 11
t 990 80.46511627906978
m 33 3
0 29 8
1 21 0
2 28 10
t 989 80.46511627906978
m 34 3
0 30 8
1 22 0
2 28 11
t 988 80.46511627906978
m 34 2
0 31 8
1 23 0
2 29 11
t 987 80.46511627906978
m 34 3
0 31 7
1 22 0
2 30 11
t 986 80.46511627906978
m 34 4
0 31 6
1 23 0
2 31 11
t 985 80.46511627906978
m 34 3
0 31 7
1 22 0
2 32 11
t 984 80.46511627906978
m 33 3
0 31 6
1 21 0
2 31 11
t 983 80.46511627906978
m 34 3
0 30 6
1 20 0
2 31 10
t 982 80.46511627906978
m 34 3
0 29 6
1 19 0
2 31 11
t 981 80.46511627906978
m 34 4
0 30 6
1 18 0
2 32 11
t 980 80.46511627906978
m 34 4
0 31 6
1 18 1
2 33 11
t 979 80.46511627906978
m 34 4
0 31 7
1 18 2
2 32 11
t 978 80.46511627906978
m 34 4
0 31 8
1 18 1
2 33 11
t 977 80.46511627906978
m 34 3
0 30 8
1 18 2
2 32 11
t 976 80.46511627906978
m 33 3
0 29 8
1 18 1
2 32 12
t 975 80.46511627906978
m 34 3
0 28 8
1 18 0
2 32 11
t 974 80.46511627906978
m 34 3
0 29 8
1 18 1
2 31 11
t 973 80.46511627906978
m 34 4
0 30 8
1 18 2
2 31 10
t 972 80.46511627906978
m 34 3
0 29 8
1 19 2
2 31 9
t 971 80.46511627906978
m 34 2
0 30 8
1 18 2
2 31 8
t 970 80.46511627906978
m 34 2
0 29 8
1 19 2
2 30 8
t 969 80.46511627906978
m 34 1
0 30 8
1 18 2
2 29 8
t 968 80.46511627906978
m 34 0
0 31 8
1 18 1
2 28 8
t 967 80.46511627906978
m 33 0
0 31 9
1 18 0
2 29 8
t 966 80.46511627906978
m 32 0
0 31 8
1 18 1
2 28 8
t 965 80.46511627906978
m 31 0
0 31 9
1 18 2
2 28 9
t 964 80.46511627906978
m 30 0
0 31 10
1 18 1
2 28 8
t 963 80.46511627906978
m 31 0
0 31 11
1 18 2
2 28 9
t 962 80.46511627906978
m 32 0
0 30 11
1 19 2
2 28 10
t 961 80.46511627906978
m 32 0
0 29 11
1 18 2
2 28 11
t 960 80.46511627906978
m 33 0
0 28 11
1 18 1
2 27 11
t 959 80.46511627906978
m 34 0
0 27 11
1 18 2
2 26 11
t 958 80.46511627906978
m 34 0
0 26 11
1 19 2
2 25 11
t 957 80.46511627906978
m 34 1
0 27 11
1 18 2
2 26 11
t 956 80.46511627906978
m 34 1
0 28 11
1 18 1
2 25 11
t 955 80.46511627906978
m 34 1
0 27 11
1 18 2
2 24 11
t 954 80.46511627906978
m 34 2
0 28 11
1 19 2
2 25 11
t 953 80.46511627906978
m 34 1
0 29 11
1 20 2
2 24 11
t 952 80.46511627906978
m 34 2
0 30 11
1 19 2
2 25 11
t 951 80.46511627906978
m 34 1
0 31 11
1 20 2
2 24 11
t 950 80.46511627906978
m 34 0
0 32 11
1 21 2
2 25 11
t 949 80.46511627906978
m 34 0
0 33 11
1 20 2
2 24 11
t 948 80.46511627906978
m 33 0
0 32 11
1 19 2
2 25 11
t 947 80.46511627906978
m 34 0
0 31 11
1 20 2
2 24 11
t 946 80.46511627906978
m 34 0
0 31 10
1 19 2
2 23 11
t 945 80.46511627906978
m 34 1
0 31 11
1 18 2
2 23 12
t 944 80.46511627906978
m 34 1
0 31 10
1 19 2
2 23 11
t 943 80.46511627906978
m 34 1
0 31 9
1 20 2
2 23 10
t 942 80.46511627906978
m 34 1
0 31 10
1 21 2
2 23 9
t 941 80.46511627906978
m 34 0
0 31 9
1 21 3
2 23 10
t 940 80.46511627906978
m 34 1
0 31 8
1 21 4
2 23 11
t 939 80.46511627906978
m 34 2
0 32 8
1 21 5
2 23 10
t 938 80.46511627906978
m 34 2
0 33 8
1 22 5
2 23 11
t 937 80.46511627906978
m 34 2
0 32 8
1 21 5
2 23 12
t 936 80.46511627906978
m 34 2
0 33 8
1 22 5
2 23 11
t 935 80.46511627906978
m 34 1
0 34 8
1 21 5
2 24 11
t 934 80.46511627906978
m 34 0
0 33 8
1 21 4
2 23 11
t 933 80.46511627906978
m 33 0
0 34 8
1 20 4
2 23 10
t 932 80.46511627906978
m 33 0
0 33 8
1 21 4
2 23 11
t 931 80.46511627906978
m 32 0
0 34 8
1 20 4
2 23 12
t 930 80.46511627906978
m 32 0
0 33 8
1 19 4
2 23 13
t 929 80.46511627906978
m 32 0
0 34 8
1 18 4
2 24 13
t 928 80.46511627906978
m 31 0
0 33 8
1 17 4
2 25 13
t 927 80.46511627906978
m 31 0
0 32 8
1 17 5
2 24 13
t 926 80.46511627906978
m 31 0
0 33 8
1 17 6
2 25 13
t 925 80.46511627906978
m 30 0
0 32 8
1 17 7
2 26 13
t 924 80.46511627906978
m 29 0
0 31 8
1 17 6
2 26 14
t 923 80.46511627906978
m 29 0
0 31 9
1 17 7
2 26 15
t 922 80.46511627906978
m 29 0
0 31 8
1 16 7
2 26 14
t 921 80.46511627906978
m 30 0
0 31 7
1 15 7
2 26 13
t 920 80.46511627906978
m 29 0
0 31 6
1 14 7
2 26 14
t 919 80.46511627906978
m 29 0
0 31 7
1 13 7
2 26 13
t 918 80.46511627906978
m 28 0
0 31 8
1 14 7
2 26 14
t 917 80.46511627906978
m 27 0
0 32 8
1 13 7
2 26 15
t 916 80.46511627906978
m 27 0
0 33 8
1 12 7
2 26 14
t 915 80.46511627906978
m 26 0
0 34 8
1 13 7
2 26 15
t 914 80.46511627906978
m 26 0
0 34 7
1 14 7
2 26 14
t 913 80.46511627906978
m 26 0
0 34 8
1 15 7
2 26 13
t 912 80.46511627906978
m 25 0
0 33 8
1 16 7
2 26 14
t 911 80.46511627906978
m 24 0
0 32 8
1 17 7
2 26 15
t 910 81.24031007751938
m 23 0
0 33 8
1 17 6
2 27 15
t 909 81.24031007751938
m 23 0
0 32 8
1 17 5
2 26 15
t 908 81.24031007751938
m 22 0
0 31 8
1 17 6
2 25 15
t 907 81.24031007751938
m 21 0
0 30 8
1 17 5
2 24 15
t 906 82.01550387596899
m 20 0
0 29 8
1 17 4
2 23 15
t 905 82.01550387596899
m 19 0
0 30 8
1 16 4
2 22 15
t 904 82.01550387596899
m 18 0
0 31 8
1 15 4
2 23 15
t 903 82.7906976744186
m 18 1
0 31 7
1 14 4
2 24 15
t 902 82.7906976744186
m 18 1
0 31 8
1 13 4
2 23 15
t 901 82.7906976744186
m 18 1
0 31 7
1 13 5
2 24 15
t 900 82.7906976744186
m 18 0
0 31 8
1 12 5
2 25 15
t 899 82.7906976744186
m 19 0
0 31 7
1 11 5
2 26 15
t 898 82.7906976744186
m 18 0
0 31 6
1 10 5
2 27 15
t 897 82.7906976744186
m 18 1
0 30 6
1 9 5
2 28 15
t 896 82.7906976744186
m 18 2
0 31 6
1 9 6
2 29 15
t 895 82.7906976744186
m 19 2
0 31 7
1 8 6
2 28 15
t 894 83.56589147286822
m 18 2
0 31 6
1 9 6
2 27 15
t 893 83.56589147286822
m 19 2
0 31 7
1 9 7
2 26 15
t 892 83.56589147286822
m 18 2
0 31 6
1 9 6
2 27 15
t 891 83.56589147286822
m 19 2
0 31 7
1 9 7
2 26 15
t 890 83.56589147286822
m 20 2
0 31 6
1 10 7
2 26 14
t 889 83.56589147286822
m 21 2
0 30 6
1 11 7
2 26 15
t 888 83.56589147286822
m 21 3
0 29 6
1 11 8
2 27 15
t 887 84.34108527131782
m 21 3
0 29 5
1 11 7
2 28 15
t 886 84.34108527131782
m 21 4
0 29 4
1 11 8
2 29 15
t 885 84.34108527131782
m 20 4
0 29 5
1 11 7
2 28 15
t 884 85.11627906976744
m 19 4
0 29 6
1 10 7
2 29 15
t 883 85.11627906976744
m 18 4
0 29 5
1 11 7
2 28 15
t 882 85.11627906976744
m 17 4
0 29 6
1 12 7
2 29 15
t 881 85.89147286821705
m 16 4
0 30 6
1 11 7
2 28 15
t 880 85.89147286821705
m 16 4
0 31 6
1 11 8
2 27 15
t 879 85.89147286821705
m 15 4
0 31 7
1 11 9
2 28 15
t 878 85.89147286821705
m 14 4
0 31 8
1 11 8
2 27 15
t 877 86.66666666666667
m 13 4
0 32 8
1 11 9
2 26 15
t 876 86.66666666666667
m 13 5
0 31 8
1 11 10
2 25 15
t 875 87.44186046511628
m 12 5
0 32 8
1 11 9
2 24 15
t 874 87.44186046511628
m 12 5
0 33 8
1 11 8
2 25 15
t 873 87.44186046511628
m 13 5
0 32 8
1 11 9
2 26 15
t 872 87.44186046511628
m 13 4
0 33 8
1 10 9
2 26 14
t 871 87.44186046511628
m 13 3
0 34 8
1 9 9
2 26 15
t 870 87.44186046511628
m 13 2
0 33 8
1 8 9
2 27 15
t 869 88.21705426356588
m 12 2
0 32 8
1 7 9
2 26 15
t 868 88.21705426356588
m 12 2
0 31 8
1 6 9
2 27 15
t 867 88.21705426356588
m 13 2
0 31 7
1 6 8
2 26 15
t 866 88.21705426356588
m 13 3
0 31 6
1 5 8
2 26 14
t 865 88.21705426356588
m 13 2
0 30 6
1 6 8
2 26 15
t 864 88.21705426356588
m 13 2
0 29 6
1 6 9
2 27 15
t 863 88.21705426356588
m 14 2
0 28 6
1 7 9
2 28 15
t 862 88.21705426356588
m 15 2
0 29 6
1 6 9
2 27 15
t 861 88.21705426356588
m 16 2
0 30 6
1 7 9
2 26 15
t 860 88.9922480620155
m 16 1
0 29 6
1 8 9
2 25 15
t 859 88.9922480620155
m 16 0
0 28 6
1 7 9
2 24 15
t 858 88.9922480620155
m 15 0
0 29 6
1 8 9
2 25 15
t 857 89.76744186046511
m 15 0
0 30 6
1 9 9
2 26 15
t 856 89.76744186046511
m 14 0
0 29 6
1 8 9
2 26 14
t 855 89.76744186046511
m 13 0
0 28 6
1 7 9
2 26 13
t 854 89.76744186046511
m 12 0
0 29 6
1 8 9
2 25 13
t 853 90.54263565891473
m 11 0
0 30 6
1 7 9
2 24 13
t 852 90.54263565891473
m 11 0
0 29 6
1 6 9
2 23 13
t 851 90.54263565891473
m 10 0
0 28 6
1 6 8
2 24 13
t 850 90.54263565891473
m 9 0
0 27 6
1 5 8
2 25 13
t 849 91.31782945736434
m 10 0
0 28 6
1 6 8
2 24 13
t 848 91.31782945736434
m 10 0
0 27 6
1 6 9
2 23 13
t 847 91.31782945736434
m 10 0
0 28 6
1 7 9
2 23 12
t 846 91.31782945736434
m 10 0
0 29 6
1 6 9
2 23 11
t 845 91.31782945736434
m 10 0
0 30 6
1 7 9
2 24 11
t 844 91.31782945736434
m 10 0
0 29 6
1 6 9
2 25 11
t 843 91.31782945736434
m 10 0
0 29 5
1 6 8
2 24 11
t 842 91.31782945736434
m 10 0
0 29 6
1 6 9
2 25 11
t 841 91.31782945736434
m 10 0
0 30 6
1 6 8
2 26 11
t 840 91.31782945736434
m 9 0
0 29 6
1 5 8
2 25 11
t 839 91.31782945736434
m 10 0
0 29 5
1 4 8
2 26 11
t 838 91.31782945736434
m 10 0
0 29 4
1 3 8
2 27 11
t 837 91.31782945736434
m 11 0
0 29 3
1 2 8
2 28 11
t 836 91.31782945736434
m 10 0
0 29 4
1 3 8
2 29 11
t 835 91.31782945736434
m 11 0
0 29 5
1 3 7
2 28 11
t 834 91.31782945736434
m 10 0
0 29 4
1 3 8
2 28 10
t 833 91.31782945736434
m 9 0
0 29 5
1 2 8
2 28 11
t 832 91.31782945736434
m 8 0
0 29 4
1 1 8
2 27 11
t 831 91.31782945736434
m 7 0
0 29 3
1 2 8
2 26 11
t 830 91.31782945736434
m 6 0
0 30 3
1 3 8
2 25 11
t 829 92.09302325581395
m 5 0
0 29 3
1 4 8
2 26 11
t 828 92.09302325581395
m 4 0
0 28 3
1 5 8
2 25 11
t 827 92.09302325581395
m 3 0
0 27 3
1 6 8
2 24 11
t 826 92.86821705426357
m 2 0
0 28 3
1 6 9
2 23 11
t 825 92.86821705426357
m 1 0
0 27 3
1 7 9
2 23 10
t 824 92.86821705426357
m 0 0
0 26 3
1 8 9
2 23 11
t 823 103.64341085271317
m 1 0
0 25 3
1 9 9
2 23 10
t 822 103.64341085271317
m 1 0
0 25 2
1 10 9
2 23 11
t 821 103.64341085271317
m 2 0
0 24 2
1 9 9
2 24 11
t 820 103.64341085271317
m 1 0
0 23 2
1 8 9
2 25 11
t 819 103.64341085271317
m 0 0
0 22 2
1 7 9
2 24 11
t 818 103.64341085271317
m 1 0
0 21 2
1 8 9
2 25 11
t 817 103.64341085271317
m 0 0
0 21 3
1 9 9
2 24 11
t 816 103.64341085271317
m 0 0
0 21 2
1 8 9
2 25 11
t 815 103.64341085271317
m 0 1
0 20 2
1 9 9
2 26 11
t 814 103.64341085271317
m 0 2
0 19 2
1 8 9
2 25 11
t 813 103.64341085271317
m 0 3
0 20 2
1 7 9
2 24 11
t 812 104.4186046511628
m 0 2
0 21 2
1 6 9
2 23 11
t 811 104.4186046511628
m 0 3
0 22 2
1 7 9
2 24 11
t 810 104.4186046511628
m 1 3
0 21 2
1 8 9
2 23 11
t 809 104.4186046511628
m 1 3
0 20 2
1 9 9
2 24 11
t 808 104.4186046511628
m 2 3
0 19 2
1 10 9
2 25 11
t 807 104.4186046511628
m 3 3
0 18 2
1 9 9
2 26 11
t 806 105.1937984496124
m 3 3
0 19 2
1 8 9
2 27 11
t 805 105.1937984496124
m 2 3
0 18 2
1 7 9
2 26 11
t 804 105.1937984496124
m 2 3
0 18 1
1 8 9
2 25 11
t 803 105.1937984496124
m 3 3
0 18 2
1 9 9
2 26 11
t 802 105.1937984496124
m 4 3
0 18 1
1 10 9
2 25 11
t 801 105.1937984496124
m 5 3
0 18 0
1 9 9
2 24 11
t 800 105.1937984496124
m 5 4
0 19 0
1 10 9
2 23 11
t 799 105.96899224806202
m 5 3
0 18 0
1 11 9
2 23 12
t 798 105.96899224806202
m 6 3
0 19 0
1 10 9
2 23 13
t 797 106.74418604651163
m 7 3
0 20 0
1 9 9
2 22 13
t 796 106.74418604651163
m 7 2
0 21 0
1 10 9
2 21 13
t 795 107.51937984496124
m 7 2
0 22 0
1 11 9
2 22 13
t 794 107.51937984496124
m 7 2
0 23 0
1 10 9
2 21 13
t 793 107.51937984496124
m 7 3
0 22 0
1 11 9
2 22 13
t 792 107.51937984496124
m 8 3
0 21 0
1 11 8
2 23 13
t 791 107.51937984496124
m 9 3
0 22 0
1 11 9
2 24 13
t 790 108.29457364341086
m 9 2
0 23 0
1 10 9
2 25 13
t 789 108.29457364341086
m 10 2
0 22 0
1 9 9
2 24 13
t 788 109.06976744186046
m 10 2
0 21 0
1 10 9
2 25 13
t 787 109.06976744186046
m 11 2
0 22 0
1 11 9
2 24 13
t 786 109.06976744186046
m 10 2
0 21 0
1 11 8
2 23 13
t 785 109.06976744186046
m 9 2
0 20 0
1 11 9
2 22 13
t 784 109.06976744186046
m 10 2
0 21 0
1 11 10
2 23 13
t 783 109.06976744186046
m 10 2
0 20 0
1 11 11
2 22 13
t 782 109.06976744186046
m 10 2
0 21 0
1 10 11
2 23 13
t 781 109.06976744186046
m 10 2
0 20 0
1 11 11
2 22 13
t 780 109.06976744186046
m 10 2
0 21 0
1 11 12
2 21 13
f 0 19
t 779 109.06976744186046
m 10 2
0 20 0
1 11 13
2 22 13
t 778 109.06976744186046
m 10 2
0 19 0
1 11 12
2 21 13
t 777 109.06976744186046
m 11 2
0 20 0
1 11 11
2 21 12
t 776 109.06976744186046
m 11 2
0 21 0
1 11 10
2 21 13
t 775 109.06976744186046
m 10 2
0 22 0
1 11 11
2 21 12
t 774 109.06976744186046
m 9 2
0 21 0
1 11 12
2 21 11
t 773 109.06976744186046
m 9 2
0 20 0
1 11 13
2 20 11
t 772 109.06976744186046
m 10 2
0 19 0
1 11 12
2 19 11
t 771 109.06976744186046
m 10 2
0 20 0
1 11 13
2 20 11
t 770 109.06976744186046
m 11 2
0 21 0
1 10 13
2 19 11
t 769 109.06976744186046
m 11 2
0 22 0
1 9 13
2 18 11
t 768 109.06976744186046
m 10 2
0 23 0
1 8 13
2 17 11
t 767 109.06976744186046
m 11 2
0 22 0
1 7 13
2 17 10
t 766 109.06976744186046
m 10 2
0 23 0
1 8 13
2 17 9
t 765 109.06976744186046
m 10 2
0 22 0
1 8 14
2 17 10
t 764 109.06976744186046
m 10 2
0 21 0
1 8 13
2 17 11
t 763 109.06976744186046
m 9 2
0 22 0
1 8 14
2 16 11
t 762 109.06976744186046
m 9 2
0 23 0
1 8 15
2 15 11
t 761 109.06976744186046
m 9 3
0 24 0
1 9 15
2 14 11
t 760 109.06976744186046
m 9 4
0 25 0
1 8 15
2 15 11
t 759 109.06976744186046
m 9 5
0 24 0
1 8 14
2 16 11
t 758 109.06976744186046
m 10 5
0 25 0
1 8 13
2 17 11
t 757 109.84496124031008
m 11 5
0 24 0
1 7 13
2 16 11
t 756 109.84496124031008
m 11 5
0 23 0
1 6 13
2 17 11
t 755 109.84496124031008
m 12 5
0 22 0
1 5 13
2 18 11
t 754 109.84496124031008
m 11 5
0 23 0
1 6 13
2 17 11
t 753 109.84496124031008
m 11 5
0 22 0
1 7 13
2 16 11
t 752 109.84496124031008
m 12 5
0 21 0
1 8 13
2 17 11
t 751 109.84496124031008
m 13 5
0 20 0
1 8 14
2 17 10
t 750 109.84496124031008
m 13 5
0 21 0
1 8 15
2 17 9
t 749 109.84496124031008
m 12 5
0 20 0
1 7 15
2 16 9
t 748 109.84496124031008
m 11 5
0 21 0
1 6 15
2 17 9
t 747 109.84496124031008
m 11 5
0 22 0
1 5 15
2 16 9
t 746 109.84496124031008
m 10 5
0 23 0
1 4 15
2 17 9
t 745 109.84496124031008
m 9 5
0 22 0
1 3 15
2 18 9
t 744 109.84496124031008
m 9 6
0 23 0
1 2 15
2 17 9
t 743 110.62015503875969
m 9 7
0 24 0
1 3 15
2 18 9
t 742 110.62015503875969
m 10 7
0 23 0
1 2 15
2 17 9
t 741 110.62015503875969
m 11 7
0 22 0
1 3 15
2 18 9
t 740 111.3953488372093
m 10 7
0 23 0
1 2 15
2 19 9
t 739 111.3953488372093
m 9 7
0 22 0
1 2 14
2 20 9
t 738 111.3953488372093
m 9 6
0 23 0
1 2 13
2 21 9
t 737 111.3953488372093
m 8 6
0 22 0
1 2 14
2 21 8
t 736 111.3953488372093
m 7 6
0 23 0
1 2 15
2 21 9
t 735 111.3953488372093
m 6 6
0 22 0
1 2 16
2 21 8
t 734 112.17054263565892
m 7 6
0 23 0
1 2 15
2 21 7
t 733 112.17054263565892
m 8 6
0 22 0
1 2 14
2 22 7
t 732 112.17054263565892
m 8 6
0 21 0
1 2 15
2 21 7
t 731 112.17054263565892
m 7 6
0 20 0
1 3 15
2 22 7
t 730 112.17054263565892
m 6 6
0 21 0
1 4 15
2 23 7
t 729 112.17054263565892
m 5 6
0 20 0
1 3 15
2 23 8
t 728 112.17054263565892
m 4 6
0 21 0
1 4 15
2 23 7
t 727 112.17054263565892
m 3 6
0 20 0
1 5 15
2 23 8
t 726 112.94573643410853
m 3 7
0 21 0
1 4 15
2 23 7
t 725 112.94573643410853
m 3 8
0 22 0
1 3 15
2 22 7
t 724 112.94573643410853
m 4 8
0 21 0
1 4 15
2 21 7
t 723 113.72093023255815
m 5 8
0 20 0
1 3 15
2 20 7
t 722 113.72093023255815
m 6 8
0 19 0
1 2 15
2 19 7
t 721 113.72093023255815
m 6 9
0 20 0
1 2 16
2 18 7
t 720 114.49612403100775
m 7 9
0 21 0
1 2 15
2 19 7
t 719 114.49612403100775
m 8 9
0 22 0
1 1 15
2 20 7
t 718 114.49612403100775
m 9 9
0 23 0
1 0 15
2 19 7
t 717 115.27131782945736
m 9 9
0 24 0
1 1 15
2 18 7
t 716 115.27131782945736
m 9 9
0 23 0
1 0 15
2 17 7
t 715 115.27131782945736
m 8 9
0 22 0
1 0 16
2 17 6
t 714 115.27131782945736
m 7 9
0 23 0
1 0 15
2 17 7
t 713 115.27131782945736
m 7 9
0 22 0
1 0 14
2 18 7
t 712 115.27131782945736
m 7 9
0 23 0
1 0 13
2 19 7
t 711 115.27131782945736
m 7 9
0 24 0
1 0 14
2 20 7
t 710 115.27131782945736
m 6 9
0 23 0
1 0 15
2 21 7
t 709 115.27131782945736
m 7 9
0 22 0
1 1 15
2 20 7
t 708 115.27131782945736
m 7 9
0 21 0
1 0 15
2 19 7
t 707 115.27131782945736
m 8 9
0 20 0
1 0 14
2 20 7
t 706 115.27131782945736
m 8 9
0 19 0
1 0 13
2 21 7
t 705 115.27131782945736
m 9 9
0 18 0
1 0 14
2 21 8
t 704 115.27131782945736
m 10 9
0 18 1
1 0 15
2 21 9
t 703 115.27131782945736
m 10 9
0 18 0
1 0 14
2 21 10
t 702 115.27131782945736
m 11 9
0 19 0
1 0 15
2 21 11
t 701 115.27131782945736
m 11 10
0 18 0
1 1 15
2 21 10
t 700 116.04651162790698
m 11 11
0 19 0
1 0 15
2 21 11
t 699 116.04651162790698
m 10 11
0 20 0
1 0 14
2 20 11
t 698 116.82170542635659
m 9 11
0 19 0
1 0 15
2 21 11
t 697 116.82170542635659
m 9 11
0 20 0
1 0 16
2 20 11
t 696 116.82170542635659
m 8 11
0 21 0
1 0 15
2 19 11
t 695 116.82170542635659
m 7 11
0 20 0
1 1 15
2 20 11
t 694 117.59689922480621
m 6 11
0 19 0
1 2 15
2 19 11
t 693 117.59689922480621
m 6 10
0 20 0
1 1 15
2 18 11
t 692 117.59689922480621
m 6 9
0 21 0
1 2 15
2 19 11
t 691 117.59689922480621
m 6 10
0 20 0
1 2 14
2 20 11
t 690 117.59689922480621
m 6 11
0 19 0
1 2 13
2 19 11
t 689 117.59689922480621
m 6 11
0 20 0
1 2 12
2 20 11
t 688 117.59689922480621
m 6 11
0 21 0
1 2 13
2 21 11
t 687 117.59689922480621
m 5 11
0 20 0
1 2 14
2 21 10
t 686 117.59689922480621
m 4 11
0 19 0
1 2 15
2 21 9
t 685 118.37209302325581
m 3 11
0 20 0
1 1 15
2 21 10
t 684 118.37209302325581
m 3 10
0 21 0
1 2 15
2 21 9
t 683 118.37209302325581
m 3 9
0 20 0
1 2 16
2 21 10
t 682 119.14728682170542
m 3 8
0 21 0
1 2 15
2 21 11
t 681 119.14728682170542
m 2 8
0 22 0
1 2 14
2 21 12
t 680 119.14728682170542
m 1 8
0 23 0
1 2 15
2 21 13
t 679 119.92248062015504
m 2 8
0 22 0
1 2 14
2 21 12
t 678 119.92248062015504
m 1 8
0 21 0
1 2 15
2 21 13
t 677 119.92248062015504
m 0 8
0 22 0
1 1 15
2 20 13
t 676 119.92248062015504
m 0 7
0 21 0
1 0 15
2 19 13
t 675 119.92248062015504
m 0 6
0 22 0
1 0 16
2 18 13
t 674 120.69767441860465
m 0 6
0 21 0
1 0 17
2 19 13
t 673 120.69767441860465
m 0 7
0 22 0
1 0 16
2 18 13
t 672 120.69767441860465
m 0 6
0 21 0
1 0 15
2 19 13
t 671 120.69767441860465
m 0 7
0 20 0
1 0 16
2 20 13
t 670 120.69767441860465
m 0 6
0 19 0
1 0 15
2 19 13
t 669 120.69767441860465
m 0 5
0 18 0
1 0 14
2 18 13
t 668 120.69767441860465
m 0 4
0 18 1
1 0 15
2 19 13
t 667 120.69767441860465
m 0 3
0 18 0
1 1 15
2 18 13
t 666 120.69767441860465
m 0 2
0 19 0
1 0 15
2 18 14
t 665 120.69767441860465
m 0 1
0 18 0
1 0 14
2 18 15
t 664 120.69767441860465
m 0 0
0 18 1
1 0 13
2 18 16
t 663 120.69767441860465
m 1 0
0 18 0
1 0 14
2 18 17
t 662 120.69767441860465
m 0 0
0 18 1
1 0 15
2 17 17
t 661 120.69767441860465
m 0 0
0 18 2
1 0 16
2 18 17
t 660 120.69767441860465
m 1 0
0 19 2
1 0 17
2 17 17
t 659 120.69767441860465
m 1 0
0 20 2
1 0 18
2 16 17
t 658 120.69767441860465
m 2 0
0 19 2
1 0 17
2 17 17
t 657 120.69767441860465
m 2 0
0 20 2
1 0 18
2 16 17
t 656 120.69767441860465
m 2 0
0 19 2
1 0 17
2 16 16
t 655 120.69767441860465
m 2 0
0 20 2
1 0 18
2 16 15
t 654 120.69767441860465
m 1 0
0 21 2
1 0 19
2 15 15
t 653 120.69767441860465
m 1 0
0 21 3
1 0 18
2 16 15
t 652 120.69767441860465
m 1 0
0 21 2
1 0 19
2 16 14
t 651 120.69767441860465
m 0 0
0 20 2
1 0 18
2 16 15
t 650 120.69767441860465
m 0 1
0 19 2
1 0 19
2 16 16
t 649 120.69767441860465
m 0 2
0 18 2
1 0 18
2 16 15
t 648 120.69767441860465
m 0 3
0 19 2
1 0 19
2 15 15
t 647 120.69767441860465
m 0 3
0 18 2
1 0 18
2 14 15
t 646 120.69767441860465
m 0 3
0 18 1
1 0 19
2 15 15
t 645 120.69767441860465
m 0 3
0 18 0
1 0 18
2 14 15
t 644 120.69767441860465
m 1 3
0 19 0
1 0 17
2 13 15
t 643 120.69767441860465
m 2 3
0 18 0
1 0 18
2 14 15
t 642 120.69767441860465
m 2 3
0 19 0
1 0 19
2 13 15
t 641 120.69767441860465
m 2 3
0 20 0
1 0 18
2 14 15
t 640 120.69767441860465
m 3 3
0 21 0
1 0 19
2 13 15
t 639 120.69767441860465
m 2 3
0 20 0
1 1 19
2 12 15
t 638 120.69767441860465
m 1 3
0 21 0
1 2 19
2 11 15
t 637 120.69767441860465
m 2 3
0 22 0
1 1 19
2 12 15
t 636 120.69767441860465
m 2 3
0 21 0
1 2 19
2 11 15
t 635 120.69767441860465
m 2 3
0 22 0
1 1 19
2 10 15
t 634 120.69767441860465
m 1 3
0 23 0
1 2 19
2 9 15
t 633 120.69767441860465
m 0 3
0 22 0
1 1 19
2 8 15
t 632 120.69767441860465
m 0 3
0 21 0
1 0 19
2 7 15
t 631 120.69767441860465
m 0 2
0 20 0
1 0 18
2 6 15
t 630 120.69767441860465
m 0 2
0 19 0
1 0 17
2 5 15
t 629 120.69767441860465
m 0 2
0 20 0
1 0 16
2 4 15
t 628 120.69767441860465
m 0 2
0 19 0
1 0 15
2 3 15
t 627 120.69767441860465
m 0 1
0 18 0
1 1 15
2 4 15
t 626 120.69767441860465
m 0 1
0 19 0
1 2 15
2 3 15
t 625 120.69767441860465
m 0 1
0 20 0
1 2 14
2 4 15
t 624 120.69767441860465
m 0 1
0 19 0
1 2 15
2 5 15
t 623 120.69767441860465
m 0 2
0 18 0
1 3 15
2 4 15
t 622 120.69767441860465
m 0 1
0 19 0
1 4 15
2 5 15
t 621 120.69767441860465
m 0 0
0 18 0
1 3 15
2 6 15
t 620 120.69767441860465
m 0 0
0 19 0
1 2 15
2 7 15
t 619 120.69767441860465
m 0 0
0 18 0
1 2 16
2 8 15
t 618 120.69767441860465
m 1 0
0 19 0
1 2 15
2 9 15
t 617 120.69767441860465
m 1 0
0 20 0
1 1 15
2 8 15
t 616 120.69767441860465
m 0 0
0 21 0
1 2 15
2 7 15
t 615 120.69767441860465
m 0 1
0 20 0
1 2 14
2 6 15
t 614 120.69767441860465
m 0 1
0 19 0
1 2 13
2 5 15
t 613 120.69767441860465
m 0 0
0 20 0
1 2 12
2 4 15
t 612 120.69767441860465
m 0 0
0 19 0
1 2 13
2 3 15
t 611 120.69767441860465
m 1 0
0 20 0
1 2 12
2 4 15
t 610 120.69767441860465
m 2 0
0 21 0
1 2 11
2 5 15
t 609 120.69767441860465
m 1 0
0 22 0
1 1 11
2 6 15
t 608 120.69767441860465
m 0 0
0 23 0
1 0 11
2 5 15
t 607 120.69767441860465
m 0 0
0 22 0
1 1 11
2 4 15
t 606 120.69767441860465
m 0 0
0 23 0
1 0 11
2 3 15
t 605 120.69767441860465
m 0 0
0 24 0
1 1 11
2 2 15
t 604 120.69767441860465
m 1 0
0 23 0
1 2 11
2 3 15
t 603 120.69767441860465
m 0 0
0 24 0
1 3 11
2 4 15
t 602 120.69767441860465
m 0 1
0 25 0
1 2 11
2 5 15
t 601 120.69767441860465
m 0 2
0 24 0
1 2 12
2 6 15
t 600 120.69767441860465
m 0 2
0 23 0
1 2 11
2 7 15
t 599 120.69767441860465
m 0 1
0 24 0
1 2 12
2 8 15
t 598 120.69767441860465
m 0 1
0 25 0
1 2 13
2 9 15
t 597 120.69767441860465
m 0 0
0 26 0
1 2 14
2 8 15
t 596 120.69767441860465
m 1 0
0 25 0
1 2 13
2 7 15
t 595 120.69767441860465
m 1 0
0 26 0
1 2 12
2 6 15
t 594 120.69767441860465
m 0 0
0 25 0
1 2 13
2 7 15
t 593 120.69767441860465
m 0 1
0 24 0
1 2 14
2 8 15
t 592 120.69767441860465
m 0 1
0 25 0
1 2 15
2 8 14
t 591 120.69767441860465
m 0 1
0 26 0
1 1 15
2 8 15
t 590 120.69767441860465
m 0 2
0 27 0
1 2 15
2 7 15
t 589 120.69767441860465
m 0 2
0 27 1
1 2 14
2 8 15
t 588 120.69767441860465
m 0 1
0 27 0
1 2 13
2 8 14
t 587 120.69767441860465
m 0 2
0 26 0
1 3 13
2 8 13
t 586 120.69767441860465
m 0 3
0 25 0
1 2 13
2 8 14
t 585 120.69767441860465
m 0 3
0 26 0
1 2 14
2 8 13
t 584 120.69767441860465
m 0 2
0 25 0
1 2 15
2 8 14
t 583 120.69767441860465
m 0 2
0 26 0
1 3 15
2 8 13
t 582 120.69767441860465
m 0 1
0 27 0
1 4 15
2 9 13
t 581 120.69767441860465
m 0 0
0 27 1
1 5 15
2 10 13
t 580 120.69767441860465
m 1 0
0 27 2
1 6 15
2 11 13
t 579 120.69767441860465
m 0 0
0 27 1
1 7 15
2 12 13
t 578 120.69767441860465
m 0 1
0 27 0
1 8 15
2 13 13
t 577 120.69767441860465
m 0 1
0 28 0
1 8 14
2 14 13
t 576 120.69767441860465
m 0 1
0 29 0
1 8 15
2 13 13
t 575 120.69767441860465
m 0 2
0 30 0
1 7 15
2 12 13
t 574 120.69767441860465
m 0 1
0 31 0
1 8 15
2 13 13
t 573 120.69767441860465
m 0 0
0 30 0
1 9 15
2 14 13
t 572 120.69767441860465
m 0 1
0 31 0
1 10 15
2 15 13
t 571 120.69767441860465
m 0 0
0 30 0
1 11 15
2 16 13
t 570 120.69767441860465
m 0 1
0 31 0
1 10 15
2 15 13
t 569 120.69767441860465
m 0 1
0 32 0
1 9 15
2 14 13
t 568 120.69767441860465
m 0 0
0 33 0
1 10 15
2 15 13
t 567 120.69767441860465
m 1 0
0 34 0
1 11 15
2 16 13
t 566 120.69767441860465
m 0 0
0 34 1
1 12 15
2 15 13
t 565 120.69767441860465
m 1 0
0 34 0
1 11 15
2 14 13
t 564 120.69767441860465
m 1 0
0 33 0
1 10 15
2 15 13
t 563 120.69767441860465
m 1 0
0 32 0
1 11 15
2 14 13
t 562 120.69767441860465
m 0 0
0 31 0
1 10 15
2 15 13
t 561 120.69767441860465
m 0 1
0 30 0
1 9 15
2 16 13
t 560 120.69767441860465
m 0 1
0 29 0
1 10 15
2 16 14
t 559 120.69767441860465
m 0 2
0 30 0
1 11 15
2 16 15
t 558 120.69767441860465
m 0 2
0 29 0
1 10 15
2 16 16
t 557 120.69767441860465
m 0 1
0 30 0
1 9 15
2 16 15
t 556 120.69767441860465
m 0 2
0 31 0
1 8 15
2 16 16
t 555 120.69767441860465
m 0 3
0 30 0
1 7 15
2 16 15
t 554 120.69767441860465
m 0 3
0 31 0
1 6 15
2 15 15
t 553 120.69767441860465
m 0 2
0 32 0
1 5 15
2 14 15
t 552 120.69767441860465
m 0 1
0 31 0
1 4 15
2 15 15
t 551 120.69767441860465
m 0 1
0 30 0
1 5 15
2 14 15
t 550 120.69767441860465
m 0 0
0 31 0
1 6 15
2 13 15
t 549 120.69767441860465
m 1 0
0 32 0
1 7 15
2 12 15
t 548 120.69767441860465
m 0 0
0 31 0
1 6 15
2 11 15
t 547 120.69767441860465
m 0 1
0 32 0
1 7 15
2 10 15
t 546 120.69767441860465
m 0 2
0 31 0
1 6 15
2 9 15
t 545 120.69767441860465
m 0 2
0 32 0
1 7 15
2 8 15
t 544 120.69767441860465
m 0 1
0 33 0
1 6 15
2 9 15
t 543 120.69767441860465
m 0 0
0 32 0
1 7 15
2 10 15
t 542 120.69767441860465
m 0 1
0 33 0
1 8 15
2 11 15
t 541 120.69767441860465
m 0 2
0 34 0
1 7 15
2 12 15
t 540 120.69767441860465
m 0 1
0 33 0
1 8 15
2 13 15
t 539 120.69767441860465
m 0 2
0 32 0
1 8 14
2 12 15
t 538 120.69767441860465
m 0 3
0 33 0
1 8 15
2 12 16
t 537 120.69767441860465
m 0 4
0 34 0
1 9 15
2 12 17
t 536 120.69767441860465
m 0 5
0 33 0
1 8 15
2 12 16
t 535 120.69767441860465
m 0 5
0 32 0
1 8 14
2 12 15
t 534 120.69767441860465
m 0 5
0 31 0
1 8 13
2 13 15
t 533 120.69767441860465
m 0 4
0 30 0
1 7 13
2 14 15
t 532 120.69767441860465
m 0 4
0 31 0
1 8 13
2 13 15
t 531 120.69767441860465
m 0 5
0 32 0
1 7 13
2 12 15
t 530 120.69767441860465
m 0 6
0 33 0
1 8 13
2 13 15
t 529 120.69767441860465
m 0 6
0 32 0
1 7 13
2 12 15
t 528 120.69767441860465
m 0 7
0 31 0
1 8 13
2 12 16
t 527 120.69767441860465
m 0 6
0 30 0
1 7 13
2 12 15
t 526 120.69767441860465
m 0 7
0 31 0
1 6 13
2 13 15
t 525 120.69767441860465
m 0 6
0 32 0
1 7 13
2 14 15
t 524 120.69767441860465
m 0 5
0 33 0
1 6 13
2 15 15
t 523 120.69767441860465
m 0 5
0 34 0
1 5 13
2 16 15
t 522 120.69767441860465
m 0 6
0 33 0
1 4 13
2 16 14
t 521 120.69767441860465
m 0 7
0 34 0
1 5 13
2 17 14
t 520 120.69767441860465
m 0 6
0 33 0
1 4 13
2 16 14
t 519 120.69767441860465
m 0 7
0 34 0
1 5 13
2 17 14
t 518 120.69767441860465
m 0 8
0 34 1
1 6 13
2 16 14
t 517 120.69767441860465
m 1 8
0 34 0
1 7 13
2 16 13
t 516 120.69767441860465
m 1 8
0 34 1
1 6 13
2 15 13
t 515 120.69767441860465
m 2 8
0 34 0
1 5 13
2 16 13
t 514 120.69767441860465
m 1 8
0 33 0
1 4 13
2 16 14
t 513 120.69767441860465
m 1 8
0 32 0
1 5 13
2 16 13
t 512 120.69767441860465
m 1 8
0 33 0
1 6 13
2 16 14
t 511 120.69767441860465
m 1 8
0 34 0
1 5 13
2 16 15
t 510 120.69767441860465
m 2 8
0 34 1
1 6 13
2 16 14
t 509 120.69767441860465
m 2 8
0 34 0
1 7 13
2 16 13
t 508 120.69767441860465
m 3 8
0 33 0
1 8 13
2 16 14
t 507 120.69767441860465
m 3 9
0 32 0
1 8 14
2 16 13
t 506 120.69767441860465
m 3 10
0 31 0
1 8 15
2 15 13
t 505 120.69767441860465
m 3 10
0 30 0
1 9 15
2 14 13
t 504 120.69767441860465
m 3 10
0 29 0
1 8 15
2 15 13
t 503 120.69767441860465
m 3 10
0 28 0
1 7 15
2 16 13
t 502 120.69767441860465
m 3 11
0 29 0
1 6 15
2 16 14
t 501 120.69767441860465
m 3 10
0 28 0
1 5 15
2 16 15
t 500 120.69767441860465
m 3 11
0 27 0
1 6 15
2 16 16
t 499 120.69767441860465
m 2 11
0 26 0
1 5 15
2 16 15
t 498 120.69767441860465
m 1 11
0 27 0
1 6 15
2 16 14
t 497 120.69767441860465
m 1 11
0 28 0
1 5 15
2 16 13
t 496 120.69767441860465
m 0 11
0 27 0
1 6 15
2 15 13
t 495 120.69767441860465
m 0 11
0 26 0
1 7 15
2 16 13
t 494 120.69767441860465
m 0 12
0 25 0
1 6 15
2 16 14
t 493 120.69767441860465
m 0 13
0 24 0
1 7 15
2 16 13
t 492 120.69767441860465
m 0 12
0 23 0
1 8 15
2 16 14
t 491 120.69767441860465
m 0 12
0 22 0
1 8 14
2 17 14
t 490 120.69767441860465
m 0 12
0 21 0
1 8 13
2 16 14
t 489 120.69767441860465
m 0 12
0 22 0
1 7 13
2 16 13
t 488 120.69767441860465
m 0 11
0 21 0
1 8 13
2 15 13
t 487 120.69767441860465
m 0 11
0 20 0
1 9 13
2 14 13
t 486 120.69767441860465
m 0 12
0 19 0
1 10 13
2 13 13
t 485 120.69767441860465
m 0 12
0 18 0
1 11 13
2 12 13
t 484 120.69767441860465
m 0 12
0 19 0
1 11 12
2 11 13
t 483 120.69767441860465
m 0 13
0 18 0
1 11 13
2 11 12
t 482 120.69767441860465
m 0 13
0 18 1
1 12 13
2 11 11
t 481 120.69767441860465
m 0 14
0 18 0
1 11 13
2 10 11
t 480 120.69767441860465
m 0 15
0 18 1
1 10 13
2 9 11
t 479 120.69767441860465
m 0 16
0 18 2
1 11 13
2 8 11
t 478 120.69767441860465
m 0 17
0 18 1
1 11 12
2 7 11
t 477 120.69767441860465
m 0 18
0 18 0
1 11 11
2 8 11
t 476 120.69767441860465
m 0 19
0 18 1
1 11 10
2 7 11
t 475 130.69767441860466
m 1 19
0 18 0
1 11 9
2 6 11
t 474 130.69767441860466
m 1 19
0 18 1
1 10 9
2 7 11
t 473 130.69767441860466
m 2 19
0 18 0
1 11 9
2 6 11
t 472 130.69767441860466
m 2 19
0 18 1
1 11 8
2 5 11
t 471 130.69767441860466
m 1 19
0 18 2
1 11 9
2 6 11
t 470 130.69767441860466
m 1 19
0 19 2
1 10 9
2 7 11
t 469 130.69767441860466
m 2 19
0 20 2
1 11 9
2 8 11
t 468 130.69767441860466
m 1 19
0 19 2
1 11 10
2 7 11
t 467 130.69767441860466
m 0 19
0 18 2
1 11 11
2 6 11
t 466 130.69767441860466
m 0 19
0 18 1
1 11 10
2 5 11
t 465 130.69767441860466
m 0 18
0 18 2
1 11 11
2 4 11
t 464 130.69767441860466
m 0 18
0 19 2
1 10 11
2 5 11
t 463 130.69767441860466
m 0 19
0 20 2
1 11 11
2 6 11
t 462 130.69767441860466
m 0 18
0 19 2
1 10 11
2 7 11
t 461 130.69767441860466
m 0 17
0 20 2
1 11 11
2 6 11
t 460 130.69767441860466
m 0 17
0 19 2
1 11 10
2 5 11
t 459 130.69767441860466
m 0 17
0 18 2
1 11 9
2 6 11
t 458 130.69767441860466
m 0 16
0 18 1
1 11 8
2 7 11
t 457 130.69767441860466
m 0 16
0 18 2
1 11 9
2 8 11
t 456 130.69767441860466
m 0 16
0 18 1
1 10 9
2 7 11
t 455 130.69767441860466
m 0 15
0 18 0
1 11 9
2 8 11
t 454 130.69767441860466
m 1 15
0 18 1
1 10 9
2 7 11
t 453 130.69767441860466
m 1 15
0 18 0
1 9 9
2 6 11
t 452 130.69767441860466
m 2 15
0 19 0
1 8 9
2 7 11
t 451 130.69767441860466
m 2 16
0 20 0
1 7 9
2 6 11
t 450 130.69767441860466
m 2 15
0 19 0
1 8 9
2 6 10
t 449 130.69767441860466
m 2 16
0 18 0
1 7 9
2 6 11
t 448 130.69767441860466
m 2 17
0 19 0
1 6 9
2 7 11
t 447 130.69767441860466
m 3 17
0 20 0
1 6 8
2 6 11
t 446 130.69767441860466
m 2 17
0 21 0
1 6 9
2 5 11
t 445 130.69767441860466
m 3 17
0 20 0
1 7 9
2 6 11
t 444 130.69767441860466
m 4 17
0 19 0
1 6 9
2 7 11
t 443 130.69767441860466
m 4 17
0 20 0
1 6 10
2 8 11
t 442 130.69767441860466
m 4 17
0 21 0
1 6 9
2 9 11
t 441 130.69767441860466
m 4 17
0 22 0
1 6 10
2 8 11
t 440 130.69767441860466
m 4 17
0 21 0
1 6 11
2 9 11
t 439 130.69767441860466
m 3 17
0 20 0
1 6 10
2 8 11
t 438 130.69767441860466
m 4 17
0 21 0
1 6 11
2 7 11
t 437 130.69767441860466
m 3 17
0 22 0
1 5 11
2 8 11
t 436 130.69767441860466
m 3 17
0 21 0
1 4 11
2 9 11
t 435 130.69767441860466
m 2 17
0 20 0
1 3 11
2 10 11
t 434 130.69767441860466
m 2 16
0 19 0
1 2 11
2 11 11
t 433 130.69767441860466
m 2 16
0 18 0
1 2 12
2 10 11
t 432 130.69767441860466
m 2 16
0 19 0
1 2 11
2 11 11
t 431 130.69767441860466
m 2 15
0 20 0
1 1 11
2 11 10
t 430 130.69767441860466
m 3 15
0 21 0
1 2 11
2 11 9
t 429 130.69767441860466
m 4 15
0 20 0
1 3 11
2 11 10
t 428 130.69767441860466
m 4 15
0 19 0
1 2 11
2 11 9
t 427 130.69767441860466
m 5 15
0 20 0
1 3 11
2 11 10
t 426 130.69767441860466
m 6 15
0 21 0
1 4 11
2 11 9
t 425 130.69767441860466
m 5 15
0 22 0
1 5 11
2 11 10
t 424 130.69767441860466
m 5 15
0 21 0
1 6 11
2 11 11
t 423 130.69767441860466
m 5 15
0 20 0
1 7 11
2 10 11
t 422 130.69767441860466
m 4 15
0 19 0
1 6 11
2 9 11
t 421 130.69767441860466
m 4 15
0 20 0
1 7 11
2 10 11
t 420 130.69767441860466
m 5 15
0 19 0
1 8 11
2 11 11
t 419 130.69767441860466
m 5 15
0 18 0
1 9 11
2 10 11
t 418 130.69767441860466
m 4 15
0 18 1
1 10 11
2 9 11
t 417 130.69767441860466
m 5 15
0 18 0
1 9 11
2 8 11
t 416 130.69767441860466
m 5 15
0 19 0
1 8 11
2 9 11
t 415 130.69767441860466
m 5 15
0 18 0
1 9 11
2 10 11
t 414 130.69767441860466
m 5 15
0 19 0
1 10 11
2 9 11
t 413 130.69767441860466
m 4 15
0 20 0
1 9 11
2 8 11
t 412 130.69767441860466
m 5 15
0 19 0
1 8 11
2 9 11
t 411 130.69767441860466
m 6 15
0 20 0
1 9 11
2 10 11
t 410 130.69767441860466
m 5 15
0 19 0
1 8 11
2 9 11
t 409 130.69767441860466
m 5 15
0 20 0
1 9 11
2 8 11
t 408 130.69767441860466
m 4 15
0 21 0
1 10 11
2 7 11
t 407 130.69767441860466
m 4 15
0 22 0
1 11 11
2 6 11
t 406 130.69767441860466
m 3 15
0 23 0
1 10 11
2 7 11
f 34 19
t 405 130.69767441860466
m 3 15
0 24 0
1 11 11
2 8 11
t 404 130.69767441860466
m 2 15
0 25 0
1 10 11
2 7 11
t 403 130.69767441860466
m 2 16
0 26 0
1 11 11
2 8 11
t 402 130.69767441860466
m 2 17
0 27 0
1 10 11
2 7 11
t 401 130.69767441860466
m 3 17
0 27 1
1 11 11
2 8 11
t 400 130.69767441860466
m 4 17
0 27 2
1 11 10
2 9 11
t 399 130.69767441860466
m 4 17
0 27 3
1 11 11
2 8 11
t 398 130.69767441860466
m 5 17
0 28 3
1 10 11
2 7 11
t 397 130.69767441860466
m 4 17
0 27 3
1 9 11
2 6 11
t 396 130.69767441860466
m 3 17
0 26 3
1 8 11
2 7 11
t 395 130.69767441860466
m 3 17
0 27 3
1 7 11
2 8 11
t 394 130.69767441860466
m 3 17
0 27 2
1 6 11
2 9 11
t 393 130.69767441860466
m 4 17
0 27 3
1 6 10
2 10 11
t 392 130.69767441860466
m 3 17
0 27 2
1 6 11
2 11 11
t 391 130.69767441860466
m 2 17
0 27 3
1 6 10
2 11 10
t 390 130.69767441860466
m 3 17
0 28 3
1 6 9
2 11 11
t 389 130.69767441860466
m 2 17
0 27 3
1 6 8
2 11 10
t 388 130.69767441860466
m 2 17
0 28 3
1 6 9
2 11 11
t 387 130.69767441860466
m 3 17
0 27 3
1 6 10
2 11 12
t 386 130.69767441860466
m 2 17
0 28 3
1 6 11
2 11 13
t 385 130.69767441860466
m 2 16
0 29 3
1 6 10
2 12 13
t 384 130.69767441860466
m 2 17
0 29 4
1 6 9
2 13 13
t 383 130.69767441860466
m 3 17
0 29 3
1 6 10
2 14 13
t 382 130.69767441860466
m 4 17
0 28 3
1 6 11
2 15 13
t 381 130.69767441860466
m 4 17
0 27 3
1 6 10
2 16 13
t 380 130.69767441860466
m 4 17
0 28 3
1 6 11
2 16 14
t 379 130.69767441860466
m 3 17
0 27 3
1 7 11
2 16 15
t 378 130.69767441860466
m 3 17
0 28 3
1 6 11
2 15 15
t 377 130.69767441860466
m 2 17
0 29 3
1 5 11
2 16 15
t 376 130.69767441860466
m 2 17
0 30 3
1 4 11
2 15 15
t 375 130.69767441860466
m 2 17
0 29 3
1 3 11
2 14 15
t 374 130.69767441860466
m 2 17
0 28 3
1 4 11
2 13 15
t 373 130.69767441860466
m 3 17
0 27 3
1 3 11
2 14 15
t 372 130.69767441860466
m 4 17
0 27 2
1 4 11
2 13 15
t 371 130.69767441860466
m 5 17
0 27 3
1 5 11
2 14 15
t 370 130.69767441860466
m 6 17
0 26 3
1 6 11
2 13 15
t 369 130.69767441860466
m 5 17
0 25 3
1 6 10
2 12 15
t 368 130.69767441860466
m 6 17
0 26 3
1 6 11
2 12 16
t 367 130.69767441860466
m 6 17
0 25 3
1 6 10
2 12 15
t 366 130.69767441860466
m 6 17
0 25 4
1 6 11
2 11 15
t 365 130.69767441860466
m 6 17
0 25 3
1 5 11
2 10 15
t 364 130.69767441860466
m 6 17
0 26 3
1 4 11
2 9 15
t 363 130.69767441860466
m 6 17
0 25 3
1 5 11
2 8 15
t 362 130.69767441860466
m 5 17
0 25 4
1 6 11
2 7 15
t 361 130.69767441860466
m 6 17
0 25 5
1 6 10
2 6 15
t 360 130.69767441860466
m 5 17
0 25 6
1 6 9
2 7 15
t 359 130.69767441860466
m 6 17
0 25 5
1 7 9
2 6 15
t 358 130.69767441860466
m 7 17
0 25 4
1 8 9
2 7 15
t 357 130.69767441860466
m 7 18
0 25 5
1 7 9
2 6 15
t 356 130.69767441860466
m 7 19
0 24 5
1 6 9
2 5 15
t 355 130.69767441860466
m 8 19
0 23 5
1 6 8
2 4 15
t 354 130.69767441860466
m 9 19
0 22 5
1 5 8
2 3 15
t 353 130.69767441860466
m 10 19
0 23 5
1 6 8
2 2 15
t 352 130.69767441860466
m 11 19
0 24 5
1 6 9
2 2 16
t 351 130.69767441860466
m 12 19
0 23 5
1 6 8
2 2 17
t 350 130.69767441860466
m 13 19
0 22 5
1 6 9
2 3 17
t 349 130.69767441860466
m 14 19
0 21 5
1 6 10
2 2 17
t 348 131.47286821705427
m 15 19
0 22 5
1 6 9
2 2 16
t 347 131.47286821705427
m 15 19
0 21 5
1 7 9
2 2 15
t 346 131.47286821705427
m 16 19
0 22 5
1 6 9
2 3 15
t 345 131.47286821705427
m 16 18
0 21 5
1 7 9
2 4 15
t 344 131.47286821705427
m 16 18
0 21 4
1 8 9
2 5 15
t 343 131.47286821705427
m 16 17
0 20 4
1 9 9
2 4 15
t 342 131.47286821705427
m 17 17
0 19 4
1 8 9
2 5 15
t 341 131.47286821705427
m 18 17
0 18 4
1 9 9
2 6 15
t 340 131.47286821705427
m 19 17
0 17 4
1 8 9
2 5 15
t 339 131.47286821705427
m 20 17
0 18 4
1 7 9
2 4 15
t 338 131.47286821705427
m 21 17
0 19 4
1 8 9
2 3 15
t 337 131.47286821705427
m 22 17
0 20 4
1 9 9
2 4 15
t 336 132.24806201550388
m 23 17
0 19 4
1 8 9
2 3 15
t 335 132.24806201550388
m 24 17
0 18 4
1 7 9
2 4 15
t 334 132.24806201550388
m 25 17
0 19 4
1 6 9
2 5 15
t 333 133.02325581395348
m 26 17
0 20 4
1 6 8
2 4 15
t 332 133.02325581395348
m 27 17
0 19 4
1 5 8
2 5 15
t 331 133.02325581395348
m 28 17
0 20 4
1 4 8
2 6 15
t 330 133.7984496124031
m 28 17
0 21 4
1 3 8
2 5 15
t 329 133.7984496124031
m 28 17
0 21 3
1 3 9
2 6 15
t 328 133.7984496124031
m 28 17
0 21 4
1 3 8
2 5 15
t 327 133.7984496124031
m 27 17
0 21 3
1 3 7
2 6 15
t 326 133.7984496124031
m 28 17
0 21 4
1 3 6
2 5 15
t 325 133.7984496124031
m 28 17
0 21 5
1 4 6
2 4 15
t 324 133.7984496124031
m 27 17
0 21 4
1 3 6
2 3 15
t 323 133.7984496124031
m 27 17
0 21 5
1 4 6
2 2 15
t 322 133.7984496124031
m 26 17
0 21 4
1 3 6
2 1 15
t 321 133.7984496124031
m 26 17
0 20 4
1 4 6
2 0 15
t 320 133.7984496124031
m 25 17
0 19 4
1 3 6
2 0 14
t 319 133.7984496124031
m 26 17
0 18 4
1 4 6
2 0 13
t 318 133.7984496124031
m 25 17
0 17 4
1 5 6
2 0 12
t 317 133.7984496124031
m 26 17
0 17 5
1 6 6
2 0 11
t 316 133.7984496124031
m 25 17
0 17 4
1 7 6
2 1 11
t 315 133.7984496124031
m 26 17
0 17 5
1 6 6
2 2 11
t 314 133.7984496124031
m 27 17
0 17 6
1 7 6
2 1 11
t 313 133.7984496124031
m 28 17
0 17 7
1 6 6
2 0 11
t 312 133.7984496124031
m 27 17
0 17 6
1 5 6
2 1 11
t 311 133.7984496124031
m 26 17
0 17 7
1 4 6
2 0 11
t 310 133.7984496124031
m 27 17
0 17 6
1 3 6
2 0 12
t 309 133.7984496124031
m 27 18
0 17 5
1 4 6
2 0 13
t 308 133.7984496124031
m 27 17
0 17 4
1 3 6
2 0 14
t 307 133.7984496124031
m 28 17
0 18 4
1 4 6
2 0 13
t 306 133.7984496124031
m 27 17
0 17 4
1 3 6
2 0 14
t 305 133.7984496124031
m 28 17
0 17 5
1 3 7
2 0 13
t 304 133.7984496124031
m 27 17
0 17 4
1 3 8
2 0 14
t 303 133.7984496124031
m 28 17
0 18 4
1 3 9
2 0 13
t 302 133.7984496124031
m 27 17
0 19 4
1 3 10
2 0 12
t 301 133.7984496124031
m 27 18
0 18 4
1 3 11
2 0 11
t 300 133.7984496124031
m 27 18
0 19 4
1 3 10
2 1 11
t 299 133.7984496124031
m 27 18
0 20 4
1 3 9
2 0 11
t 298 133.7984496124031
m 27 17
0 21 4
1 3 10
2 0 12
t 297 133.7984496124031
m 27 18
0 21 3
1 3 11
2 0 11
t 296 133.7984496124031
m 27 19
0 21 4
1 4 11
2 1 11
t 295 133.7984496124031
m 26 19
0 20 4
1 3 11
2 0 11
t 294 133.7984496124031
m 27 19
0 19 4
1 2 11
2 0 12
t 293 133.7984496124031
m 27 19
0 18 4
1 1 11
2 0 11
t 292 133.7984496124031
m 28 19
0 17 4
1 2 11
2 1 11
t 291 133.7984496124031
m 28 19
0 18 4
1 1 11
2 2 11
t 290 133.7984496124031
m 29 19
0 19 4
1 2 11
2 2 12
t 289 133.7984496124031
m 29 19
0 18 4
1 1 11
2 2 13
t 288 133.7984496124031
m 29 19
0 17 4
1 0 11
2 2 14
t 287 133.7984496124031
m 28 19
0 17 5
1 0 12
2 2 15
t 286 133.7984496124031
m 27 19
0 17 6
1 0 11
2 2 16
t 285 133.7984496124031
m 27 18
0 17 5
1 1 11
2 2 15
t 284 133.7984496124031
m 27 19
0 17 6
1 2 11
2 2 14
t 283 133.7984496124031
m 28 19
0 17 7
1 2 12
2 2 13
t 282 133.7984496124031
m 28 19
0 16 7
1 2 13
2 3 13
t 281 133.7984496124031
m 29 19
0 15 7
1 3 13
2 4 13
t 280 133.7984496124031
m 29 19
0 16 7
1 2 13
2 5 13
t 279 133.7984496124031
m 30 19
0 15 7
1 2 12
2 6 13
t 278 133.7984496124031
m 30 19
0 14 7
1 2 13
2 5 13
t 277 133.7984496124031
m 31 19
0 13 7
1 3 13
2 4 13
t 276 133.7984496124031
m 31 19
0 13 8
1 4 13
2 5 13
t 275 133.7984496124031
m 31 19
0 13 7
1 3 13
2 6 13
t 274 133.7984496124031
m 32 19
0 13 8
1 4 13
2 7 13
t 273 133.7984496124031
m 33 19
0 13 9
1 5 13
2 6 13
t 272 133.7984496124031
m 34 19
0 13 10
1 4 13
2 7 13
t 271 143.7984496124031
m 34 18
0 13 11
1 3 13
2 8 13
t 270 143.7984496124031
m 34 19
0 13 12
1 4 13
2 8 14
t 269 143.7984496124031
m 34 19
0 13 11
1 3 13
2 8 13
t 268 143.7984496124031
m 34 19
0 13 12
1 4 13
2 7 13
t 267 143.7984496124031
m 33 19
0 13 13
1 5 13
2 8 13
t 266 143.7984496124031
m 32 19
0 12 13
1 6 13
2 9 13
t 265 143.7984496124031
m 33 19
0 13 13
1 7 13
2 8 13
t 264 143.7984496124031
m 34 19
0 14 13
1 8 13
2 9 13
t 263 143.7984496124031
m 33 19
0 13 13
1 7 13
2 8 13
t 262 143.7984496124031
m 33 19
0 14 13
1 8 13
2 8 14
t 261 143.7984496124031
m 34 19
0 15 13
1 9 13
2 8 15
t 260 143.7984496124031
m 33 19
0 16 13
1 8 13
2 8 14
t 259 143.7984496124031
m 32 19
0 15 13
1 7 13
2 8 15
t 258 143.7984496124031
m 31 19
0 16 13
1 6 13
2 7 15
t 257 143.7984496124031
m 32 19
0 16 14
1 5 13
2 8 15
f 34 0
t 256 143.7984496124031
m 33 19
0 16 15
1 4 13
2 8 14
t 255 143.7984496124031
m 33 19
0 16 16
1 3 13
2 8 13
t 254 143.7984496124031
m 33 19
0 16 17
1 4 13
2 7 13
t 253 143.7984496124031
m 34 19
0 16 16
1 5 13
2 8 13
t 252 143.7984496124031
m 34 18
0 16 17
1 4 13
2 7 13
t 251 143.7984496124031
m 34 17
0 16 18
1 3 13
2 8 13
t 250 143.7984496124031
m 34 18
0 16 17
1 2 13
2 7 13
t 249 143.7984496124031
m 34 17
0 15 17
1 2 14
2 6 13
t 248 143.7984496124031
m 34 18
0 14 17
1 2 15
2 7 13
t 247 143.7984496124031
m 34 18
0 15 17
1 2 14
2 6 13
t 246 143.7984496124031
m 34 17
0 16 17
1 2 13
2 5 13
t 245 143.7984496124031
m 34 18
0 16 18
1 3 13
2 6 13
t 244 143.7984496124031
m 34 17
0 16 17
1 4 13
2 7 13
t 243 143.7984496124031
m 34 16
0 17 17
1 5 13
2 8 13
t 242 143.7984496124031
m 34 15
0 16 17
1 4 13
2 7 13
t 241 143.7984496124031
m 33 15
0 17 17
1 5 13
2 8 13
t 240 143.7984496124031
m 32 15
0 18 17
1 6 13
2 7 13
t 239 143.7984496124031
m 33 15
0 19 17
1 5 13
2 6 13
t 238 143.7984496124031
m 33 15
0 20 17
1 6 13
2 5 13
t 237 143.7984496124031
m 34 15
0 19 17
1 7 13
2 4 13
t 236 143.7984496124031
m 34 14
0 18 17
1 8 13
2 3 13
t 235 143.7984496124031
m 34 13
0 19 17
1 7 13
2 2 13
t 234 143.7984496124031
m 34 12
0 20 17
1 8 13
2 2 14
t 233 143.7984496124031
m 34 11
0 21 17
1 7 13
2 2 13
t 232 143.7984496124031
m 34 11
0 22 17
1 6 13
2 3 13
t 231 143.7984496124031
m 34 11
0 21 17
1 5 13
2 4 13
t 230 143.7984496124031
m 34 11
0 20 17
1 6 13
2 5 13
t 229 143.7984496124031
m 33 11
0 19 17
1 5 13
2 4 13
t 228 143.7984496124031
m 34 11
0 20 17
1 4 13
2 3 13
t 227 143.7984496124031
m 34 12
0 19 17
1 3 13
2 2 13
t 226 143.7984496124031
m 34 12
0 20 17
1 4 13
2 3 13
t 225 143.7984496124031
m 34 12
0 21 17
1 3 13
2 4 13
t 224 143.7984496124031
m 34 11
0 20 17
1 2 13
2 3 13
t 223 143.7984496124031
m 34 11
0 19 17
1 2 14
2 4 13
t 222 143.7984496124031
m 34 11
0 20 17
1 2 15
2 3 13
t 221 143.7984496124031
m 33 11
0 19 17
1 2 16
2 4 13
t 220 143.7984496124031
m 33 11
0 18 17
1 2 15
2 3 13
t 219 143.7984496124031
m 32 11
0 17 17
1 1 15
2 4 13
t 218 143.7984496124031
m 33 11
0 18 17
1 0 15
2 5 13
t 217 143.7984496124031
m 32 11
0 19 17
1 0 14
2 6 13
t 216 143.7984496124031
m 31 11
0 18 17
1 0 15
2 5 13
t 215 143.7984496124031
m 30 11
0 18 18
1 0 14
2 4 13
t 214 143.7984496124031
m 30 11
0 18 19
1 0 15
2 5 13
t 213 143.7984496124031
m 29 11
0 19 19
1 0 14
2 6 13
t 212 143.7984496124031
m 28 11
0 20 19
1 0 13
2 7 13
t 211 143.7984496124031
m 27 11
0 21 19
1 0 12
2 8 13
t 210 143.7984496124031
m 26 11
0 22 19
1 0 13
2 7 13
t 209 143.7984496124031
m 25 11
0 23 19
1 0 14
2 8 13
t 208 144.5736434108527
m 26 11
0 24 19
1 0 15
2 8 14
t 207 144.5736434108527
m 27 11
0 23 19
1 0 16
2 8 13
t 206 144.5736434108527
m 26 11
0 22 19
1 0 17
2 7 13
t 205 144.5736434108527
m 25 11
0 21 19
1 0 16
2 8 13
t 204 144.5736434108527
m 24 11
0 22 19
1 0 17
2 9 13
t 203 144.5736434108527
m 23 11
0 23 19
1 0 16
2 10 13
t 202 144.5736434108527
m 23 10
0 24 19
1 0 17
2 11 13
t 201 145.34883720930233
m 23 9
0 23 19
1 0 16
2 10 13
t 200 145.34883720930233
m 24 9
0 22 19
1 0 17
2 11 13
t 199 146.12403100775194
m 25 9
0 23 19
1 0 18
2 10 13
t 198 146.12403100775194
m 26 9
0 24 19
1 0 19
2 9 13
t 197 146.12403100775194
m 27 9
0 23 19
1 0 18
2 10 13
t 196 146.12403100775194
m 26 9
0 22 19
1 0 19
2 9 13
t 195 146.12403100775194
m 27 9
0 21 19
1 1 19
2 8 13
t 194 146.12403100775194
m 28 9
0 22 19
1 2 19
2 8 14
t 193 146.12403100775194
m 28 10
0 21 19
1 3 19
2 8 13
t 192 146.12403100775194
m 28 9
0 20 19
1 4 19
2 7 13
t 191 146.12403100775194
m 28 8
0 21 19
1 5 19
2 8 13
t 190 146.12403100775194
m 29 8
0 22 19
1 6 19
2 8 14
t 189 146.12403100775194
m 30 8
0 23 19
1 7 19
2 8 15
t 188 146.12403100775194
m 31 8
0 24 19
1 7 18
2 9 15
t 187 146.12403100775194
m 31 7
0 23 19
1 7 19
2 10 15
t 186 146.12403100775194
m 31 7
0 24 19
1 6 19
2 11 15
t 185 146.12403100775194
m 31 6
0 23 19
1 5 19
2 10 15
t 184 146.12403100775194
m 30 6
0 24 19
1 6 19
2 11 15
t 183 146.89922480620154
m 29 6
0 23 19
1 5 19
2 12 15
t 182 146.89922480620154
m 28 6
0 22 19
1 4 19
2 12 16
t 181 146.89922480620154
m 27 6
0 21 19
1 5 19
2 12 17
t 180 147.67441860465118
m 27 6
0 22 19
1 4 19
2 13 17
t 179 147.67441860465118
m 28 6
0 21 19
1 3 19
2 12 17
t 178 147.67441860465118
m 29 6
0 22 19
1 4 19
2 13 17
t 177 147.67441860465118
m 29 5
0 21 19
1 5 19
2 12 17
t 176 147.67441860465118
m 29 4
0 22 19
1 4 19
2 12 16
t 175 148.4496124031008
m 29 3
0 23 19
1 3 19
2 12 17
t 174 148.4496124031008
m 29 3
0 22 19
1 4 19
2 11 17
t 173 148.4496124031008
m 29 3
0 21 19
1 3 19
2 12 17
t 172 148.4496124031008
m 30 3
0 20 19
1 4 19
2 13 17
t 171 148.4496124031008
m 29 3
0 19 19
1 3 19
2 14 17
t 170 148.4496124031008
m 28 3
0 20 19
1 4 19
2 13 17
t 169 148.4496124031008
m 29 3
0 21 19
1 3 19
2 12 17
t 168 148.4496124031008
m 29 4
0 22 19
1 2 19
2 13 17
t 167 148.4496124031008
m 29 3
0 21 19
1 3 19
2 14 17
t 166 148.4496124031008
m 30 3
0 22 19
1 2 19
2 15 17
t 165 148.4496124031008
m 31 3
0 23 19
1 3 19
2 16 17
t 164 148.4496124031008
m 31 3
0 22 19
1 2 19
2 17 17
t 163 148.4496124031008
m 30 3
0 23 19
1 3 19
2 18 17
t 162 148.4496124031008
m 30 3
0 22 19
1 2 19
2 19 17
t 161 148.4496124031008
m 30 3
0 21 19
1 1 19
2 18 17
t 160 148.4496124031008
m 31 3
0 20 19
1 2 19
2 19 17
t 159 148.4496124031008
m 32 3
0 21 19
1 3 19
2 20 17
t 158 148.4496124031008
m 31 3
0 22 19
1 4 19
2 19 17
t 157 148.4496124031008
m 32 3
0 23 19
1 5 19
2 20 17
t 156 148.4496124031008
m 32 3
0 24 19
1 4 19
2 19 17
t 155 148.4496124031008
m 33 3
0 25 19
1 3 19
2 18 17
t 154 148.4496124031008
m 34 3
0 24 19
1 2 19
2 18 18
t 153 148.4496124031008
m 34 2
0 25 19
1 3 19
2 18 19
t 152 148.4496124031008
m 34 2
0 26 19
1 4 19
2 18 18
t 151 148.4496124031008
m 34 2
0 25 19
1 5 19
2 18 19
t 150 148.4496124031008
m 34 1
0 26 19
1 6 19
2 19 19
t 149 148.4496124031008
m 34 0
0 27 19
1 5 19
2 20 19
t 148 158.4496124031008
m 34 0
0 27 18
1 4 19
2 19 19
t 147 158.4496124031008
m 34 0
0 27 19
1 5 19
2 18 19
t 146 158.4496124031008
m 34 0
0 28 19
1 6 19
2 19 19
t 145 158.4496124031008
m 33 0
0 27 19
1 5 19
2 18 19
t 144 158.4496124031008
m 32 0
0 27 18
1 6 19
2 18 18
t 143 158.4496124031008
m 33 0
0 27 17
1 5 19
2 18 17
t 142 158.4496124031008
m 34 0
0 28 17
1 6 19
2 19 17
t 141 158.4496124031008
m 34 0
0 29 17
1 7 19
2 18 17
t 140 158.4496124031008
m 34 1
0 28 17
1 8 19
2 18 16
t 139 158.4496124031008
m 34 2
0 27 17
1 7 19
2 18 17
t 138 158.4496124031008
m 34 1
0 28 17
1 6 19
2 18 16
t 137 158.4496124031008
m 34 0
0 29 17
1 5 19
2 18 15
t 136 158.4496124031008
m 33 0
0 30 17
1 4 19
2 18 16
t 135 158.4496124031008
m 32 0
0 31 17
1 3 19
2 18 17
t 134 158.4496124031008
m 31 0
0 32 17
1 2 19
2 17 17
t 133 158.4496124031008
m 30 0
0 32 16
1 3 19
2 18 17
t 132 158.4496124031008
m 29 0
0 32 15
1 4 19
2 18 16
t 131 158.4496124031008
m 29 0
0 32 14
1 3 19
2 18 15
t 130 158.4496124031008
m 29 0
0 32 13
1 2 19
2 18 16
t 129 158.4496124031008
m 28 0
0 32 12
1 3 19
2 18 15
t 128 158.4496124031008
m 28 0
0 32 11
1 2 19
2 18 16
t 127 158.4496124031008
m 27 0
0 31 11
1 1 19
2 18 15
t 126 158.4496124031008
m 26 0
0 32 11
1 2 19
2 19 15
t 125 158.4496124031008
m 27 0
0 33 11
1 3 19
2 18 15
t 124 158.4496124031008
m 27 0
0 34 11
1 4 19
2 19 15
t 123 158.4496124031008
m 26 0
0 33 11
1 3 19
2 20 15
t 122 158.4496124031008
m 27 0
0 34 11
1 4 19
2 21 15
t 121 158.4496124031008
m 27 1
0 33 11
1 5 19
2 22 15
t 120 158.4496124031008
m 27 2
0 34 11
1 4 19
2 22 16
t 119 158.4496124031008
m 27 3
0 34 12
1 3 19
2 22 17
t 118 158.4496124031008
m 26 3
0 34 13
1 4 19
2 22 16
t 117 158.4496124031008
m 25 3
0 34 12
1 3 19
2 22 15
t 116 158.4496124031008
m 25 2
0 34 13
1 2 19
2 21 15
t 115 158.4496124031008
m 24 2
0 34 12
1 3 19
2 20 15
t 114 158.4496124031008
m 23 2
0 34 11
1 2 19
2 21 15
t 113 158.4496124031008
m 22 2
0 33 11
1 3 19
2 22 15
t 112 159.2248062015504
m 22 2
0 34 11
1 2 19
2 21 15
t 111 159.2248062015504
m 22 2
0 33 11
1 1 19
2 22 15
t 110 159.2248062015504
m 21 2
0 32 11
1 2 19
2 22 16
t 109 159.2248062015504
m 21 2
0 33 11
1 1 19
2 22 15
t 108 159.2248062015504
m 21 2
0 34 11
1 2 19
2 23 15
f 0 0
t 107 159.2248062015504
m 22 2
0 33 11
1 1 19
2 24 15
t 106 159.2248062015504
m 22 2
0 34 11
1 0 19
2 23 15
t 105 159.2248062015504
m 22 2
0 34 12
1 0 18
2 22 15
t 104 159.2248062015504
m 21 2
0 34 11
1 0 19
2 23 15
t 103 159.2248062015504
m 21 3
0 34 12
1 0 18
2 24 15
t 102 159.2248062015504
m 21 2
0 34 11
1 0 19
2 23 15
t 101 159.2248062015504
m 21 3
0 33 11
1 0 18
2 24 15
t 100 159.2248062015504
m 21 3
0 32 11
1 0 19
2 23 15
t 99 159.2248062015504
m 21 3
0 33 11
1 0 18
2 22 15
t 98 159.2248062015504
m 21 3
0 34 11
1 0 17
2 23 15
t 97 159.2248062015504
m 21 3
0 33 11
1 0 18
2 24 15
t 96 159.2248062015504
m 21 2
0 34 11
1 0 17
2 23 15
t 95 159.2248062015504
m 21 3
0 34 12
1 0 16
2 22 15
t 94 159.2248062015504
m 21 2
0 34 13
1 0 15
2 23 15
t 93 159.2248062015504
m 22 2
0 34 14
1 0 14
2 22 15
t 92 159.2248062015504
m 22 2
0 34 13
1 0 13
2 23 15
t 91 159.2248062015504
m 21 2
0 34 12
1 0 12
2 22 15
t 90 159.2248062015504
m 20 2
0 34 13
1 0 13
2 23 15
t 89 159.2248062015504
m 21 2
0 34 12
1 0 14
2 22 15
t 88 159.2248062015504
m 21 3
0 34 11
1 0 15
2 21 15
t 87 159.2248062015504
m 21 3
0 34 12
1 0 16
2 20 15
t 86 159.2248062015504
m 21 4
0 34 11
1 0 17
2 19 15
t 85 159.2248062015504
m 21 4
0 34 12
1 0 18
2 20 15
t 84 159.2248062015504
m 21 4
0 34 11
1 0 17
2 19 15
t 83 159.2248062015504
m 21 5
0 33 11
1 0 16
2 18 15
t 82 159.2248062015504
m 22 5
0 32 11
1 0 17
2 19 15
t 81 164.62857142857143