165529
2
[(76, 14, 3), (39, 19, 1), (97, 23, 3), (119, 28, 2), (128, 21, 3), (59, 18, 1), (82, 29, 1), (128, 32, 0), (50, 21, 2), (25, 15, 0), (69, 18, 1), (71, 30, 2), (75, 9, 2), (27, 30, 1), (100, 25, 0), (32, 23, 3), (124, 11, 3), (30, 15, 2), (117, 19, 3), (113, 17, 3)]
[(73, 27, 1), (39, 19, 1), (97, 23, 3), (116, 31, 2), (128, 21, 3), (59, 18, 1), (82, 29, 1), (128, 32, 0), (50, 21, 2), (25, 15, 0), (69, 18, 1), (71, 30, 2), (75, 9, 2), (27, 30, 1), (100, 25, 0), (32, 23, 3), (124, 11, 3), (30, 15, 2), (117, 19, 3), (113, 17, 3)]
200
600 -1 -1 -1 -1 -1 -1 0
1100 -1 -1 -1 -1 -1 -1 0
1600 -1 -1 -1 -1 -1 -1 0
2100 -1 -1 -1 -1 -1 -1 0
2600 -1 -1 -1 -1 -1 -1 0
3100 -1 -1 -1 -1 -1 -1 0
3600 -1 -1 -1 -1 -1 -1 0
4100 -1 -1 -1 -1 -1 -1 0
4600 -1 -1 -1 -1 -1 -1 0
5100 -1 -1 -1 -1 -1 -1 0
5600 -1 -1 -1 -1 -1 -1 0
6100 -1 -1 -1 -1 -1 -1 0
6600 -1 -1 -1 -1 -1 -1 0
7100 -1 -1 -1 -1 -1 -1 0
7600 -1 -1 -1 -1 -1 -1 0
8100 11 -0.98 2 -0.995 86 -0.855 3132
8600 11 -0.98 2 -0.995 86 -0.855 3132
9100 11 -0.98 2 -0.995 86 -0.855 3132
9600 11 -0.98 2 -0.995 86 -0.855 3132
10100 11 -0.98 2 -0.995 86 -0.855 3132
10600 11 -0.98 2 -0.995 86 -0.855 3132
11100 11 -0.965 3 -0.9883333333333333 86 -0.7266666666666667 3825
11600 11 -0.95 3 -0.985 86 -0.5866666666666667 3825
12100 21 -0.9133333333333333 3 -0.9833333333333333 89 -0.43666666666666665 4761
12600 21 -0.9133333333333333 3 -0.9833333333333333 89 -0.43666666666666665 4761
13100 21 -0.85 3 -0.9666666666666667 89 -0.02 7260
13600 21 -0.85 3 -0.9666666666666667 89 -0.02 7260
14100 21 -0.82 4 -0.955 89 0.265 8007
14600 31 -0.7366666666666667 4 -0.9483333333333334 89 0.7066666666666667 8907
15100 31 -0.615 4 -0.915 89 1.6983333333333333 9490
15600 35 -0.4766666666666667 4 -0.89 90 2.6966666666666668 9852
16100 35 -0.17 4 -0.8116666666666666 90 4.918333333333333 10096
16600 35 0.10833333333333334 4 -0.7383333333333333 90 7.336666666666667 10814
17100 35 0.7466666666666667 9 -0.575 90 12.093333333333334 23811
17600 35 2.215 9 -0.21666666666666667 90 22.356666666666666 24990
18100 37 4.818333333333333 9 0.35 90 38.791666666666664 27321
18600 55 8.128333333333334 9 1.1583333333333334 90 59.96333333333333 37340
19100 55 11.94 9 2.12 90 80.15833333333333 37590
19600 55 15.083333333333334 9 2.6816666666666666 90 86.16166666666666 37644
20100 55 18.158333333333335 10 3.12 90 86.335 39790
20600 55 20.236666666666668 10 3.716666666666667 90 86.74166666666666 40842
21100 55 22.413333333333334 10 4.205 90 87.09333333333333 43243
21600 55 25.398333333333333 10 4.5183333333333335 90 87.24166666666666 47571
22100 62 27.24 11 5.101666666666667 90 87.23166666666667 54131
22600 62 30.023333333333333 11 5.443333333333333 90 87.42 56259
23100 62 33.53 11 5.633333333333334 90 87.41333333333333 61897
23600 73 36.135 12 6.025 90 87.55833333333334 70072
24100 73 39.355 14 6.241666666666666 90 87.755 82267
24600 73 41.67666666666667 14 6.545 90 88.08166666666666 83466
25100 86 44.605 14 6.795 90 88.17833333333333 93046
25600 86 47.178333333333335 14 6.923333333333333 90 88.01166666666667 95067
26100 86 50.876666666666665 14 6.928333333333334 90 88.47333333333333 98301
26600 86 53.013333333333335 14 7.168333333333333 90 88.43333333333334 99135
27100 86 54.26833333333333 14 7.6033333333333335 90 88.50833333333334 100339
27600 86 56.305 14 7.92 90 88.62333333333333 103678
28100 86 58.23833333333334 14 8.216666666666667 90 88.795 104049
28600 86 59.99166666666667 14 8.338333333333333 90 88.895 104269
29100 87 61.77333333333333 14 8.5 90 88.90666666666667 105652
29600 87 62.665 14 8.97 90 88.995 107681
30100 87 64.57666666666667 15 9.178333333333333 90 89.00166666666667 114017
30600 87 66.805 15 9.42 90 89.05833333333334 116151
31100 88 68.515 15 9.761666666666667 90 89.07666666666667 117061
31600 88 70.11833333333334 15 10.08 90 88.92166666666667 119965
32100 88 71.785 15 10.385 90 89.12833333333333 120337
32600 88 73.19666666666667 15 10.721666666666666 90 89.155 122148
33100 88 74.99 15 10.638333333333334 90 89.25833333333334 124961
33600 91 76.81166666666667 15 10.446666666666667 90 89.47 126581
34100 92 79.08666666666667 15 9.77 90 89.55833333333334 127561
34600 95 81 15 8.795 90 89.225 131282
35100 95 82.70666666666666 15 8.26 90 89.585 131282
35600 97 83.27666666666667 15 8.168333333333333 90 89.67166666666667 132276
36100 97 84.78 15 7.843333333333334 90 89.80833333333334 135877
36600 97 85.19666666666667 15 8.255 90 89.77 135882
37100 97 85.60666666666667 15 8.716666666666667 90 89.55666666666667 137332
37600 101 85.92666666666666 15 9.246666666666666 90 89.67 139695
38100 101 85.91166666666666 15 10.285 90 89.66833333333334 141045
38600 101 85.355 15 11.486666666666666 90 89.77833333333334 141767
39100 101 85.32 15 12.113333333333333 90 89.70833333333333 141771
39600 101 86.14333333333333 15 12.031666666666666 90 89.84833333333333 141962
40100 101 87.03333333333333 15 11.528333333333334 90 89.80333333333333 141967
40600 101 87.815 15 11.158333333333333 90 89.46666666666667 142076
41100 101 88.87833333333333 15 11.735 90 89.64666666666666 143531
41600 101 89.825 15 12.113333333333333 90 89.57833333333333 143534
42100 101 91.16166666666666 15 12.31 90 89.21 144247
42600 101 92.61833333333334 15 12.976666666666667 90 89.22833333333334 144618
43100 101 93.625 15 13.451666666666666 90 89.12833333333333 144711
43600 101 93.905 15 13.781666666666666 90 89.10333333333334 144804
44100 101 93.96166666666667 15 13.97 90 89.105 145531
44600 101 94.09666666666666 15 14.208333333333334 90 89.03 145628
45100 101 94.07166666666667 15 14.583333333333334 90 89.03833333333333 145806
45600 101 93.995 15 14.713333333333333 90 88.875 145810
46100 101 94.25 15 14.63 90 89.085 146260
46600 101 94.11166666666666 15 14.59 90 89.01666666666667 147213
47100 101 94.22833333333334 15 14.853333333333333 90 89.26333333333334 147213
47600 101 94.20833333333333 15 14.881666666666666 90 89.47166666666666 147213
48100 101 94.22 15 14.896666666666667 90 89.74166666666666 147309
48600 101 94.22833333333334 15 14.91 90 89.91333333333333 147309
49100 101 94.30166666666666 15 14.913333333333334 90 89.92833333333333 147309
49600 101 94.57166666666667 15 14.858333333333333 90 89.92666666666666 147309
50100 101 95.1 15 14.785 90 89.93333333333334 148389
50600 101 96.22 15 14.603333333333333 90 89.92 148389
51100 101 97.77833333333334 15 14.355 90 89.93166666666667 148389
51600 101 98.73666666666666 15 14.251666666666667 90 89.95833333333333 148389
52100 101 98.82 15 14.255 90 89.96166666666667 148413
52600 102 98.85666666666667 15 14.25 90 89.925 149927
53100 102 98.91 15 14.268333333333333 90 89.90666666666667 149928
53600 102 98.925 15 14.261666666666667 90 89.90666666666667 149928
54100 102 98.99833333333333 15 14.283333333333333 90 89.87 149928
54600 102 99.045 15 14.313333333333333 90 89.86333333333333 149928
55100 102 99.21666666666667 15 14.39 90 89.815 149936
55600 102 99.445 15 14.593333333333334 90 89.73166666666667 149945
56100 103 99.695 16 14.846666666666666 90 89.655 160528
56600 103 99.55166666666666 16 14.923333333333334 90 89.31 160583
57100 103 100.12666666666667 16 14.986666666666666 90 89.61333333333333 160773
57600 103 100.45333333333333 16 14.973333333333333 90 89.655 160871
58100 103 100.87166666666667 16 14.97 90 89.74166666666666 160879
58600 103 101.145 16 14.965 90 89.80833333333334 160886
59100 103 101.24666666666667 16 15.051666666666666 90 89.77 160886
59600 103 101.52333333333333 16 15.075 90 89.69166666666666 160886
60100 103 101.965 16 15.121666666666666 90 89.53833333333333 160888
60600 104 102.235 16 15.166666666666666 90 89.30833333333334 161908
61100 104 102.79 16 15.248333333333333 90 89.45333333333333 161932
61600 104 102.75 16 15.311666666666667 90 89.45333333333333 161932
62100 104 102.98666666666666 16 15.446666666666667 90 89.72666666666667 161980
62600 104 102.80833333333334 16 15.56 90 89.66666666666667 161980
63100 104 103.00166666666667 16 15.803333333333333 90 89.905 162158
63600 104 103.00666666666666 16 15.946666666666667 90 89.98666666666666 162158
64100 104 103.00333333333333 16 15.985 90 89.99833333333333 162071
64600 104 103.00166666666667 16 15.993333333333334 90 89.99833333333333 162071
65100 104 103.00166666666667 16 15.993333333333334 90 90 162071
65600 104 103.00166666666667 16 15.993333333333334 90 90 162071
66100 104 103.00333333333333 16 15.986666666666666 90 89.99833333333333 162071
66600 104 103.00166666666667 16 15.993333333333334 90 90 162071
67100 104 102.99833333333333 16 15.993333333333334 90 90 162071
67600 104 103.00166666666667 16 15.993333333333334 90 90 162071
68100 103 102.82666666666667 16 15.956666666666667 90 89.84833333333333 160888
68600 104 103.00166666666667 16 15.993333333333334 90 89.99166666666666 162006
69100 103 103 16 16 90 90 160888
69600 104 103.00166666666667 16 15.998333333333333 90 89.98833333333333 162232
70100 104 102.99333333333334 16 15.996666666666666 90 89.98833333333333 162232
70600 104 103.00166666666667 16 15.995 90 89.98833333333333 162232
71100 104 102.65333333333334 16 15.94 90 89.68166666666667 162232
71600 104 103.00166666666667 16 15.998333333333333 90 89.98666666666666 162232
72100 103 103 16 16 90 90 160888
72600 104 103.00166666666667 16 15.998333333333333 90 90 162344
73100 103 103 16 16 90 90 160888
73600 104 103.00166666666667 16 15.995 90 90 162162
74100 103 103 16 16 90 90 160888
74600 104 103.00166666666667 16 15.99 90 89.99666666666667 161867
75100 104 103.00166666666667 16 15.991666666666667 90 89.99833333333333 161968
75600 104 103.00166666666667 16 15.991666666666667 90 89.99833333333333 161968
76100 104 102.82833333333333 16 15.963333333333333 90 89.84666666666666 161968
76600 104 103.00166666666667 16 15.991666666666667 90 90 161980
77100 103 103 16 16 90 90 160888
77600 104 103.00333333333333 16 15.973333333333333 90 89.99833333333333 161974
78100 104 103.005 16 15.966666666666667 90 89.99666666666667 161975
78600 104 103.005 16 15.971666666666666 90 89.99666666666667 161978
79100 103 103 16 16 90 90 160888
79600 104 103.00166666666667 16 15.988333333333333 90 90 161798
80100 104 103.00166666666667 16 15.991666666666667 90 89.99833333333333 161980
80600 103 103 16 16 90 90 160888
81100 104 102.99 16 15.991666666666667 90 89.99833333333333 161968
81600 104 103.00333333333333 16 15.983333333333333 90 89.99666666666667 161968
82100 104 102.83166666666666 16 15.945 90 89.84166666666667 161968
82600 104 103.00166666666667 16 15.996666666666666 90 89.99833333333333 162238
83100 104 103.00333333333333 16 15.993333333333334 90 89.99666666666667 162238
83600 104 103.00333333333333 16 15.993333333333334 90 89.99666666666667 162238
84100 104 103.00333333333333 16 15.993333333333334 90 89.99666666666667 162238
84600 104 103.00333333333333 16 15.993333333333334 90 89.99666666666667 162238
85100 104 103.00166666666667 16 15.996666666666666 90 90 162253
85600 103 103 16 16 90 90 160888
86100 103 102.99333333333334 16 16 90 89.98833333333333 160888
86600 104 103.00166666666667 16 15.99 90 89.99166666666666 161944
87100 104 103.00166666666667 16 15.993333333333334 90 89.99833333333333 162253
87600 104 103.00166666666667 16 15.996666666666666 90 90 162253
88100 104 103.00166666666667 16 15.996666666666666 90 90 162253
88600 103 103 16 16 90 90 160888
89100 104 103.00166666666667 16 15.976666666666667 90 90 161616
89600 104 103.00166666666667 16 15.993333333333334 90 89.99833333333333 162058
90100 104 103.00166666666667 16 15.986666666666666 90 90 161707
90600 103 103 16 16 90 90 160888
91100 103 102.99166666666666 16 15.993333333333334 90 89.995 160888
91600 104 103.00166666666667 16 15.988333333333333 90 90 161798
92100 104 102.96666666666667 16 15.978333333333333 90 89.99333333333334 161798
92600 104 103.00166666666667 16 15.99 90 89.99333333333334 161845
93100 104 103.00166666666667 16 15.998333333333333 90 89.99333333333334 162280
93600 104 103.00333333333333 16 15.983333333333333 90 89.99166666666666 162304
94100 104 103.005 16 15.991666666666667 90 89.99166666666666 162435
94600 105 103.01166666666667 16 15.996666666666666 90 89.99666666666667 163982
95100 105 103.025 16 15.996666666666666 90 89.99166666666666 163982
95600 105 103.05666666666667 16 15.996666666666666 90 90 163982
96100 105 103.12833333333333 16 16 90 89.99666666666667 163982
96600 105 103.305 16 15.988333333333333 90 89.995 163982
97100 105 103.65666666666667 16 15.985 90 89.98333333333333 163982
97600 106 103.95166666666667 16 15.968333333333334 90 89.82 165310
98100 106 104.55166666666666 16 15.998333333333333 90 89.98666666666666 165478
98600 106 104.67333333333333 16 15.971666666666666 90 89.83666666666667 165478
99100 105 104.995 16 16 90 90 163982
99600 106 105.00333333333333 16 15.988333333333333 90 89.99833333333333 165529
100100 106 104.83 16 15.948333333333334 90 89.845 165529