600 41.56666666666667 -30.45038888888889 -38.766666666666666 -49.98127777777778 0.0002777777777777778 
1100 55.84712979704131 -4.4224513522629385 -12.4 -49.919333333333334 0.0011666666666666668 
1600 66.62762630773157 12.259435415332499 25.4 -49.70672222222222 0.003999999999999998 
2100 77.76896319561938 26.260629678344873 44.46666666666667 -49.45938888888889 0.006555555555555556 
2600 85.02496287763886 38.89667349855097 53.03333333333333 -49.176222222222215 0.009055555555555556 
3100 92.23132418271386 49.99693013890185 62.86666666666667 -49.093 0.008944444444444446 
3600 97.81087548466346 59.87190448516819 70.73333333333333 -48.9848888888889 0.009277777777777777 
4100 103.96850884601785 68.75494363381874 77.9 -49.12044444444444 0.0073888888888888875 
4600 110.11939347763811 77.00920553666028 86.83333333333333 -49.12033333333332 0.006833333333333331 
5100 115.27363683464635 84.7169985086106 89.53333333333333 -49.04016666666667 0.0070555555555555545 
5600 119.0549374669372 91.85105892643897 96.6 -49.033111111111104 0.006722222222222223 
6100 123.27105135952957 98.38996801001996 95.06666666666666 -49.08216666666667 0.006111111111111111 
6600 127.55674595893207 104.41927684611365 94.93333333333334 -48.982499999999995 0.006555555555555555 
7100 131.24273870898318 110.05027142417858 105.33333333333333 -49.05688888888889 0.005888888888888888 
7600 134.1642486535942 115.22359360879318 97.9 -49.21777777777778 0.004722222222222222 
8100 137.91741910330083 119.95659282910911 76.7 -49.326444444444434 0.003999999999999999 
8600 141.1659936115962 124.31247470454728 79.06666666666666 -49.41733333333334 0.0033888888888888888 
9100 143.00813595361453 128.3322071918412 57.266666666666666 -49.636388888888895 0.0020555555555555557 
9600 145.87172915745853 131.90836418822659 28.666666666666668 -49.79016666666668 0.0011666666666666668 
10100 147.88785571813162 135.16798055229006 17.766666666666666 -49.815833333333345 0.001 
10600 150.14257074501074 138.08373839131767 32.266666666666666 -49.759722222222216 0.0012777777777777776 
11100 151.94684384726335 140.8279543769057 26.966666666666665 -49.755944444444445 0.0012777777777777776 
11600 153.90394389086174 143.31738155536866 34.166666666666664 -49.69977777777778 0.0015555555555555553 
12100 155.30411184290475 145.5582798750458 28.5 -49.729166666666664 0.0013888888888888887 
12600 156.22698245351236 147.5673866180067 9.266666666666667 -49.73877777777777 0.0013333333333333333 
13100 157.42965478942708 149.37926615052092 -3.9 -49.793388888888884 0.0010555555555555555 
13600 159.0712506777401 151.02538512267898 -3.4 -49.792611111111114 0.0010555555555555555 
14100 160.44375249755032 152.56794052747293 -16.7 -49.793444444444454 0.0010555555555555557 
14600 161.2196557265432 154.01109130638935 -16.066666666666666 -49.8015 0.001 
15100 162.1055577069176 155.33837610792554 -2.1333333333333333 -49.828833333333336 0.0008333333333333334 
15600 162.99167409325236 156.59449452157497 4.8 -49.782666666666664 0.0010555555555555557 
16100 163.88610525618662 157.762709521384 -1.7666666666666666 -49.73605555555556 0.0012777777777777779 
16600 164.89818586360778 158.85496441561898 -1.6333333333333333 -49.723555555555556 0.001333333333333333 
17100 165.89660466992092 159.89096080846653 -15.266666666666667 -49.72322222222222 0.0013333333333333333 
17600 166.44618661005566 160.87154930080985 -15.1 -49.780499999999996 0.0010555555555555557 
18100 167.39888269907658 161.82680293913756 -14.733333333333333 -49.699 0.0014444444444444446 
18600 167.84153327429692 162.7425185882671 -21.633333333333333 -49.63894444444445 0.0017222222222222222 
19100 168.30341038740588 163.6139572325001 -6.933333333333334 -49.71827777777778 0.0013333333333333333 
19600 168.8905952790956 164.41518803847572 7.533333333333333 -49.78577777777778 0.001 
20100 169.28992015466991 165.14357650046668 14.866666666666667 -49.77261111111111 0.0010555555555555557 
20600 169.66018034902547 165.83807991430527 21.633333333333333 -49.5225 0.0022222222222222222 
21100 170.1253174672629 166.4875190915716 21.733333333333334 -49.151500000000006 0.003944444444444445 
21600 170.6189162837508 167.1033309479334 14.7 -48.55227777777778 0.006722222222222222 
22100 170.9052393886583 167.70069251596664 7.566666666666666 -48.02116666666667 0.009166666666666667 
22600 171.30597330088904 168.25967103121582 22.333333333333332 -47.427 0.011888888888888888 
23100 171.70419380382558 168.77885413420242 15.233333333333333 -46.71861111111111 0.01511111111111111 
23600 172.00128307351318 169.27568990542255 15.466666666666667 -45.84977777777778 0.019055555555555555 
24100 172.44213985019667 169.73947110322965 38.0 -44.71127777777778 0.024222222222222225 
24600 172.71331027765126 170.16859258796083 30.733333333333334 -43.72366666666667 0.028666666666666667 
25100 172.8590206987117 170.57609651883251 38.6 -44.06872222222221 0.02705555555555555 
25600 173.19852301131547 170.9540718149673 45.8 -45.028222222222226 0.022611111111111106 
26100 173.45338307802572 171.298685413368 45.766666666666666 -43.898555555555554 0.02761111111111111 
26600 173.56087778061692 171.6265388290718 45.8 -40.159722222222214 0.044444444444444446 
27100 173.76277317522047 171.9510767141428 60.833333333333336 -35.29672222222222 0.06638888888888889 
27600 173.90325694105064 172.25938748582448 53.46666666666667 -30.261611111111108 0.0891111111111111 
28100 174.02801484582116 172.5593429118254 60.86666666666667 -28.094388888888886 0.09899999999999999 
28600 174.12076252453423 172.8405692374275 61.2 -27.540777777777773 0.10166666666666666 
29100 174.30500149269938 173.09766658813268 76.26666666666667 -25.70794444444444 0.11000000000000001 
29600 174.4333905275753 173.30995062697426 83.86666666666666 -23.7135 0.11888888888888888 
30100 174.49011369039422 173.49561467159907 83.86666666666666 -20.151111111111113 0.1345555555555556 
30600 174.64059743541338 173.67750642715234 84.0 -15.860833333333334 0.15344444444444447 
31100 174.68902007101522 173.84304763164332 98.96666666666667 -9.292944444444442 0.18288888888888893 
31600 174.80604998623375 174.00745199255658 91.8 0.6575555555555568 0.2276111111111111 
32100 174.84465770090185 174.15813080763283 99.43333333333334 10.393277777777778 0.2711111111111111 
32600 175.00489672616942 174.28019485481482 92.06666666666666 18.266944444444444 0.306111111111111 
33100 175.08025052806175 174.39389117968543 92.1 26.64888888888889 0.34322222222222215 
33600 175.13824423600533 174.49774112308248 107.2 33.70122222222223 0.3743333333333334 
34100 175.22935604036877 174.59886866162228 114.66666666666667 39.34122222222222 0.3991666666666668 
34600 175.31134231593785 174.70119106111184 114.7 43.57772222222222 0.4177777777777779 
35100 175.35762833415814 174.80777175405632 114.7 45.35733333333333 0.42561111111111105 
35600 175.44117458478019 174.91500041114523 122.13333333333334 45.2423888888889 0.42488888888888887 
36100 175.60839959933807 175.01822896298432 122.1 46.211111111111116 0.4288888888888888 
36600 175.66383070922774 175.10941592625937 114.66666666666667 50.93277777777777 0.4496666666666666 
37100 175.70705014040186 175.1961451042266 107.26666666666667 58.62616666666668 0.48377777777777786 
37600 175.79102829393076 175.28130639796888 122.46666666666667 66.37455555555557 0.5182222222222221 
38100 175.82708969450542 175.36040999311777 130.13333333333333 68.59616666666666 0.5281666666666667 
38600 175.8983472214868 175.43417900565086 130.16666666666666 69.46772222222222 0.5319999999999998 
39100 175.91849754508362 175.50396774419207 130.16666666666666 72.94488888888891 0.5472777777777778 
39600 175.95328708213836 175.55729352877518 130.16666666666666 78.20505555555557 0.5704444444444444 
40100 176.056708469745 175.61746639385632 130.16666666666666 81.54494444444444 0.5849444444444445 
40600 176.1612601485087 175.69612117851835 130.16666666666666 85.36511111111109 0.6014444444444443 
41100 176.2202058609245 175.76516205633914 130.36666666666667 90.6923888888889 0.6246111111111112 
41600 176.26991343765005 175.8232132236017 130.4 92.08255555555556 0.6302777777777778 
42100 176.3098139688474 175.88603525596588 130.43333333333334 90.95716666666667 0.6248333333333334 
42600 176.34567345322714 175.9541458131293 130.43333333333334 89.09222222222225 0.6161666666666668 
43100 176.45646388028672 176.02024304688504 122.9 87.08933333333333 0.607111111111111 
43600 176.50059245801222 176.08750862585578 115.43333333333334 83.2906111111111 0.590388888888889 
44100 176.5179676178515 176.15282166255776 107.83333333333333 77.77838888888887 0.5662222222222223 
44600 176.5984942182948 176.21263750045787 107.86666666666666 72.42611111111113 0.5428888888888889 
45100 176.66068528404782 176.27701078610787 100.36666666666666 68.47150000000002 0.5256666666666667 
45600 176.66403942072245 176.3351300398946 92.83333333333333 66.344 0.5163333333333333 
46100 176.7012522914155 176.38872184082965 77.56666666666666 64.597 0.5085555555555555 
46600 176.79656340072046 176.43925940231782 77.6 63.05705555555555 0.5016666666666666 
47100 176.8472414299735 176.48923397777065 85.23333333333333 62.25166666666667 0.4982222222222222 
47600 176.92050647920814 176.53785319920294 92.83333333333333 59.07994444444445 0.48416666666666663 
48100 176.93484215189693 176.580173505102 85.33333333333333 54.56555555555555 0.4638333333333334 
48600 176.95040026956335 176.6192802630998 85.33333333333333 51.169777777777774 0.4484444444444444 
49100 176.95056302967197 176.65689000777883 85.33333333333333 50.740333333333325 0.4463888888888889 
49600 177.00156758570031 176.70212074076295 100.63333333333334 54.11922222222223 0.4613333333333334 
50100 177.04090101428767 176.75257285668357 108.43333333333334 60.58111111111111 0.4899444444444443 
50600 177.0536436819962 176.80099844500592 108.43333333333334 68.88627777777778 0.5268333333333334 
51100 177.1321080260105 176.84801681304694 108.5 76.35144444444445 0.5600555555555555 
51600 177.153711307056 176.89587810114386 108.5 82.32166666666666 0.5863888888888888 
52100 177.17479730931376 176.93481339386824 108.5 88.45077777777777 0.6131666666666666 
52600 177.20291889871297 176.97750268415396 108.5 96.36766666666666 0.6476111111111111 
53100 177.2368347896534 177.00339963065935 108.53333333333333 102.48750000000003 0.6741666666666666 
53600 177.27812616755008 177.03056456323682 108.53333333333333 105.7845 0.6883333333333332 
54100 177.33276000573116 177.06313946500822 108.56666666666666 106.51349999999998 0.6913333333333334 
54600 177.33362552570594 177.1073271060209 116.26666666666667 106.055 0.6891666666666667 
55100 177.34752362616328 177.1459449704877 116.26666666666667 106.7545 0.6922222222222222 
55600 177.3715585584061 177.17353324907873 116.26666666666667 106.43138888888889 0.6907777777777777 
56100 177.3954915491843 177.19672798873594 116.3 104.56055555555555 0.6824444444444445 
56600 177.45017262740765 177.2377488409042 124.0 101.10544444444444 0.6670555555555555 
57100 177.4508448394313 177.2818341530986 124.0 94.82211111111111 0.6391111111111111 
57600 177.53295997753398 177.31948169251757 139.33333333333334 88.83722222222222 0.6124444444444443 
58100 177.54771836587864 177.34446431434688 146.96666666666667 86.19255555555556 0.6006666666666667 
58600 177.59051133820046 177.36841504538475 139.63333333333333 86.3783888888889 0.6014444444444446 
59100 177.6046055958258 177.38720225647862 139.46666666666667 87.13355555555555 0.6047222222222222 
59600 177.6432185655727 177.4145435300675 139.46666666666667 89.32866666666665 0.6142222222222221 
60100 177.72974288699552 177.43887764663745 139.5 93.30216666666665 0.6314444444444443 
60600 177.72974288699552 177.46738138398499 139.5 99.88616666666667 0.6599999999999999 
61100 177.77638594972083 177.495828562534 147.16666666666666 107.25633333333332 0.6918888888888889 
61600 177.78787524619034 177.53165263261326 147.2 114.6775 0.7238888888888888 
62100 177.8533589781692 177.57313025708942 147.23333333333332 118.4395 0.7398888888888888 
62600 177.89886276648105 177.61967697704148 154.9 120.4008888888889 0.7483333333333334 
63100 177.91226839244698 177.6617719810074 147.5 123.04005555555554 0.7598888888888891 
63600 177.91303848188554 177.6998425565953 147.5 125.80083333333332 0.7716666666666667 
64100 177.9364063316758 177.73750555529486 147.6 129.5936111111111 0.7878333333333333 
64600 177.93661019983753 177.77162931569632 147.6 132.49766666666667 0.8003333333333332 
65100 177.96994353317086 177.81390192468558 147.63333333333333 134.84005555555555 0.8104444444444445 
65600 177.96994353317086 177.85360880017 147.63333333333333 136.31088888888888 0.8166111111111113 
66100 178.03450229180638 177.88777096756903 147.66666666666666 138.4935 0.8260000000000001 
66600 178.09204241779437 177.90982123121373 147.7 140.59061111111112 0.8352777777777778 
67100 178.0921596444653 177.9203487747375 147.7 143.27950000000004 0.8473333333333334 
67600 178.09241319650255 177.9245801150012 147.7 145.46599999999998 0.8571666666666666 
68100 178.09241319650255 177.92891681402327 147.7 146.48761111111114 0.8617222222222225 
68600 178.09241319650255 177.93363226111754 147.7 146.51444444444445 0.8618333333333335 
69100 178.10586531633277 177.9349570006533 155.2 145.94938888888885 0.8592777777777775 
69600 178.10586531633277 177.94369451269225 155.2 145.04638888888888 0.8551666666666666 
70100 178.11551489908194 177.96322868816426 155.2 143.42433333333335 0.8477777777777781 
70600 178.13795975001756 177.99042302313742 155.2 141.4486111111111 0.8387222222222223 
71100 178.1566382298566 178.01981611730739 162.66666666666666 139.6618333333334 0.8305555555555558 
71600 178.18230441640267 178.05455950987155 155.33333333333334 140.5296111111111 0.8343333333333335 
72100 178.2264723403727 178.08826858574528 155.33333333333334 143.59983333333332 0.847888888888889 
72600 178.2265231121572 178.11732629375499 155.33333333333334 146.38594444444442 0.8601666666666667 
73100 178.2265231121572 178.13077850119933 155.33333333333334 146.97138888888892 0.8627222222222224 
73600 178.22660835026642 178.14126201035523 155.33333333333334 146.89761111111113 0.8623888888888891 
74100 178.24564280805663 178.15307786704983 155.33333333333334 147.1795555555556 0.8636111111111112 
74600 178.25868851730212 178.16930034936416 162.9 148.51588888888892 0.8695000000000005 
75100 178.25895572119933 178.1771198329378 170.36666666666667 149.41049999999998 0.8735 
75600 178.27909288407335 178.1881895554071 162.9 149.27283333333338 0.8728888888888892 
76100 178.3009615826173 178.19781704807866 162.9 148.2538888888889 0.8683333333333335 
76600 178.34193761757504 178.2056784845643 162.9 147.06694444444443 0.8630555555555557 
77100 178.3801581222473 178.21121747491054 155.5 146.46194444444444 0.8604444444444448 
77600 178.3937705723793 178.21940272315138 155.56666666666666 145.62511111111112 0.8568888888888889 
78100 178.39402618906354 178.22837180771504 155.56666666666666 144.63044444444446 0.8526666666666666 
78600 178.3947212834351 178.2393833107372 155.56666666666666 144.51716666666667 0.8522777777777779 
79100 178.39483708762822 178.25127411166798 147.9 142.7977777777778 0.8447777777777776 
79600 178.40660742095187 178.26695471008054 147.9 140.57788888888888 0.8350555555555558 
80100 178.46298466941192 178.2929160323807 147.9 139.38666666666666 0.8297777777777778 
80600 178.52304217391918 178.32777584792822 147.9 139.95950000000002 0.8321666666666669 
81100 178.60684393918598 178.3558510578028 163.1 142.3467777777778 0.8425 
81600 178.62057363319713 178.3723483082122 163.13333333333333 145.172 0.8547777777777779 
82100 178.63345489538895 178.38790578097755 163.13333333333333 146.77038888888893 0.8617222222222225 
82600 178.63406204755842 178.41073231577042 163.13333333333333 146.8533888888889 0.8620555555555556 
83100 178.64722333785406 178.4342597633062 170.8 146.65777777777777 0.8611666666666665 
83600 178.64762003817697 178.46563695455376 163.3 146.66294444444446 0.8611111111111113 
84100 178.71029504436754 178.5026701342075 163.3 146.6837222222222 0.8610555555555556 
84600 178.73777194260722 178.54057360739878 163.33333333333334 145.85283333333334 0.8571666666666667 
85100 178.76232080780878 178.5745377985407 163.33333333333334 141.88422222222218 0.8395555555555557 
85600 178.7754370769435 178.5980243195733 163.33333333333334 135.2273888888889 0.8102222222222223 
86100 178.77622720051917 178.61889205340742 163.33333333333334 129.6511111111111 0.7856111111111111 
86600 178.77670661261564 178.65135077620965 155.76666666666668 129.5148333333333 0.784888888888889 
87100 178.84389065014815 178.684828647185 140.53333333333333 132.60966666666667 0.7983888888888887 
87600 178.85786074522656 178.71404799673095 148.2 135.1893333333333 0.8097222222222222 
88100 178.85802560258563 178.73334673215012 148.2 137.6040555555556 0.8203888888888891 
88600 178.85840643351614 178.75446833045515 148.2 139.90822222222224 0.8305555555555557 
89100 178.85848336844876 178.77007573245632 148.2 140.96294444444445 0.8351666666666666 
89600 178.85848336844876 178.78827182655675 148.2 142.12416666666667 0.8401666666666668 
90100 178.85861783022148 178.8080335027679 148.2 142.77511111111113 0.8428888888888887 
90600 178.871415380961 178.82609466298794 148.2 141.8618888888889 0.8387777777777778 
91100 178.88129678715956 178.83946394386834 148.2 140.43744444444442 0.8324999999999999 
91600 178.8927666262812 178.84561993493128 148.2 140.22588888888887 0.8315555555555557 
92100 178.89284424841884 178.84792937835346 140.63333333333333 140.08683333333335 0.8309444444444446 
92600 178.89284424841884 178.84847305885472 140.63333333333333 140.11166666666665 0.8310555555555555 
93100 178.91247032865266 178.84695660178005 140.63333333333333 140.02283333333335 0.8306666666666666 
93600 178.91247032865266 178.85226009061947 140.63333333333333 140.1243888888889 0.831111111111111 
94100 178.91247032865266 178.85526708645116 140.63333333333333 140.08522222222226 0.8309444444444445 
94600 178.91247032865266 178.85797713371053 140.63333333333333 139.9087777777778 0.8301666666666668 
95100 178.93877643505436 178.86588266987917 140.63333333333333 139.98616666666666 0.8305 
95600 178.96371222242678 178.87465976814232 155.9 139.7315 0.8293888888888888 
96100 178.96388927497563 178.88318587936695 155.9 139.4021111111111 0.8279444444444445 
96600 178.96402361359202 178.88823278240554 155.9 138.65677777777776 0.8246666666666667 
97100 178.96402361359202 178.8906525143234 155.9 137.12466666666666 0.8179444444444446 
97600 178.9835745609839 178.9018538017376 155.9 135.63294444444443 0.8113888888888888 
98100 179.01685188212343 178.91075905082616 155.9 136.55655555555555 0.8153888888888889 
98600 179.01688094712415 178.9195292473941 148.3 141.05883333333335 0.8350555555555558 
99100 179.01729057075752 178.92268866173694 148.3 145.1657777777778 0.853 
99600 179.01765577312662 178.93142578660328 148.3 147.2778888888889 0.8622222222222223 
100100 179.02410440968896 178.93361367673202 148.3 147.0932777777778 0.8614444444444446 
