35
20
m 0 19
0 34 0
1 0 0
2 34 19
w 0 9
w 0 10
w 1 1
w 1 2
w 1 4
w 1 5
w 1 6
w 1 7
w 1 9
w 1 10
w 1 12
w 1 13
w 1 14
w 1 16
w 1 17
w 1 18
w 2 1
w 2 2
w 2 4
w 2 5
w 2 6
w 2 7
w 2 9
w 2 10
w 2 18
w 3 1
w 3 2
w 3 4
w 3 5
w 3 12
w 3 14
w 3 16
w 3 18
w 4 1
w 4 2
w 4 4
w 4 5
w 4 7
w 4 9
w 4 10
w 4 12
w 4 14
w 4 16
w 4 18
w 5 1
w 5 2
w 5 7
w 5 9
w 5 10
w 5 12
w 5 14
w 5 16
w 5 18
w 6 1
w 6 2
w 6 4
w 6 5
w 6 7
w 6 12
w 6 14
w 6 16
w 6 18
w 7 4
w 7 5
w 7 7
w 7 8
w 7 10
w 7 12
w 7 14
w 7 16
w 8 1
w 8 2
w 8 4
w 8 5
w 8 7
w 8 8
w 8 10
w 8 12
w 8 16
w 8 18
w 9 1
w 9 8
w 9 10
w 9 12
w 9 14
w 9 16
w 9 18
w 10 1
w 10 3
w 10 4
w 10 6
w 10 8
w 10 10
w 10 12
w 10 14
w 10 16
w 10 18
w 11 1
w 11 3
w 11 4
w 11 6
w 11 14
w 11 16
w 11 18
w 12 1
w 12 3
w 12 4
w 12 6
w 12 8
w 12 9
w 12 10
w 12 11
w 12 12
w 12 14
w 12 18
w 13 1
w 13 6
w 13 14
w 13 16
w 13 18
w 14 1
w 14 3
w 14 5
w 14 6
w 14 8
w 14 10
w 14 12
w 14 14
w 14 16
w 14 18
w 15 1
w 15 3
w 15 5
w 15 6
w 15 8
w 15 10
w 15 12
w 15 14
w 15 16
w 15 18
w 16 3
w 16 5
w 16 6
w 16 8
w 16 10
w 16 12
w 17 0
w 17 1
w 17 2
w 17 3
w 17 8
w 17 12
w 17 13
w 17 15
w 17 16
w 17 18
w 17 19
w 18 3
w 18 5
w 18 6
w 18 8
w 18 10
w 18 12
w 19 1
w 19 3
w 19 5
w 19 6
w 19 8
w 19 10
w 19 12
w 19 14
w 19 16
w 19 18
w 20 1
w 20 3
w 20 5
w 20 6
w 20 8
w 20 10
w 20 12
w 20 14
w 20 16
w 20 18
w 21 1
w 21 6
w 21 14
w 21 16
w 21 18
w 22 1
w 22 3
w 22 4
w 22 6
w 22 8
w 22 9
w 22 10
w 22 11
w 22 12
w 22 14
w 22 18
w 23 1
w 23 3
w 23 4
w 23 6
w 23 14
w 23 16
w 23 18
w 24 1
w 24 3
w 24 4
w 24 6
w 24 8
w 24 10
w 24 12
w 24 14
w 24 16
w 24 18
w 25 1
w 25 8
w 25 10
w 25 12
w 25 14
w 25 16
w 25 18
w 26 1
w 26 2
w 26 4
w 26 5
w 26 7
w 26 8
w 26 10
w 26 12
w 26 16
w 26 18
w 27 4
w 27 5
w 27 7
w 27 8
w 27 10
w 27 12
w 27 14
w 27 16
w 28 1
w 28 2
w 28 4
w 28 5
w 28 7
w 28 12
w 28 14
w 28 16
w 28 18
w 29 1
w 29 2
w 29 7
w 29 9
w 29 10
w 29 12
w 29 14
w 29 16
w 29 18
w 30 1
w 30 2
w 30 4
w 30 5
w 30 7
w 30 9
w 30 10
w 30 12
w 30 14
w 30 16
w 30 18
w 31 1
w 31 2
w 31 4
w 31 5
w 31 12
w 31 14
w 31 16
w 31 18
w 32 1
w 32 2
w 32 4
w 32 5
w 32 6
w 32 7
w 32 9
w 32 10
w 32 18
w 33 1
w 33 2
w 33 4
w 33 5
w 33 6
w 33 7
w 33 9
w 33 10
w 33 12
w 33 13
w 33 14
w 33 16
w 33 17
w 33 18
w 34 9
w 34 10
p 7 17
p 22 17
p 30 0
p 14 13
p 5 19
p 13 8
p 29 4
p 13 17
p 21 0
p 21 9
p 27 6
p 3 6
p 19 2
p 3 15
p 19 11
p 11 7
p 1 8
p 34 5
p 34 14
p 17 7
p 9 3
p 0 0
p 15 0
p 32 16
p 33 15
p 15 9
p 6 6
p 25 11
p 16 17
p 32 19
p 31 8
p 22 5
p 31 17
p 23 13
p 30 6
p 14 19
p 13 5
p 29 13
p 3 3
p 20 19
p 12 15
p 28 11
p 4 11
p 27 15
p 10 17
p 18 0
p 26 13
p 2 13
p 18 9
p 18 18
p 34 2
p 34 11
p 17 4
p 9 0
p 9 9
p 33 3
p 24 0
p 32 13
p 8 13
p 24 9
p 7 2
p 0 18
p 25 17
p 16 14
p 7 11
p 22 2
p 6 15
p 23 10
p 14 7
p 5 4
p 23 19
p 5 13
p 13 2
p 30 15
p 13 11
p 20 7
p 3 0
p 29 19
p 21 15
p 3 9
p 4 8
p 27 3
p 4 17
p 10 5
p 19 17
p 1 11
p 11 13
p 2 19
p 33 0
p 0 6
p 25 5
p 8 19
p 16 2
p 0 15
p 6 3
p 15 15
p 31 11
p 23 7
p 14 4
p 30 3
p 20 4
p 21 3
p 12 0
p 20 13
p 21 12
p 27 0
p 27 9
p 28 8
p 10 2
p 27 18
p 28 17
p 10 11
p 11 10
p 11 19
p 2 16
p 26 19
p 18 15
p 34 8
p 34 17
p 17 10
p 9 6
p 0 3
p 25 2
p 9 15
p 0 12
p 6 0
p 24 15
p 6 9
p 16 11
t 1750 0
m 0 18
0 34 1
1 0 1
2 34 18
t 1749 0.7751937984496124
m 0 18
0 34 2
1 0 0
2 34 17
t 1748 0.7751937984496124
m 0 19
0 34 3
1 0 1
2 34 18
t 1747 0.7751937984496124
m 0 19
0 34 2
1 0 2
2 34 17
t 1746 0.7751937984496124
m 1 19
0 34 3
1 0 1
2 34 18
t 1745 0.7751937984496124
m 2 19
0 34 4
1 0 0
2 34 19
t 1744 1.550387596899225
m 2 19
0 34 5
1 0 1
2 34 18
t 1743 1.550387596899225
m 1 19
0 34 6
1 0 2
2 34 19
t 1742 1.550387596899225
m 1 19
0 34 5
1 0 1
2 33 19
t 1741 1.550387596899225
m 2 19
0 34 4
1 0 2
2 34 19
t 1740 1.550387596899225
m 3 19
0 34 3
1 0 3
2 34 18
t 1739 1.550387596899225
m 3 19
0 34 4
1 1 3
2 34 17
t 1738 1.550387596899225
m 4 19
0 34 5
1 0 3
2 34 18
t 1737 1.550387596899225
m 5 19
0 34 4
1 0 2
2 34 19
t 1736 2.3255813953488373
m 6 19
0 34 3
1 0 3
2 33 19
t 1735 2.3255813953488373
m 7 19
0 33 3
1 0 2
2 32 19
t 1734 2.3255813953488373
m 8 19
0 34 3
1 0 1
2 31 19
t 1733 3.10077519379845
m 9 19
0 34 4
1 0 0
2 30 19
t 1732 3.10077519379845
m 8 19
0 34 3
1 1 0
2 31 19
t 1731 3.10077519379845
m 7 19
0 34 2
1 2 0
2 32 19
t 1730 3.10077519379845
m 7 19
0 34 1
1 3 0
2 33 19
t 1729 3.10077519379845
m 7 18
0 34 2
1 2 0
2 32 19
t 1728 3.10077519379845
m 7 17
0 34 1
1 3 0
2 31 19
t 1727 3.875968992248062
m 6 17
0 34 2
1 2 0
2 32 19
t 1726 3.875968992248062
m 5 17
0 34 3
1 3 0
2 31 19
t 1725 3.875968992248062
m 4 17
0 34 4
1 4 0
2 30 19
t 1724 4.651162790697675
m 4 17
0 34 5
1 5 0
2 31 19
t 1723 4.651162790697675
m 3 17
0 34 6
1 6 0
2 32 19
t 1722 4.651162790697675
m 2 17
0 34 5
1 7 0
2 31 19
t 1721 4.651162790697675
m 2 16
0 34 6
1 8 0
2 30 19
t 1720 5.426356589147287
m 2 15
0 34 5
1 7 0
2 31 19
t 1719 5.426356589147287
m 3 15
0 34 6
1 6 0
2 30 19
t 1718 6.2015503875969
m 2 15
0 34 7
1 7 0
2 29 19
t 1717 6.2015503875969
m 2 15
0 34 8
1 6 0
2 28 19
t 1716 6.2015503875969
m 2 14
0 33 8
1 7 0
2 27 19
t 1715 6.2015503875969
m 2 13
0 32 8
1 6 0
2 27 18
t 1714 6.976744186046512
m 3 13
0 33 8
1 5 0
2 27 19
t 1713 6.976744186046512
m 4 13
0 34 8
1 6 0
2 28 19
t 1712 6.976744186046512
m 5 13
0 33 8
1 5 0
2 29 19
t 1711 7.751937984496124
m 4 13
0 32 8
1 4 0
2 30 19
t 1710 7.751937984496124
m 3 13
0 31 8
1 3 0
2 31 19
t 1709 7.751937984496124
m 2 13
0 30 8
1 2 0
2 32 19
t 1708 7.751937984496124
m 3 13
0 29 8
1 3 0
2 31 19
t 1707 7.751937984496124
m 3 13
0 30 8
1 4 0
2 32 19
t 1706 7.751937984496124
m 4 13
0 31 8
1 5 0
2 33 19
t 1705 7.751937984496124
m 5 13
0 31 9
1 4 0
2 34 19
t 1704 7.751937984496124
m 4 13
0 31 10
1 5 0
2 33 19
t 1703 7.751937984496124
m 5 13
0 31 11
1 4 0
2 34 19
t 1702 7.751937984496124
m 4 13
0 30 11
1 5 0
2 34 18
t 1701 7.751937984496124
m 5 13
0 29 11
1 6 0
2 34 17
t 1700 7.751937984496124
m 6 13
0 30 11
1 5 0
2 34 18
t 1699 7.751937984496124
m 5 13
0 31 11
1 4 0
2 34 17
t 1698 7.751937984496124
m 4 13
0 30 11
1 5 0
2 34 16
t 1697 7.751937984496124
m 3 13
0 31 11
1 4 0
2 34 15
t 1696 7.751937984496124
m 2 13
0 30 11
1 3 0
2 34 14
t 1695 7.751937984496124
m 2 12
0 31 11
1 2 0
2 34 13
t 1694 7.751937984496124
m 2 11
0 31 10
1 3 0
2 34 12
t 1693 7.751937984496124
m 1 11
0 31 11
1 2 0
2 34 13
t 1692 8.527131782945736
m 0 11
0 30 11
1 1 0
2 34 12
t 1691 8.527131782945736
m 0 12
0 31 11
1 0 0
2 34 11
t 1690 9.30232558139535
m 0 13
0 30 11
1 0 1
2 34 12
t 1689 9.30232558139535
m 0 14
0 31 11
1 0 0
2 34 11
t 1688 9.30232558139535
m 0 15
0 32 11
1 1 0
2 33 11
t 1687 10.077519379844961
m 1 15
0 33 11
1 0 0
2 32 11
t 1686 10.077519379844961
m 2 15
0 32 11
1 1 0
2 33 11
t 1685 10.077519379844961
m 3 15
0 33 11
1 2 0
2 32 11
t 1684 10.077519379844961
m 4 15
0 34 11
1 1 0
2 32 12
t 1683 10.077519379844961
m 5 15
0 33 11
1 0 0
2 32 11
t 1682 10.077519379844961
m 6 15
0 34 11
1 1 0
2 32 12
t 1681 10.852713178294573
m 7 15
0 34 12
1 0 0
2 32 11
t 1680 10.852713178294573
m 8 15
0 34 13
1 0 1
2 32 12
t 1679 10.852713178294573
m 9 15
0 34 14
1 0 0
2 32 13
t 1678 11.627906976744185
m 9 15
0 34 13
1 1 0
2 32 14
t 1677 11.627906976744185
m 10 15
0 34 14
1 2 0
2 32 13
f 34 19
t 1676 11.627906976744185
m 10 15
0 34 13
1 3 0
2 31 13
t 1675 11.627906976744185
m 10 15
0 34 12
1 4 0
2 32 13
t 1674 11.627906976744185
m 10 15
0 34 13
1 5 0
2 32 14
t 1673 11.627906976744185
m 11 15
0 34 12
1 4 0
2 32 13
t 1672 11.627906976744185
m 12 15
0 34 11
1 5 0
2 32 12
t 1671 12.4031007751938
m 12 15
0 33 11
1 4 0
2 32 11
t 1670 12.4031007751938
m 11 15
0 32 11
1 3 0
2 32 12
t 1669 12.4031007751938
m 12 15
0 33 11
1 2 0
2 32 13
t 1668 12.4031007751938
m 12 16
0 34 11
1 1 0
2 32 14
t 1667 12.4031007751938
m 12 15
0 34 12
1 2 0
2 32 15
t 1666 12.4031007751938
m 11 15
0 34 13
1 3 0
2 31 15
t 1665 12.4031007751938
m 11 15
0 34 14
1 4 0
2 30 15
t 1664 12.4031007751938
m 11 15
0 34 15
1 5 0
2 31 15
t 1663 12.4031007751938
m 11 15
0 33 15
1 4 0
2 30 15
t 1662 12.4031007751938
m 12 15
0 32 15
1 5 0
2 29 15
t 1661 12.4031007751938
m 11 15
0 31 15
1 4 0
2 30 15
t 1660 12.4031007751938
m 10 15
0 30 15
1 3 0
2 31 15
t 1659 12.4031007751938
m 11 15
0 29 15
1 2 0
2 30 15
t 1658 12.4031007751938
m 12 15
0 28 15
1 3 0
2 29 15
t 1657 12.4031007751938
m 11 15
0 29 15
1 2 0
2 30 15
t 1656 12.4031007751938
m 10 15
0 30 15
1 3 0
2 29 15
t 1655 12.4031007751938
m 10 15
0 31 15
1 4 0
2 28 15
t 1654 12.4031007751938
m 10 15
0 32 15
1 3 0
2 27 15
t 1653 12.4031007751938
m 10 15
0 32 16
1 2 0
2 28 15
t 1652 12.4031007751938
m 11 15
0 32 15
1 1 0
2 29 15
t 1651 12.4031007751938
m 10 15
0 31 15
1 2 0
2 30 15
t 1650 12.4031007751938
m 11 15
0 32 15
1 1 0
2 29 15
t 1649 12.4031007751938
m 12 15
0 33 15
1 2 0
2 28 15
t 1648 12.4031007751938
m 12 16
0 34 15
1 3 0
2 29 15
t 1647 12.4031007751938
m 12 16
0 34 16
1 4 0
2 28 15
t 1646 12.4031007751938
m 12 17
0 34 17
1 3 0
2 27 15
t 1645 12.4031007751938
m 13 17
0 34 18
1 4 0
2 28 15
t 1644 13.178294573643411
m 12 17
0 34 17
1 3 0
2 29 15
t 1643 13.178294573643411
m 11 17
0 34 16
1 4 0
2 30 15
t 1642 13.178294573643411
m 10 17
0 34 15
1 5 0
2 31 15
t 1641 13.953488372093023
m 11 17
0 34 14
1 6 0
2 32 15
t 1640 13.953488372093023
m 11 17
0 34 13
1 5 0
2 31 15
t 1639 13.953488372093023
m 10 17
0 34 14
1 4 0
2 32 15
t 1638 13.953488372093023
m 11 17
0 34 13
1 5 0
2 31 15
t 1637 13.953488372093023
m 10 17
0 34 12
1 4 0
2 32 15
t 1636 13.953488372093023
m 9 17
0 34 13
1 3 0
2 32 16
t 1635 13.953488372093023
m 10 17
0 34 12
1 2 0
2 32 15
t 1634 13.953488372093023
m 11 17
0 34 13
1 3 0
2 32 16
t 1633 13.953488372093023
m 12 17
0 34 12
1 4 0
2 32 17
t 1632 13.953488372093023
m 12 16
0 34 11
1 5 0
2 31 17
t 1631 13.953488372093023
m 12 16
0 34 12
1 6 0
2 32 17
t 1630 13.953488372093023
m 12 16
0 34 13
1 7 0
2 32 16
t 1629 13.953488372093023
m 12 15
0 34 14
1 7 1
2 32 17
t 1628 13.953488372093023
m 12 16
0 34 13
1 7 2
2 31 17
t 1627 13.953488372093023
m 12 17
0 34 14
1 7 3
2 30 17
t 1626 13.953488372093023
m 12 16
0 34 13
1 7 2
2 31 17
t 1625 13.953488372093023
m 12 16
0 34 12
1 7 1
2 32 17
t 1624 13.953488372093023
m 12 17
0 34 13
1 7 0
2 32 16
t 1623 13.953488372093023
m 12 17
0 34 14
1 8 0
2 32 15
t 1622 13.953488372093023
m 13 17
0 34 15
1 9 0
2 32 16
t 1621 13.953488372093023
m 12 17
0 33 15
1 8 0
2 32 17
t 1620 13.953488372093023
m 11 17
0 34 15
1 7 0
2 31 17
t 1619 13.953488372093023
m 10 17
0 34 16
1 6 0
2 30 17
t 1618 13.953488372093023
m 9 17
0 34 15
1 5 0
2 31 17
t 1617 13.953488372093023
m 10 17
0 34 16
1 6 0
2 30 17
t 1616 13.953488372093023
m 10 17
0 34 15
1 5 0
2 29 17
t 1615 13.953488372093023
m 10 17
0 34 14
1 4 0
2 28 17
t 1614 13.953488372093023
m 11 17
0 34 15
1 5 0
2 29 17
t 1613 13.953488372093023
m 12 17
0 34 14
1 4 0
2 28 17
t 1612 13.953488372093023
m 12 17
0 34 13
1 5 0
2 29 17
t 1611 13.953488372093023
m 11 17
0 34 12
1 4 0
2 30 17
t 1610 13.953488372093023
m 12 17
0 34 11
1 3 0
2 31 17
t 1609 13.953488372093023
m 13 17
0 34 12
1 2 0
2 32 17
t 1608 13.953488372093023
m 13 17
0 34 11
1 3 0
2 32 16
t 1607 13.953488372093023
m 12 17
0 33 11
1 4 0
2 32 15
t 1606 13.953488372093023
m 13 17
0 34 11
1 5 0
2 32 14
t 1605 13.953488372093023
m 14 17
0 34 12
1 6 0
2 32 13
t 1604 13.953488372093023
m 15 17
0 34 11
1 5 0
2 32 12
t 1603 13.953488372093023
m 16 17
0 34 12
1 6 0
2 32 13
t 1602 14.728682170542635
m 15 17
0 34 13
1 7 0
2 32 14
t 1601 14.728682170542635
m 15 17
0 34 12
1 8 0
2 32 13
t 1600 14.728682170542635
m 16 17
0 34 11
1 7 0
2 32 14
t 1599 14.728682170542635
m 16 17
0 33 11
1 6 0
2 32 15
t 1598 14.728682170542635
m 16 18
0 32 11
1 7 0
2 31 15
t 1597 14.728682170542635
m 16 19
0 32 12
1 7 1
2 30 15
t 1596 14.728682170542635
m 15 19
0 32 11
1 7 0
2 31 15
t 1595 14.728682170542635
m 14 19
0 31 11
1 6 0
2 32 15
t 1594 15.503875968992247
m 13 19
0 32 11
1 7 0
2 32 14
t 1593 15.503875968992247
m 12 19
0 32 12
1 6 0
2 32 15
t 1592 15.503875968992247
m 11 19
0 32 11
1 5 0
2 33 15
t 1591 16.27906976744186
m 11 19
0 32 12
1 4 0
2 34 15
t 1590 16.27906976744186
m 11 19
0 32 11
1 3 0
2 33 15
t 1589 16.27906976744186
m 10 19
0 32 12
1 2 0
2 34 15
t 1588 16.27906976744186
m 11 19
0 32 11
1 3 0
2 33 15
t 1587 16.27906976744186
m 12 19
0 32 12
1 4 0
2 32 15
t 1586 16.27906976744186
m 11 19
0 32 13
1 5 0
2 32 14
t 1585 16.27906976744186
m 12 19
0 31 13
1 6 0
2 32 13
t 1584 16.27906976744186
m 13 19
0 32 13
1 7 0
2 31 13
t 1583 16.27906976744186
m 12 19
0 32 14
1 7 1
2 32 13
t 1582 16.27906976744186
m 13 19
0 32 15
1 7 0
2 31 13
t 1581 16.27906976744186
m 14 19
0 32 14
1 6 0
2 32 13
t 1580 16.27906976744186
m 14 19
0 32 13
1 5 0
2 31 13
t 1579 16.27906976744186
m 13 19
0 31 13
1 6 0
2 30 13
t 1578 16.27906976744186
m 13 19
0 30 13
1 5 0
2 29 13
t 1577 16.27906976744186
m 14 19
0 29 13
1 4 0
2 30 13
t 1576 16.27906976744186
m 13 19
0 28 13
1 5 0
2 31 13
t 1575 16.27906976744186
m 14 19
0 27 13
1 6 0
2 32 13
t 1574 16.27906976744186
m 15 19
0 26 13
1 7 0
2 31 13
t 1573 16.27906976744186
m 16 19
0 27 13
1 8 0
2 32 13
t 1572 16.27906976744186
m 16 18
0 28 13
1 9 0
2 32 12
t 1571 16.27906976744186
m 16 19
0 29 13
1 8 0
2 32 13
t 1570 16.27906976744186
m 16 19
0 30 13
1 7 0
2 31 13
t 1569 16.27906976744186
m 15 19
0 29 13
1 6 0
2 30 13
t 1568 16.27906976744186
m 16 19
0 28 13
1 5 0
2 31 13
t 1567 16.27906976744186
m 16 19
0 27 13
1 6 0
2 30 13
t 1566 16.27906976744186
m 16 18
0 26 13
1 7 0
2 31 13
t 1565 16.27906976744186
m 16 18
0 26 14
1 7 1
2 32 13
t 1564 16.27906976744186
m 16 18
0 26 13
1 7 2
2 32 14
t 1563 16.27906976744186
m 16 18
0 27 13
1 7 1
2 32 13
t 1562 16.27906976744186
m 16 18
0 26 13
1 7 0
2 32 14
t 1561 16.27906976744186
m 16 17
0 25 13
1 7 1
2 32 13
t 1560 16.27906976744186
m 16 16
0 26 13
1 7 2
2 32 14
t 1559 16.27906976744186
m 16 17
0 27 13
1 7 3
2 32 15
t 1558 16.27906976744186
m 15 17
0 26 13
1 6 3
2 32 14
t 1557 16.27906976744186
m 15 17
0 27 13
1 7 3
2 32 13
t 1556 16.27906976744186
m 16 17
0 26 13
1 6 3
2 32 12
t 1555 16.27906976744186
m 15 17
0 26 14
1 7 3
2 32 13
t 1554 16.27906976744186
m 14 17
0 26 15
1 6 3
2 31 13
t 1553 16.27906976744186
m 15 17
0 25 15
1 7 3
2 30 13
t 1552 16.27906976744186
m 14 17
0 24 15
1 6 3
2 31 13
t 1551 16.27906976744186
m 15 17
0 23 15
1 5 3
2 30 13
t 1550 16.27906976744186
m 16 17
0 22 15
1 5 4
2 31 13
t 1549 16.27906976744186
m 17 17
0 21 15
1 5 5
2 32 13
t 1548 16.27906976744186
m 16 17
0 22 15
1 5 4
2 32 14
t 1547 16.27906976744186
m 16 17
0 21 15
1 5 5
2 32 13
t 1546 16.27906976744186
m 16 17
0 22 15
1 5 6
2 31 13
t 1545 16.27906976744186
m 17 17
0 21 15
1 4 6
2 32 13
t 1544 16.27906976744186
m 17 17
0 22 15
1 3 6
2 32 12
t 1543 16.27906976744186
m 18 17
0 22 16
1 3 7
2 32 11
t 1542 16.27906976744186
m 18 18
0 22 17
1 3 6
2 33 11
t 1541 17.05426356589147
m 18 17
0 21 17
1 3 7
2 34 11
t 1540 17.05426356589147
m 19 17
0 20 17
1 3 6
2 33 11
t 1539 17.829457364341085
m 18 17
0 19 17
1 4 6
2 32 11
t 1538 17.829457364341085
m 18 16
0 18 17
1 3 6
2 33 11
t 1537 17.829457364341085
m 18 15
0 17 17
1 3 7
2 32 11
t 1536 18.6046511627907
m 19 15
0 18 17
1 3 8
2 32 12
t 1535 18.6046511627907
m 20 15
0 17 17
1 4 8
2 32 11
t 1534 18.6046511627907
m 21 15
0 16 17
1 5 8
2 33 11
t 1533 19.37984496124031
m 21 15
0 15 17
1 6 8
2 34 11
t 1532 19.37984496124031
m 21 15
0 14 17
1 6 9
2 33 11
t 1531 19.37984496124031
m 20 15
0 15 17
1 7 9
2 34 11
t 1530 19.37984496124031
m 21 15
0 16 17
1 8 9
2 34 12
t 1529 19.37984496124031
m 22 15
0 16 18
1 9 9
2 34 13
t 1528 19.37984496124031
m 23 15
0 16 17
1 8 9
2 34 14
t 1527 19.37984496124031
m 24 15
0 17 17
1 7 9
2 34 13
t 1526 20.155038759689923
m 24 15
0 18 17
1 6 9
2 34 14
t 1525 20.155038759689923
m 25 15
0 18 18
1 7 9
2 34 13
t 1524 20.155038759689923
m 25 15
0 18 19
1 6 9
2 34 12
t 1523 20.155038759689923
m 26 15
0 19 19
1 6 10
2 34 11
t 1522 20.155038759689923
m 27 15
0 20 19
1 6 9
2 33 11
t 1521 20.930232558139537
m 28 15
0 19 19
1 6 8
2 32 11
t 1520 20.930232558139537
m 29 15
0 20 19
1 5 8
2 33 11
t 1519 20.930232558139537
m 30 15
0 19 19
1 4 8
2 32 11
t 1518 21.705426356589147
m 29 15
0 20 19
1 5 8
2 31 11
t 1517 21.705426356589147
m 28 15
0 21 19
1 4 8
2 31 10
t 1516 21.705426356589147
m 28 15
0 20 19
1 5 8
2 31 9
t 1515 21.705426356589147
m 28 15
0 21 19
1 4 8
2 31 10
t 1514 21.705426356589147
m 29 15
0 22 19
1 5 8
2 31 11
t 1513 21.705426356589147
m 28 15
0 23 19
1 6 8
2 31 10
t 1512 21.705426356589147
m 29 15
0 22 19
1 6 9
2 31 11
t 1511 21.705426356589147
m 30 15
0 21 19
1 6 8
2 30 11
t 1510 21.705426356589147
m 31 15
0 22 19
1 6 9
2 31 11
t 1509 21.705426356589147
m 31 15
0 21 19
1 6 8
2 32 11
t 1508 21.705426356589147
m 32 15
0 22 19
1 5 8
2 31 11
t 1507 21.705426356589147
m 32 16
0 23 19
1 4 8
2 30 11
t 1506 22.48062015503876
m 32 17
0 22 19
1 3 8
2 31 11
t 1505 22.48062015503876
m 31 17
0 23 19
1 3 9
2 30 11
t 1504 23.25581395348837
m 32 17
0 22 19
1 3 10
2 31 11
t 1503 23.25581395348837
m 32 17
0 23 19
1 3 11
2 31 10
t 1502 23.25581395348837
m 32 17
0 22 19
1 4 11
2 31 9
t 1501 23.25581395348837
m 31 17
0 21 19
1 3 11
2 31 10
t 1500 23.25581395348837
m 32 17
0 22 19
1 2 11
2 31 11
t 1499 23.25581395348837
m 31 17
0 23 19
1 1 11
2 31 10
t 1498 23.25581395348837
m 31 17
0 24 19
1 2 11
2 31 9
t 1497 23.25581395348837
m 32 17
0 25 19
1 1 11
2 31 10
t 1496 23.25581395348837
m 32 16
0 24 19
1 2 11
2 31 11
t 1495 23.25581395348837
m 32 17
0 23 19
1 3 11
2 31 10
t 1494 23.25581395348837
m 31 17
0 24 19
1 2 11
2 31 9
t 1493 23.25581395348837
m 30 17
0 25 19
1 1 11
2 31 10
t 1492 23.25581395348837
m 30 17
0 24 19
1 0 11
2 31 11
t 1491 23.25581395348837
m 29 17
0 23 19
1 0 12
2 30 11
t 1490 23.25581395348837
m 28 17
0 22 19
1 0 11
2 31 11
t 1489 24.031007751937985
m 28 17
0 23 19
1 0 12
2 30 11
t 1488 24.031007751937985
m 29 17
0 24 19
1 0 11
2 29 11
t 1487 24.031007751937985
m 29 17
0 25 19
1 1 11
2 28 11
t 1486 24.031007751937985
m 29 17
0 24 19
1 2 11
2 27 11
t 1485 24.031007751937985
m 29 17
0 25 19
1 3 11
2 28 11
t 1484 24.031007751937985
m 29 17
0 24 19
1 2 11
2 28 10
t 1483 24.031007751937985
m 28 17
0 23 19
1 3 11
2 28 11
t 1482 24.031007751937985
m 28 17
0 22 19
1 4 11
2 27 11
t 1481 24.031007751937985
m 29 17
0 23 19
1 3 11
2 26 11
t 1480 24.031007751937985
m 29 17
0 22 19
1 3 10
2 25 11
t 1479 24.031007751937985
m 30 17
0 21 19
1 3 11
2 24 11
t 1478 24.031007751937985
m 31 17
0 20 19
1 3 10
2 23 11
t 1477 24.031007751937985
m 32 17
0 19 19
1 3 11
2 24 11
t 1476 24.031007751937985
m 31 17
0 18 19
1 4 11
2 23 11
t 1475 24.031007751937985
m 32 17
0 19 19
1 3 11
2 24 11
t 1474 24.031007751937985
m 32 16
0 18 19
1 3 10
2 23 11
t 1473 24.031007751937985
m 32 17
0 19 19
1 3 9
2 24 11
t 1472 24.031007751937985
m 32 17
0 18 19
1 3 10
2 23 11
t 1471 24.031007751937985
m 32 17
0 18 18
1 3 9
2 23 12
t 1470 24.031007751937985
m 32 16
0 18 19
1 3 10
2 23 13
t 1469 24.031007751937985
m 32 15
0 19 19
1 3 11
2 24 13
t 1468 24.031007751937985
m 33 15
0 20 19
1 2 11
2 25 13
t 1467 24.8062015503876
m 33 15
0 19 19
1 3 11
2 24 13
t 1466 24.8062015503876
m 34 15
0 20 19
1 3 10
2 25 13
t 1465 24.8062015503876
m 34 14
0 19 19
1 3 11
2 24 13
t 1464 25.58139534883721
m 34 15
0 18 19
1 2 11
2 25 13
t 1463 25.58139534883721
m 34 16
0 18 18
1 1 11
2 24 13
t 1462 25.58139534883721
m 34 17
0 18 17
1 2 11
2 23 13
t 1461 26.356589147286822
m 34 18
0 18 18
1 3 11
2 22 13
t 1460 26.356589147286822
m 34 19
0 18 19
1 4 11
2 23 13
t 1459 36.356589147286826
m 34 19
0 18 18
1 5 11
2 24 13
t 1458 36.356589147286826
m 34 19
0 18 17
1 6 11
2 23 13
t 1457 36.356589147286826
m 33 19
0 17 17
1 5 11
2 23 12
t 1456 36.356589147286826
m 32 19
0 18 17
1 6 11
2 23 13
t 1455 37.13178294573643
m 31 19
0 18 16
1 6 10
2 24 13
t 1454 37.13178294573643
m 30 19
0 18 15
1 6 9
2 23 13
t 1453 37.13178294573643
m 29 19
0 18 16
1 7 9
2 23 12
f 34 0
t 1452 37.906976744186046
m 28 19
0 18 15
1 8 9
2 23 13
t 1451 37.906976744186046
m 27 19
0 18 14
1 7 9
2 22 13
t 1450 37.906976744186046
m 26 19
0 18 13
1 8 9
2 21 13
t 1449 38.68217054263566
m 27 19
0 19 13
1 9 9
2 21 12
t 1448 38.68217054263566
m 27 18
0 20 13
1 8 9
2 21 13
t 1447 39.45736434108527
m 27 17
0 19 13
1 7 9
2 22 13
t 1446 39.45736434108527
m 27 18
0 18 13
1 6 9
2 23 13
t 1445 39.45736434108527
m 27 19
0 19 13
1 6 10
2 23 12
t 1444 39.45736434108527
m 27 18
0 20 13
1 6 9
2 23 13
t 1443 39.45736434108527
m 27 17
0 21 13
1 6 8
2 23 12
t 1442 39.45736434108527
m 27 17
0 21 12
1 6 9
2 23 11
t 1441 39.45736434108527
m 26 17
0 21 13
1 6 10
2 23 10
t 1440 39.45736434108527
m 25 17
0 20 13
1 6 9
2 23 9
t 1439 40.23255813953489
m 24 17
0 19 13
1 7 9
2 23 8
t 1438 40.23255813953489
m 23 17
0 18 13
1 8 9
2 23 9
t 1437 40.23255813953489
m 22 17
0 18 14
1 9 9
2 24 9
t 1436 41.007751937984494
m 23 17
0 17 14
1 10 9
2 23 9
t 1435 41.007751937984494
m 22 17
0 16 14
1 11 9
2 23 10
t 1434 41.007751937984494
m 22 17
0 16 13
1 11 10
2 23 9
t 1433 41.007751937984494
m 22 16
0 15 13
1 11 11
2 24 9
t 1432 41.007751937984494
m 22 16
0 14 13
1 11 12
2 23 9
t 1431 41.007751937984494
m 22 15
0 15 13
1 11 11
2 23 8
t 1430 41.007751937984494
m 22 15
0 16 13
1 11 12
2 23 9
t 1429 41.007751937984494
m 22 15
0 15 13
1 11 11
2 23 10
t 1428 41.007751937984494
m 22 15
0 16 13
1 11 10
2 23 11
t 1427 41.007751937984494
m 21 15
0 16 14
1 11 11
2 24 11
t 1426 41.007751937984494
m 21 15
0 17 14
1 10 11
2 25 11
t 1425 41.007751937984494
m 22 15
0 18 14
1 11 11
2 26 11
t 1424 41.007751937984494
m 22 16
0 18 13
1 11 10
2 25 11
t 1423 41.007751937984494
m 22 16
0 18 14
1 11 9
2 26 11
t 1422 41.007751937984494
m 22 17
0 17 14
1 11 8
2 25 11
t 1421 41.007751937984494
m 22 17
0 16 14
1 11 7
2 26 11
t 1420 41.007751937984494
m 23 17
0 16 13
1 11 8
2 25 11
t 1419 41.007751937984494
m 22 17
0 15 13
1 11 7
2 26 11
t 1418 41.007751937984494
m 23 17
0 14 13
1 12 7
2 27 11
t 1417 41.007751937984494
m 22 17
0 13 13
1 13 7
2 28 11
t 1416 41.007751937984494
m 21 17
0 12 13
1 12 7
2 27 11
t 1415 41.007751937984494
m 22 17
0 13 13
1 13 7
2 26 11
t 1414 41.007751937984494
m 22 17
0 13 12
1 13 8
2 27 11
t 1413 41.007751937984494
m 23 17
0 13 11
1 13 7
2 26 11
t 1412 41.007751937984494
m 22 17
0 13 10
1 12 7
2 25 11
t 1411 41.007751937984494
m 23 17
0 13 11
1 13 7
2 24 11
t 1410 41.007751937984494
m 23 17
0 13 10
1 12 7
2 25 11
t 1409 41.007751937984494
m 23 17
0 13 11
1 13 7
2 24 11
t 1408 41.007751937984494
m 23 17
0 13 10
1 14 7
2 25 11
t 1407 41.007751937984494
m 24 17
0 13 11
1 13 7
2 24 11
t 1406 41.007751937984494
m 24 17
0 13 12
1 14 7
2 25 11
t 1405 41.007751937984494
m 24 17
0 13 11
1 15 7
2 26 11
t 1404 41.007751937984494
m 25 17
0 13 10
1 14 7
2 27 11
t 1403 41.007751937984494
m 26 17
0 13 11
1 15 7
2 26 11
t 1402 41.007751937984494
m 25 17
0 13 12
1 14 7
2 25 11
t 1401 41.007751937984494
m 24 17
0 13 13
1 15 7
2 26 11
t 1400 41.007751937984494
m 23 17
0 14 13
1 14 7
2 25 11
t 1399 41.007751937984494
m 24 17
0 15 13
1 15 7
2 26 11
t 1398 41.007751937984494
m 23 17
0 16 13
1 14 7
2 27 11
t 1397 41.007751937984494
m 24 17
0 16 14
1 13 7
2 28 11
t 1396 41.007751937984494
m 24 17
0 16 15
1 13 8
2 27 11
t 1395 41.007751937984494
m 24 17
0 16 16
1 13 7
2 28 11
t 1394 41.007751937984494
m 25 17
0 16 15
1 13 8
2 27 11
t 1393 41.007751937984494
m 25 17
0 16 16
1 13 9
2 28 11
t 1392 41.007751937984494
m 26 17
0 16 15
1 13 10
2 29 11
t 1391 41.007751937984494
m 25 17
0 16 16
1 13 11
2 30 11
t 1390 41.007751937984494
m 24 17
0 16 15
1 14 11
2 29 11
t 1389 41.007751937984494
m 24 17
0 16 16
1 15 11
2 28 11
t 1388 41.007751937984494
m 25 17
0 16 15
1 16 11
2 29 11
t 1387 41.007751937984494
m 25 17
0 15 15
1 15 11
2 28 11
t 1386 41.007751937984494
m 25 17
0 14 15
1 16 11
2 27 11
t 1385 41.007751937984494
m 24 17
0 15 15
1 15 11
2 28 11
t 1384 41.007751937984494
m 24 17
0 14 15
1 14 11
2 29 11
t 1383 41.007751937984494
m 23 17
0 13 15
1 13 11
2 30 11
t 1382 41.007751937984494
m 22 17
0 12 15
1 13 12
2 31 11
t 1381 41.007751937984494
m 23 17
0 13 15
1 13 11
2 32 11
t 1380 41.007751937984494
m 22 17
0 12 15
1 13 10
2 31 11
t 1379 41.007751937984494
m 22 17
0 11 15
1 13 11
2 32 11
t 1378 41.007751937984494
m 23 17
0 10 15
1 14 11
2 31 11
t 1377 41.007751937984494
m 24 17
0 11 15
1 15 11
2 31 10
t 1376 41.007751937984494
m 24 17
0 12 15
1 14 11
2 31 11
t 1375 41.007751937984494
m 23 17
0 12 16
1 13 11
2 32 11
t 1374 41.007751937984494
m 23 17
0 12 17
1 13 12
2 32 12
t 1373 41.007751937984494
m 23 17
0 12 16
1 13 11
2 32 13
t 1372 41.007751937984494
m 23 17
0 12 17
1 13 10
2 32 14
t 1371 41.007751937984494
m 23 17
0 13 17
1 13 11
2 32 15
t 1370 41.007751937984494
m 23 17
0 14 17
1 13 10
2 32 16
t 1369 41.007751937984494
m 24 17
0 15 17
1 13 11
2 32 17
t 1368 41.007751937984494
m 24 17
0 14 17
1 13 12
2 32 16
t 1367 41.007751937984494
m 23 17
0 13 17
1 13 11
2 32 17
t 1366 41.007751937984494
m 24 17
0 12 17
1 14 11
2 31 17
t 1365 41.007751937984494
m 23 17
0 13 17
1 13 11
2 32 17
t 1364 41.007751937984494
m 22 17
0 14 17
1 13 12
2 32 16
t 1363 41.007751937984494
m 22 16
0 15 17
1 13 11
2 32 17
t 1362 41.007751937984494
m 22 16
0 14 17
1 13 12
2 31 17
t 1361 41.007751937984494
m 22 16
0 15 17
1 13 13
2 30 17
t 1360 41.007751937984494
m 22 16
0 14 17
1 14 13
2 31 17
t 1359 41.007751937984494
m 22 15
0 15 17
1 13 13
2 32 17
t 1358 41.007751937984494
m 22 16
0 16 17
1 14 13
2 31 17
t 1357 41.007751937984494
m 22 16
0 15 17
1 13 13
2 32 17
t 1356 41.007751937984494
m 22 15
0 14 17
1 12 13
2 32 16
t 1355 41.007751937984494
m 22 16
0 13 17
1 13 13
2 32 17
t 1354 41.007751937984494
m 22 16
0 12 17
1 13 12
2 32 16
t 1353 41.007751937984494
m 22 15
0 13 17
1 13 13
2 32 17
t 1352 41.007751937984494
m 21 15
0 12 17
1 14 13
2 32 16
t 1351 41.007751937984494
m 20 15
0 12 16
1 15 13
2 32 17
t 1350 41.007751937984494
m 19 15
0 12 15
1 14 13
2 32 16
t 1349 41.007751937984494
m 20 15
0 12 16
1 13 13
2 32 17
t 1348 41.007751937984494
m 19 15
0 12 17
1 13 12
2 31 17
t 1347 41.007751937984494
m 18 15
0 12 16
1 13 13
2 32 17
t 1346 41.007751937984494
m 18 15
0 12 17
1 13 12
2 32 16
t 1345 41.007751937984494
m 18 15
0 13 17
1 13 13
2 32 15
t 1344 41.007751937984494
m 18 15
0 12 17
1 12 13
2 33 15
t 1343 41.007751937984494
m 19 15
0 13 17
1 13 13
2 32 15
t 1342 41.007751937984494
m 20 15
0 12 17
1 12 13
2 32 14
t 1341 41.007751937984494
m 19 15
0 13 17
1 13 13
2 32 13
t 1340 41.007751937984494
m 19 15
0 14 17
1 14 13
2 31 13
t 1339 41.007751937984494
m 20 15
0 13 17
1 15 13
2 32 13
t 1338 41.007751937984494
m 21 15
0 12 17
1 14 13
2 31 13
t 1337 41.007751937984494
m 20 15
0 12 16
1 13 13
2 32 13
t 1336 41.007751937984494
m 20 15
0 12 15
1 13 12
2 32 12
t 1335 41.007751937984494
m 20 15
0 11 15
1 13 11
2 32 11
t 1334 41.007751937984494
m 21 15
0 10 15
1 13 12
2 33 11
t 1333 41.007751937984494
m 21 15
0 9 15
1 13 13
2 32 11
t 1332 41.007751937984494
m 20 15
0 10 15
1 12 13
2 32 12
t 1331 41.007751937984494
m 20 15
0 9 15
1 11 13
2 32 11
t 1330 41.007751937984494
m 21 15
0 10 15
1 11 12
2 33 11
t 1329 41.007751937984494
m 22 15
0 11 15
1 11 13
2 34 11
t 1328 41.007751937984494
m 23 15
0 12 15
1 12 13
2 33 11
t 1327 41.007751937984494
m 23 15
0 13 15
1 11 13
2 32 11
t 1326 41.007751937984494
m 22 15
0 14 15
1 12 13
2 32 12
t 1325 41.007751937984494
m 22 15
0 13 15
1 11 13
2 32 13
t 1324 41.007751937984494
m 23 15
0 14 15
1 12 13
2 32 12
t 1323 41.007751937984494
m 23 15
0 15 15
1 13 13
2 32 13
t 1322 41.007751937984494
m 24 15
0 16 15
1 13 12
2 31 13
t 1321 41.007751937984494
m 25 15
0 16 14
1 13 13
2 32 13
t 1320 41.007751937984494
m 24 15
0 16 13
1 13 12
2 32 14
t 1319 41.007751937984494
m 23 15
0 16 14
1 13 11
2 32 13
t 1318 41.007751937984494
m 24 15
0 16 13
1 13 10
2 31 13
t 1317 41.007751937984494
m 24 15
0 16 14
1 13 9
2 30 13
t 1316 41.007751937984494
m 23 15
0 17 14
1 13 8
2 29 13
t 1315 41.007751937984494
m 23 15
0 18 14
1 13 9
2 28 13
t 1314 41.007751937984494
m 24 15
0 18 15
1 14 9
2 29 13
t 1313 41.007751937984494
m 25 15
0 19 15
1 13 9
2 30 13
t 1312 41.007751937984494
m 26 15
0 18 15
1 14 9
2 29 13
t 1311 41.007751937984494
m 26 14
0 19 15
1 15 9
2 30 13
t 1310 41.007751937984494
m 26 13
0 20 15
1 16 9
2 31 13
t 1309 41.78294573643411
m 26 14
0 19 15
1 17 9
2 32 13
t 1308 41.78294573643411
m 26 13
0 20 15
1 17 10
2 32 12
t 1307 41.78294573643411
m 25 13
0 21 15
1 17 11
2 32 11
t 1306 41.78294573643411
m 25 13
0 22 15
1 16 11
2 33 11
t 1305 41.78294573643411
m 25 13
0 23 15
1 15 11
2 34 11
t 1304 41.78294573643411
m 25 13
0 24 15
1 14 11
2 34 12
t 1303 41.78294573643411
m 25 13
0 25 15
1 13 11
2 34 13
t 1302 41.78294573643411
m 24 13
0 24 15
1 14 11
2 34 12
t 1301 41.78294573643411
m 23 13
0 23 15
1 15 11
2 34 13
t 1300 42.55813953488372
m 23 12
0 22 15
1 14 11
2 34 12
t 1299 42.55813953488372
m 23 11
0 21 15
1 13 11
2 34 13
t 1298 42.55813953488372
m 23 10
0 20 15
1 13 12
2 34 14
t 1297 43.333333333333336
m 23 9
0 21 15
1 13 13
2 34 13
t 1296 43.333333333333336
m 24 9
0 20 15
1 12 13
2 34 14
t 1295 44.10852713178294
m 25 9
0 21 15
1 11 13
2 34 13
t 1294 44.10852713178294
m 26 9
0 20 15
1 11 12
2 34 12
t 1293 44.10852713178294
m 27 9
0 19 15
1 11 13
2 34 13
t 1292 44.883720930232556
m 27 9
0 18 15
1 12 13
2 34 14
t 1291 44.883720930232556
m 28 9
0 18 16
1 13 13
2 34 15
t 1290 44.883720930232556
m 28 8
0 18 17
1 12 13
2 34 14
t 1289 45.65891472868217
m 29 8
0 18 16
1 11 13
2 34 13
t 1288 45.65891472868217
m 28 8
0 18 17
1 12 13
2 34 12
t 1287 45.65891472868217
m 29 8
0 19 17
1 13 13
2 34 11
t 1286 45.65891472868217
m 30 8
0 20 17
1 14 13
2 34 12
t 1285 45.65891472868217
m 31 8
0 19 17
1 13 13
2 34 13
t 1284 46.434108527131784
m 31 7
0 20 17
1 13 12
2 34 14
t 1283 46.434108527131784
m 31 6
0 21 17
1 13 13
2 34 13
t 1282 46.434108527131784
m 30 6
0 22 17
1 13 12
2 34 12
t 1281 47.2093023255814
m 29 6
0 23 17
1 13 11
2 34 13
t 1280 47.2093023255814
m 28 6
0 24 17
1 13 12
2 34 14
t 1279 47.2093023255814
m 27 6
0 23 17
1 13 11
2 34 13
t 1278 47.98449612403101
m 26 6
0 22 17
1 14 11
2 34 12
t 1277 47.98449612403101
m 25 6
0 22 16
1 15 11
2 34 11
t 1276 47.98449612403101
m 25 5
0 22 15
1 14 11
2 34 12
t 1275 48.75968992248062
m 25 4
0 21 15
1 15 11
2 34 11
t 1274 48.75968992248062
m 25 4
0 20 15
1 14 11
2 34 12
t 1273 48.75968992248062
m 25 3
0 21 15
1 13 11
2 34 11
t 1272 48.75968992248062
m 25 2
0 20 15
1 14 11
2 34 12
t 1271 49.53488372093023
m 24 2
0 21 15
1 13 11
2 34 11
t 1270 49.53488372093023
m 23 2
0 22 15
1 13 10
2 34 12
t 1269 49.53488372093023
m 22 2
0 21 15
1 13 9
2 34 11
t 1268 50.310077519379846
m 22 2
0 20 15
1 14 9
2 33 11
t 1267 50.310077519379846
m 23 2
0 21 15
1 13 9
2 32 11
t 1266 50.310077519379846
m 24 2
0 22 15
1 13 8
2 33 11
t 1265 50.310077519379846
m 25 2
0 23 15
1 13 7
2 34 11
t 1264 50.310077519379846
m 24 2
0 24 15
1 14 7
2 34 12
t 1263 50.310077519379846
m 23 2
0 23 15
1 15 7
2 34 13
t 1262 50.310077519379846
m 24 2
0 24 15
1 16 7
2 34 12
t 1261 50.310077519379846
m 24 2
0 23 15
1 15 7
2 34 11
t 1260 50.310077519379846
m 24 2
0 22 15
1 14 7
2 33 11
t 1259 50.310077519379846
m 25 2
0 21 15
1 15 7
2 34 11
t 1258 50.310077519379846
m 24 2
0 22 15
1 14 7
2 33 11
t 1257 50.310077519379846
m 25 2
0 23 15
1 13 7
2 34 11
t 1256 50.310077519379846
m 25 3
0 24 15
1 14 7
2 33 11
t 1255 50.310077519379846
m 26 3
0 25 15
1 15 7
2 32 11
t 1254 50.310077519379846
m 27 3
0 26 15
1 16 7
2 31 11
t 1253 51.08527131782946
m 28 3
0 27 15
1 17 7
2 30 11
t 1252 51.08527131782946
m 29 3
0 26 15
1 18 7
2 31 11
t 1251 51.08527131782946
m 29 4
0 26 14
1 17 7
2 30 11
t 1250 51.86046511627907
m 29 3
0 26 15
1 17 6
2 31 11
t 1249 51.86046511627907
m 30 3
0 25 15
1 17 5
2 31 10
t 1248 52.63565891472868
m 31 3
0 24 15
1 17 6
2 31 11
t 1247 52.63565891472868
m 32 3
0 25 15
1 17 7
2 32 11
t 1246 52.63565891472868
m 33 3
0 24 15
1 16 7
2 31 11
t 1245 53.41085271317829
m 34 3
0 23 15
1 17 7
2 30 11
t 1244 53.41085271317829
m 34 2
0 24 15
1 17 6
2 31 11
t 1243 54.18604651162791
m 34 1
0 25 15
1 17 7
2 32 11
t 1242 54.18604651162791
m 34 0
0 24 15
1 17 6
2 33 11
t 1241 64.18604651162791
m 33 0
0 23 15
1 17 7
2 34 11
t 1240 64.96124031007753
m 34 0
0 22 15
1 17 6
2 34 12
t 1239 64.96124031007753
m 34 0
0 23 15
1 17 7
2 34 13
t 1238 64.96124031007753
m 34 0
0 22 15
1 16 7
2 34 12
t 1237 64.96124031007753
m 33 0
0 23 15
1 15 7
2 34 13
t 1236 64.96124031007753
m 32 0
0 24 15
1 14 7
2 34 12
t 1235 64.96124031007753
m 31 0
0 23 15
1 13 7
2 34 13
t 1234 64.96124031007753
m 30 0
0 22 15
1 12 7
2 34 14
t 1233 65.73643410852713
m 29 0
0 23 15
1 13 7
2 34 15
t 1232 65.73643410852713
m 28 0
0 22 15
1 12 7
2 33 15
t 1231 65.73643410852713
m 27 0
0 22 16
1 13 7
2 32 15
t 1230 66.51162790697674
m 26 0
0 22 15
1 12 7
2 33 15
t 1229 66.51162790697674
m 26 0
0 22 16
1 11 7
2 32 15
f 0 0
t 1228 66.51162790697674
m 25 0
0 22 15
1 10 7
2 31 15
t 1227 66.51162790697674
m 24 0
0 21 15
1 11 7
2 32 15
t 1226 67.28682170542635
m 24 0
0 20 15
1 10 7
2 31 15
t 1225 67.28682170542635
m 23 0
0 19 15
1 9 7
2 30 15
t 1224 67.28682170542635
m 23 0
0 20 15
1 9 6
2 31 15
t 1223 67.28682170542635
m 22 0
0 19 15
1 9 5
2 32 15
t 1222 67.28682170542635
m 21 0
0 18 15
1 10 5
2 32 16
t 1221 68.06201550387597
m 21 0
0 19 15
1 11 5
2 32 15
t 1220 68.06201550387597
m 21 0
0 20 15
1 10 5
2 31 15
t 1219 68.06201550387597
m 20 0
0 19 15
1 9 5
2 30 15
t 1218 68.06201550387597
m 19 0
0 18 15
1 9 4
2 29 15
t 1217 68.06201550387597
m 18 0
0 19 15
1 9 5
2 30 15
t 1216 68.83720930232559
m 18 0
0 20 15
1 9 6
2 31 15
t 1215 68.83720930232559
m 18 0
0 19 15
1 9 5
2 30 15
t 1214 68.83720930232559
m 19 0
0 20 15
1 9 4
2 29 15
t 1213 68.83720930232559
m 18 0
0 21 15
1 9 5
2 28 15
t 1212 68.83720930232559
m 18 1
0 20 15
1 9 4
2 27 15
t 1211 68.83720930232559
m 18 2
0 21 15
1 9 5
2 26 15
t 1210 68.83720930232559
m 19 2
0 22 15
1 9 6
2 27 15
t 1209 69.6124031007752
m 19 2
0 21 15
1 8 6
2 28 15
t 1208 69.6124031007752
m 20 2
0 22 15
1 7 6
2 27 15
t 1207 69.6124031007752
m 21 2
0 22 16
1 6 6
2 26 15
t 1206 69.6124031007752
m 21 3
0 22 15
1 5 6
2 25 15
t 1205 70.3875968992248
m 21 4
0 23 15
1 4 6
2 24 15
t 1204 70.3875968992248
m 20 4
0 22 15
1 5 6
2 23 15
t 1203 71.16279069767441
m 19 4
0 22 16
1 4 6
2 22 15
t 1202 71.16279069767441
m 18 4
0 22 17
1 3 6
2 21 15
t 1201 71.16279069767441
m 17 4
0 21 17
1 3 7
2 20 15
t 1200 71.93798449612403
m 17 4
0 22 17
1 3 8
2 21 15
t 1199 71.93798449612403
m 16 4
0 21 17
1 2 8
2 20 15
t 1198 71.93798449612403
m 15 4
0 20 17
1 1 8
2 21 15
t 1197 71.93798449612403
m 14 4
0 21 17
1 0 8
2 20 15
t 1196 72.71317829457365
m 14 4
0 22 17
1 1 8
2 21 15
t 1195 72.71317829457365
m 13 4
0 23 17
1 0 8
2 20 15
t 1194 72.71317829457365
m 13 5
0 24 17
1 0 7
2 21 15
t 1193 73.48837209302326
m 12 5
0 25 17
1 0 6
2 22 15
t 1192 73.48837209302326
m 11 5
0 26 17
1 0 7
2 23 15
t 1191 73.48837209302326
m 10 5
0 25 17
1 0 8
2 22 15
t 1190 74.26356589147287
m 11 5
0 26 17
1 0 7
2 21 15
t 1189 74.26356589147287
m 12 5
0 25 17
1 0 6
2 20 15
t 1188 74.26356589147287
m 11 5
0 24 17
1 0 7
2 19 15
t 1187 74.26356589147287
m 12 5
0 25 17
1 0 8
2 18 15
t 1186 74.26356589147287
m 13 5
0 24 17
1 0 7
2 18 14
t 1185 74.26356589147287
m 13 5
0 23 17
1 0 6
2 17 14
t 1184 74.26356589147287
m 12 5
0 22 17
1 0 5
2 18 14
t 1183 74.26356589147287
m 13 5
0 21 17
1 0 6
2 18 13
t 1182 74.26356589147287
m 13 5
0 20 17
1 0 7
2 18 14
t 1181 74.26356589147287
m 13 5
0 21 17
1 0 6
2 18 13
t 1180 74.26356589147287
m 12 5
0 22 17
1 0 5
2 19 13
t 1179 74.26356589147287
m 13 5
0 22 16
1 0 4
2 18 13
t 1178 74.26356589147287
m 13 4
0 22 17
1 0 3
2 18 14
t 1177 74.26356589147287
m 13 3
0 23 17
1 1 3
2 18 13
t 1176 74.26356589147287
m 13 2
0 24 17
1 2 3
2 19 13
t 1175 75.03875968992247
m 14 2
0 25 17
1 3 3
2 20 13
t 1174 75.03875968992247
m 15 2
0 24 17
1 2 3
2 21 13
t 1173 75.03875968992247
m 16 2
0 25 17
1 3 3
2 20 13
t 1172 75.81395348837209
m 16 1
0 26 17
1 2 3
2 19 13
t 1171 75.81395348837209
m 16 1
0 25 17
1 1 3
2 18 13
t 1170 75.81395348837209
m 16 0
0 26 17
1 0 3
2 18 14
t 1169 75.81395348837209
m 15 0
0 27 17
1 1 3
2 18 15
t 1168 76.58914728682171
m 15 0
0 26 17
1 2 3
2 19 15
t 1167 76.58914728682171
m 16 0
0 25 17
1 1 3
2 18 15
t 1166 76.58914728682171
m 15 0
0 24 17
1 2 3
2 18 16
t 1165 76.58914728682171
m 15 0
0 25 17
1 3 3
2 18 17
t 1164 76.58914728682171
m 14 0
0 26 17
1 2 3
2 19 17
t 1163 76.58914728682171
m 13 0
0 27 17
1 1 3
2 20 17
t 1162 76.58914728682171
m 12 0
0 27 18
1 0 3
2 19 17
t 1161 77.36434108527132
m 12 0
0 27 17
1 0 2
2 18 17
t 1160 77.36434108527132
m 12 0
0 26 17
1 0 3
2 18 16
t 1159 77.36434108527132
m 13 0
0 27 17
1 0 2
2 18 15
t 1158 77.36434108527132
m 14 0
0 28 17
1 0 3
2 19 15
t 1157 77.36434108527132
m 15 0
0 29 17
1 0 2
2 20 15
t 1156 77.36434108527132
m 14 0
0 30 17
1 0 3
2 19 15
t 1155 77.36434108527132
m 14 0
0 31 17
1 0 4
2 20 15
t 1154 77.36434108527132
m 15 0
0 32 17
1 0 5
2 21 15
t 1153 77.36434108527132
m 15 0
0 31 17
1 0 6
2 22 15
t 1152 77.36434108527132
m 15 0
0 30 17
1 0 7
2 21 15
t 1151 77.36434108527132
m 15 0
0 31 17
1 0 8
2 22 15
t 1150 77.36434108527132
m 14 0
0 30 17
1 0 7
2 23 15
t 1149 77.36434108527132
m 13 0
0 31 17
1 0 8
2 22 15
t 1148 77.36434108527132
m 12 0
0 30 17
1 0 7
2 21 15
t 1147 77.36434108527132
m 13 0
0 31 17
1 0 6
2 22 15
t 1146 77.36434108527132
m 12 0
0 30 17
1 0 7
2 23 15
t 1145 77.36434108527132
m 13 0
0 31 17
1 0 8
2 24 15
t 1144 77.36434108527132
m 12 0
0 32 17
1 1 8
2 25 15
t 1143 77.36434108527132
m 11 0
0 32 16
1 2 8
2 26 15
t 1142 77.36434108527132
m 11 0
0 32 17
1 1 8
2 25 15
t 1141 77.36434108527132
m 10 0
0 32 16
1 2 8
2 24 15
t 1140 77.36434108527132
m 9 0
0 32 17
1 3 8
2 25 15
t 1139 78.13953488372093
m 9 0
0 31 17
1 3 9
2 26 15
t 1138 78.13953488372093
m 9 0
0 30 17
1 3 8
2 25 15
t 1137 78.13953488372093
m 8 0
0 31 17
1 2 8
2 24 15
t 1136 78.13953488372093
m 7 0
0 32 17
1 3 8
2 25 15
t 1135 78.13953488372093
m 6 0
0 31 17
1 3 9
2 24 15
t 1134 78.91472868217053
m 6 0
0 32 17
1 3 8
2 23 15
t 1133 78.91472868217053
m 5 0
0 31 17
1 2 8
2 22 15
t 1132 78.91472868217053
m 5 0
0 32 17
1 3 8
2 23 15
t 1131 78.91472868217053
m 4 0
0 32 16
1 2 8
2 24 15
t 1130 78.91472868217053
m 3 0
0 32 17
1 3 8
2 23 15
t 1129 79.68992248062015
m 3 0
0 32 16
1 3 9
2 22 15
t 1128 79.68992248062015
m 2 0
0 32 17
1 3 10
2 21 15
t 1127 79.68992248062015
m 1 0
0 31 17
1 3 11
2 22 15
t 1126 79.68992248062015
m 0 0
0 30 17
1 3 10
2 21 15
t 1125 90.46511627906978
m 1 0
0 29 17
1 3 9
2 22 15
t 1124 90.46511627906978
m 2 0
0 28 17
1 3 10
2 22 16
t 1123 90.46511627906978
m 1 0
0 29 17
1 3 9
2 22 15
t 1122 90.46511627906978
m 2 0
0 30 17
1 3 10
2 21 15
t 1121 90.46511627906978
m 2 0
0 31 17
1 3 11
2 20 15
t 1120 90.46511627906978
m 3 0
0 30 17
1 2 11
2 21 15
t 1119 90.46511627906978
m 3 0
0 31 17
1 1 11
2 20 15
t 1118 90.46511627906978
m 4 0
0 30 17
1 0 11
2 21 15
t 1117 90.46511627906978
m 3 0
0 29 17
1 1 11
2 22 15
t 1116 90.46511627906978
m 4 0
0 30 17
1 0 11
2 22 16
t 1115 90.46511627906978
m 5 0
0 29 17
1 1 11
2 22 17
t 1114 90.46511627906978
m 4 0
0 30 17
1 2 11
2 23 17
t 1113 90.46511627906978
m 5 0
0 29 17
1 2 12
2 24 17
t 1112 90.46511627906978
m 6 0
0 30 17
1 2 13
2 25 17
t 1111 90.46511627906978
m 7 0
0 29 17
1 2 14
2 26 17
t 1110 90.46511627906978
m 7 1
0 28 17
1 2 13
2 27 17
t 1109 90.46511627906978
m 7 2
0 27 17
1 2 12
2 28 17
t 1108 91.24031007751938
m 7 3
0 27 18
1 2 13
2 29 17
t 1107 91.24031007751938
m 6 3
0 27 19
1 2 14
2 28 17
t 1106 92.01550387596899
m 7 3
0 28 19
1 2 13
2 27 17
t 1105 92.01550387596899
m 7 3
0 27 19
1 2 12
2 27 18
t 1104 92.01550387596899
m 7 3
0 27 18
1 2 13
2 27 19
t 1103 92.01550387596899
m 8 3
0 27 17
1 2 14
2 28 19
t 1102 92.01550387596899
m 9 3
0 28 17
1 2 13
2 27 19
t 1101 92.7906976744186
m 9 2
0 29 17
1 2 14
2 28 19
t 1100 92.7906976744186
m 10 2
0 28 17
1 2 15
2 27 19
t 1099 93.56589147286822
m 9 2
0 27 17
1 2 14
2 26 19
t 1098 93.56589147286822
m 9 2
0 27 18
1 2 15
2 25 19
t 1097 93.56589147286822
m 9 2
0 27 17
1 2 16
2 24 19
t 1096 93.56589147286822
m 9 3
0 26 17
1 2 17
2 23 19
t 1095 93.56589147286822
m 9 4
0 27 17
1 3 17
2 22 19
t 1094 93.56589147286822
m 9 5
0 28 17
1 4 17
2 21 19
t 1093 93.56589147286822
m 9 6
0 27 17
1 3 17
2 22 19
t 1092 94.34108527131782
m 9 7
0 27 18
1 4 17
2 23 19
t 1091 94.34108527131782
m 10 7
0 27 19
1 3 17
2 22 19
t 1090 94.34108527131782
m 11 7
0 26 19
1 2 17
2 21 19
t 1089 95.11627906976744
m 12 7
0 27 19
1 3 17
2 22 19
t 1088 95.11627906976744
m 13 7
0 28 19
1 2 17
2 21 19
t 1087 95.11627906976744
m 14 7
0 29 19
1 3 17
2 22 19
t 1086 95.89147286821705
m 13 7
0 28 19
1 4 17
2 21 19
t 1085 95.89147286821705
m 13 8
0 27 19
1 3 17
2 22 19
t 1084 96.66666666666667
m 13 8
0 28 19
1 2 17
2 23 19
t 1083 96.66666666666667
m 13 9
0 27 19
1 3 17
2 22 19
t 1082 96.66666666666667
m 13 10
0 27 18
1 4 17
2 21 19
t 1081 96.66666666666667
m 13 11
0 27 17
1 5 17
2 22 19
t 1080 97.44186046511628
m 13 12
0 26 17
1 6 17
2 21 19
f 0 19
t 1079 97.44186046511628
m 13 12
0 25 17
1 5 17
2 22 19
t 1078 97.44186046511628
m 13 13
0 24 17
1 4 17
2 23 19
t 1077 97.44186046511628
m 14 13
0 25 17
1 3 17
2 22 19
t 1076 98.21705426356588
m 15 13
0 26 17
1 2 17
2 21 19
t 1075 98.21705426356588
m 14 13
0 27 17
1 2 16
2 20 19
t 1074 98.21705426356588
m 15 13
0 28 17
1 2 17
2 21 19
t 1073 98.21705426356588
m 14 13
0 29 17
1 2 16
2 20 19
t 1072 98.21705426356588
m 14 13
0 28 17
1 2 17
2 21 19
t 1071 98.21705426356588
m 15 13
0 29 17
1 3 17
2 20 19
t 1070 98.21705426356588
m 15 13
0 28 17
1 2 17
2 19 19
t 1069 98.21705426356588
m 16 13
0 29 17
1 2 16
2 18 19
t 1068 98.21705426356588
m 16 14
0 28 17
1 2 15
2 19 19
t 1067 98.9922480620155
m 17 14
0 27 17
1 2 16
2 18 19
t 1066 98.9922480620155
m 16 14
0 27 18
1 2 15
2 18 18
t 1065 98.9922480620155
m 16 14
0 27 19
1 3 15
2 18 17
t 1064 98.9922480620155
m 16 15
0 27 18
1 2 15
2 19 17
t 1063 98.9922480620155
m 15 15
0 27 19
1 3 15
2 18 17
t 1062 99.76744186046511
m 14 15
0 27 18
1 4 15
2 18 18
t 1061 99.76744186046511
m 13 15
0 27 19
1 5 15
2 18 19
t 1060 99.76744186046511
m 13 15
0 28 19
1 6 15
2 18 18
t 1059 99.76744186046511
m 12 15
0 27 19
1 7 15
2 18 19
t 1058 99.76744186046511
m 11 15
0 28 19
1 6 15
2 19 19
t 1057 99.76744186046511
m 12 15
0 29 19
1 5 15
2 20 19
t 1056 99.76744186046511
m 13 15
0 28 19
1 4 15
2 19 19
t 1055 99.76744186046511
m 12 15
0 29 19
1 5 15
2 20 19
t 1054 99.76744186046511
m 11 15
0 28 19
1 6 15
2 21 19
t 1053 99.76744186046511
m 11 15
0 27 19
1 7 15
2 20 19
t 1052 99.76744186046511
m 11 15
0 28 19
1 8 15
2 21 19
t 1051 99.76744186046511
m 11 15
0 29 19
1 9 15
2 22 19
t 1050 99.76744186046511
m 12 15
0 30 19
1 8 15
2 23 19
t 1049 99.76744186046511
m 12 16
0 29 19
1 9 15
2 22 19
t 1048 99.76744186046511
m 12 17
0 30 19
1 8 15
2 21 19
t 1047 99.76744186046511
m 11 17
0 31 19
1 7 15
2 22 19
t 1046 99.76744186046511
m 12 17
0 32 19
1 8 15
2 21 19
t 1045 99.76744186046511
m 11 17
0 31 19
1 9 15
2 22 19
t 1044 99.76744186046511
m 11 17
0 30 19
1 8 15
2 23 19
t 1043 99.76744186046511
m 11 17
0 29 19
1 7 15
2 22 19
t 1042 99.76744186046511
m 12 17
0 28 19
1 6 15
2 21 19
t 1041 99.76744186046511
m 11 17
0 27 19
1 7 15
2 22 19
t 1040 99.76744186046511
m 11 17
0 28 19
1 6 15
2 21 19
t 1039 99.76744186046511
m 11 17
0 27 19
1 7 15
2 20 19
t 1038 99.76744186046511
m 10 17
0 27 18
1 8 15
2 21 19
t 1037 99.76744186046511
m 10 17
0 27 17
1 8 14
2 22 19
t 1036 99.76744186046511
m 9 17
0 26 17
1 8 15
2 23 19
t 1035 99.76744186046511
m 10 17
0 25 17
1 9 15
2 24 19
t 1034 99.76744186046511
m 11 17
0 26 17
1 10 15
2 25 19
t 1033 99.76744186046511
m 12 17
0 27 17
1 11 15
2 24 19
t 1032 99.76744186046511
m 13 17
0 28 17
1 12 15
2 23 19
t 1031 99.76744186046511
m 12 17
0 27 17
1 13 15
2 22 19
t 1030 99.76744186046511
m 12 16
0 26 17
1 12 15
2 21 19
t 1029 99.76744186046511
m 12 17
0 27 17
1 11 15
2 20 19
t 1028 99.76744186046511
m 13 17
0 26 17
1 12 15
2 21 19
t 1027 99.76744186046511
m 14 17
0 27 17
1 13 15
2 22 19
t 1026 99.76744186046511
m 13 17
0 28 17
1 14 15
2 21 19
t 1025 99.76744186046511
m 13 17
0 27 17
1 15 15
2 20 19
t 1024 99.76744186046511
m 12 17
0 27 18
1 16 15
2 19 19
t 1023 99.76744186046511
m 11 17
0 27 19
1 15 15
2 18 19
t 1022 99.76744186046511
m 10 17
0 28 19
1 16 15
2 18 18
t 1021 99.76744186046511
m 9 17
0 27 19
1 15 15
2 18 19
t 1020 99.76744186046511
m 8 17
0 28 19
1 14 15
2 19 19
t 1019 99.76744186046511
m 9 17
0 29 19
1 15 15
2 20 19
t 1018 99.76744186046511
m 8 17
0 28 19
1 14 15
2 19 19
t 1017 99.76744186046511
m 7 17
0 27 19
1 13 15
2 20 19
t 1016 99.76744186046511
m 6 17
0 28 19
1 14 15
2 21 19
t 1015 99.76744186046511
m 6 17
0 29 19
1 13 15
2 20 19
t 1014 99.76744186046511
m 5 17
0 28 19
1 14 15
2 19 19
t 1013 99.76744186046511
m 4 17
0 27 19
1 13 15
2 20 19
t 1012 99.76744186046511
m 3 17
0 26 19
1 14 15
2 19 19
t 1011 99.76744186046511
m 4 17
0 27 19
1 13 15
2 18 19
t 1010 99.76744186046511
m 3 17
0 28 19
1 12 15
2 18 18
t 1009 99.76744186046511
m 2 17
0 29 19
1 12 16
2 18 19
t 1008 99.76744186046511
m 2 16
0 28 19
1 12 17
2 18 18
t 1007 99.76744186046511
m 2 16
0 29 19
1 12 16
2 18 17
t 1006 99.76744186046511
m 2 16
0 28 19
1 12 15
2 18 16
t 1005 99.76744186046511
m 2 16
0 27 19
1 11 15
2 18 15
t 1004 99.76744186046511
m 2 16
0 27 18
1 10 15
2 18 14
t 1003 99.76744186046511
m 2 17
0 27 17
1 11 15
2 18 15
t 1002 99.76744186046511
m 2 16
0 28 17
1 10 15
2 18 16
t 1001 99.76744186046511
m 2 15
0 27 17
1 11 15
2 18 15
t 1000 99.76744186046511
m 1 15
0 28 17
1 12 15
2 19 15
t 999 99.76744186046511
m 2 15
0 29 17
1 11 15
2 20 15
t 998 99.76744186046511
m 3 15
0 28 17
1 12 15
2 21 15
t 997 99.76744186046511
m 2 15
0 27 17
1 12 16
2 20 15
t 996 99.76744186046511
m 3 15
0 26 17
1 12 15
2 19 15
t 995 99.76744186046511
m 2 15
0 25 17
1 12 16
2 18 15
t 994 99.76744186046511
m 2 14
0 24 17
1 12 15
2 18 14
t 993 99.76744186046511
m 2 13
0 25 17
1 11 15
2 17 14
t 992 99.76744186046511
m 2 14
0 26 17
1 12 15
2 16 14
t 991 99.76744186046511
m 2 15
0 27 17
1 11 15
2 17 14
t 990 99.76744186046511
m 2 14
0 27 18
1 10 15
2 18 14
t 989 99.76744186046511
m 2 13
0 27 19
1 9 15
2 18 15
t 988 99.76744186046511
m 2 13
0 26 19
1 8 15
2 18 14
t 987 99.76744186046511
m 3 13
0 27 19
1 8 14
2 18 15
t 986 99.76744186046511
m 4 13
0 26 19
1 8 13
2 19 15
t 985 99.76744186046511
m 4 13
0 25 19
1 8 14
2 20 15
t 984 99.76744186046511
m 4 13
0 24 19
1 8 13
2 19 15
t 983 99.76744186046511
m 3 13
0 23 19
1 7 13
2 20 15
t 982 99.76744186046511
m 2 13
0 22 19
1 6 13
2 19 15
t 981 99.76744186046511
m 3 13
0 21 19
1 7 13
2 20 15
t 980 99.76744186046511
m 2 13
0 22 19
1 6 13
2 21 15
t 979 99.76744186046511
m 2 14
0 23 19
1 5 13
2 20 15
t 978 99.76744186046511
m 2 15
0 22 19
1 6 13
2 19 15
t 977 99.76744186046511
m 2 16
0 23 19
1 5 13
2 18 15
t 976 99.76744186046511
m 2 16
0 22 19
1 4 13
2 18 16
t 975 99.76744186046511
m 2 16
0 23 19
1 3 13
2 18 15
t 974 99.76744186046511
m 2 16
0 24 19
1 4 13
2 18 14
t 973 99.76744186046511
m 2 16
0 23 19
1 3 13
2 17 14
t 972 99.76744186046511
m 2 17
0 24 19
1 4 13
2 18 14
t 971 99.76744186046511
m 2 17
0 25 19
1 3 13
2 17 14
t 970 99.76744186046511
m 2 17
0 24 19
1 2 13
2 18 14
t 969 99.76744186046511
m 2 17
0 25 19
1 3 13
2 18 13
t 968 99.76744186046511
m 2 17
0 26 19
1 2 13
2 18 14
t 967 99.76744186046511
m 3 17
0 25 19
1 2 12
2 17 14
t 966 99.76744186046511
m 2 17
0 26 19
1 2 11
2 18 14
t 965 99.76744186046511
m 3 17
0 25 19
1 1 11
2 18 13
t 964 99.76744186046511
m 2 17
0 26 19
1 2 11
2 19 13
t 963 99.76744186046511
m 2 16
0 25 19
1 3 11
2 20 13
t 962 99.76744186046511
m 2 16
0 24 19
1 2 11
2 19 13
t 961 99.76744186046511
m 2 16
0 23 19
1 2 12
2 20 13
t 960 99.76744186046511
m 2 17
0 22 19
1 2 11
2 19 13
t 959 99.76744186046511
m 2 16
0 23 19
1 1 11
2 20 13
t 958 99.76744186046511
m 2 16
0 24 19
1 0 11
2 19 13
t 957 99.76744186046511
m 2 16
0 25 19
1 1 11
2 20 13
t 956 99.76744186046511
m 2 17
0 26 19
1 0 11
2 19 13
t 955 99.76744186046511
m 2 17
0 27 19
1 1 11
2 18 13
t 954 99.76744186046511
m 2 16
0 28 19
1 2 11
2 18 14
t 953 99.76744186046511
m 2 15
0 29 19
1 1 11
2 18 15
t 952 99.76744186046511
m 3 15
0 30 19
1 2 11
2 18 14
t 951 99.76744186046511
m 4 15
0 31 19
1 1 11
2 18 15
t 950 99.76744186046511
m 3 15
0 32 19
1 2 11
2 18 16
t 949 99.76744186046511
m 4 15
0 33 19
1 2 12
2 18 17
t 948 99.76744186046511
m 4 15
0 32 19
1 2 13
2 18 16
t 947 99.76744186046511
m 3 15
0 33 19
1 3 13
2 18 15
t 946 99.76744186046511
m 4 15
0 32 19
1 4 13
2 18 16
t 945 99.76744186046511
m 4 15
0 33 19
1 3 13
2 18 17
t 944 99.76744186046511
m 3 15
0 34 19
1 2 13
2 18 18
t 943 99.76744186046511
m 4 15
0 34 18
1 3 13
2 18 19
t 942 99.76744186046511
m 4 15
0 34 19
1 4 13
2 19 19
t 941 99.76744186046511
m 3 15
0 34 18
1 5 13
2 20 19
t 940 99.76744186046511
m 2 15
0 34 19
1 4 13
2 19 19
t 939 99.76744186046511
m 2 16
0 34 18
1 5 13
2 18 19
t 938 99.76744186046511
m 2 17
0 34 19
1 4 13
2 19 19
t 937 99.76744186046511
m 3 17
0 34 18
1 5 13
2 18 19
t 936 99.76744186046511
m 4 17
0 34 17
1 4 13
2 19 19
t 935 99.76744186046511
m 3 17
0 34 18
1 3 13
2 20 19
t 934 99.76744186046511
m 4 17
0 34 19
1 2 13
2 21 19
t 933 99.76744186046511
m 3 17
0 33 19
1 2 14
2 20 19
t 932 99.76744186046511
m 4 17
0 32 19
1 2 13
2 21 19
t 931 99.76744186046511
m 5 17
0 33 19
1 3 13
2 20 19
t 930 99.76744186046511
m 5 17
0 34 19
1 4 13
2 21 19
t 929 99.76744186046511
m 5 17
0 34 18
1 5 13
2 22 19
t 928 99.76744186046511
m 4 17
0 34 19
1 6 13
2 21 19
t 927 99.76744186046511
m 3 17
0 33 19
1 5 13
2 20 19
t 926 99.76744186046511
m 4 17
0 32 19
1 4 13
2 21 19
t 925 99.76744186046511
m 3 17
0 33 19
1 3 13
2 20 19
t 924 99.76744186046511
m 4 17
0 32 19
1 4 13
2 19 19
t 923 99.76744186046511
m 3 17
0 33 19
1 5 13
2 18 19
t 922 99.76744186046511
m 4 17
0 34 19
1 4 13
2 18 18
t 921 99.76744186046511
m 5 17
0 34 18
1 5 13
2 18 19
t 920 99.76744186046511
m 5 17
0 34 17
1 6 13
2 19 19
t 919 99.76744186046511
m 5 17
0 34 18
1 5 13
2 18 19
t 918 99.76744186046511
m 5 17
0 34 19
1 6 13
2 19 19
t 917 99.76744186046511
m 4 17
0 33 19
1 5 13
2 18 19
t 916 99.76744186046511
m 4 17
0 34 19
1 6 13
2 19 19
t 915 99.76744186046511
m 3 17
0 33 19
1 7 13
2 18 19
t 914 99.76744186046511
m 2 17
0 32 19
1 6 13
2 19 19
t 913 99.76744186046511
m 2 17
0 33 19
1 5 13
2 20 19
t 912 99.76744186046511
m 2 17
0 32 19
1 4 13
2 19 19
t 911 99.76744186046511
m 3 17
0 33 19
1 3 13
2 20 19
t 910 99.76744186046511
m 4 17
0 34 19
1 4 13
2 21 19
t 909 99.76744186046511
m 5 17
0 34 18
1 5 13
2 20 19
t 908 99.76744186046511
m 4 17
0 34 19
1 6 13
2 19 19
t 907 99.76744186046511
m 3 17
0 34 18
1 5 13
2 18 19
t 906 99.76744186046511
m 2 17
0 34 19
1 6 13
2 19 19
t 905 99.76744186046511
m 3 17
0 34 18
1 7 13
2 18 19
t 904 99.76744186046511
m 3 17
0 34 19
1 6 13
2 19 19
t 903 99.76744186046511
m 2 17
0 33 19
1 5 13
2 18 19
t 902 99.76744186046511
m 2 16
0 32 19
1 4 13
2 19 19
t 901 99.76744186046511
m 2 15
0 31 19
1 5 13
2 18 19
t 900 99.76744186046511
m 2 16
0 32 19
1 6 13
2 18 18
t 899 99.76744186046511
m 2 17
0 33 19
1 5 13
2 18 17
t 898 99.76744186046511
m 2 17
0 34 19
1 4 13
2 17 17
t 897 99.76744186046511
m 2 16
0 34 18
1 3 13
2 16 17
t 896 99.76744186046511
m 2 16
0 34 17
1 4 13
2 17 17
t 895 99.76744186046511
m 2 17
0 34 16
1 3 13
2 16 17
t 894 99.76744186046511
m 3 17
0 34 15
1 2 13
2 15 17
t 893 99.76744186046511
m 3 17
0 34 16
1 3 13
2 16 17
t 892 99.76744186046511
m 4 17
0 34 15
1 4 13
2 16 18
t 891 99.76744186046511
m 3 17
0 34 14
1 3 13
2 16 17
t 890 99.76744186046511
m 2 17
0 34 15
1 4 13
2 16 16
t 889 99.76744186046511
m 2 16
0 34 16
1 5 13
2 16 15
t 888 99.76744186046511
m 2 16
0 34 17
1 6 13
2 15 15
t 887 99.76744186046511
m 2 16
0 34 16
1 7 13
2 14 15
t 886 99.76744186046511
m 2 17
0 34 17
1 8 13
2 13 15
t 885 99.76744186046511
m 2 16
0 34 16
1 8 14
2 14 15
t 884 99.76744186046511
m 2 17
0 34 15
1 8 13
2 13 15
t 883 99.76744186046511
m 2 16
0 34 14
1 7 13
2 12 15
t 882 99.76744186046511
m 2 16
0 34 15
1 8 13
2 11 15
t 881 99.76744186046511
m 2 17
0 34 16
1 7 13
2 10 15
t 880 99.76744186046511
m 3 17
0 34 17
1 6 13
2 9 15
t 879 99.76744186046511
m 3 17
0 34 16
1 5 13
2 8 15
t 878 99.76744186046511
m 3 17
0 34 15
1 6 13
2 9 15
t 877 99.76744186046511
m 4 17
0 34 14
1 7 13
2 10 15
t 876 99.76744186046511
m 3 17
0 34 15
1 8 13
2 9 15
t 875 99.76744186046511
m 3 17
0 34 16
1 9 13
2 10 15
t 874 99.76744186046511
m 3 17
0 34 15
1 8 13
2 9 15
t 873 99.76744186046511
m 2 17
0 34 14
1 8 14
2 10 15
t 872 99.76744186046511
m 2 16
0 34 15
1 8 13
2 11 15
t 871 99.76744186046511
m 2 17
0 34 14
1 9 13
2 10 15
t 870 99.76744186046511
m 2 16
0 34 13
1 8 13
2 9 15
t 869 99.76744186046511
m 2 17
0 34 12
1 9 13
2 10 15
t 868 99.76744186046511
m 2 16
0 34 11
1 10 13
2 9 15
t 867 99.76744186046511
m 2 17
0 34 12
1 9 13
2 8 15
t 866 99.76744186046511
m 2 17
0 34 11
1 10 13
2 9 15
t 865 99.76744186046511
m 3 17
0 33 11
1 11 13
2 10 15
t 864 99.76744186046511
m 2 17
0 32 11
1 10 13
2 11 15
t 863 99.76744186046511
m 2 16
0 31 11
1 11 13
2 10 15
t 862 99.76744186046511
m 2 17
0 32 11
1 11 12
2 11 15
t 861 99.76744186046511
m 2 17
0 32 12
1 11 13
2 12 15
t 860 99.76744186046511
m 2 16
0 32 11
1 12 13
2 13 15
t 859 99.76744186046511
m 2 16
0 31 11
1 13 13
2 12 15
t 858 99.76744186046511
m 2 16
0 31 10
1 14 13
2 11 15
t 857 99.76744186046511
m 2 15
0 31 11
1 13 13
2 12 15
t 856 99.76744186046511
m 2 15
0 31 10
1 12 13
2 13 15
t 855 99.76744186046511
m 1 15
0 31 9
1 11 13
2 12 15
t 854 99.76744186046511
m 0 15
0 31 10
1 11 12
2 12 16
t 853 99.76744186046511
m 0 16
0 31 11
1 11 11
2 12 17
t 852 99.76744186046511
m 0 15
0 31 10
1 11 12
2 11 17
t 851 99.76744186046511
m 0 14
0 31 11
1 11 13
2 10 17
t 850 99.76744186046511
m 0 15
0 32 11
1 12 13
2 11 17
t 849 99.76744186046511
m 0 15
0 32 12
1 11 13
2 12 17
t 848 99.76744186046511
m 0 16
0 32 11
1 12 13
2 12 16
t 847 99.76744186046511
m 0 16
0 33 11
1 11 13
2 12 17
t 846 99.76744186046511
m 0 16
0 32 11
1 12 13
2 13 17
t 845 99.76744186046511
m 0 17
0 33 11
1 13 13
2 14 17
t 844 99.76744186046511
m 0 18
0 34 11
1 13 12
2 15 17
t 843 99.76744186046511
m 0 19
0 33 11
1 13 13
2 14 17
t 842 109.76744186046511
m 0 18
0 32 11
1 13 12
2 15 17
t 841 109.76744186046511
m 0 18
0 32 12
1 13 13
2 14 17
t 840 109.76744186046511
m 0 18
0 32 13
1 13 12
2 13 17
t 839 109.76744186046511
m 0 18
0 32 14
1 13 13
2 12 17
t 838 109.76744186046511
m 0 17
0 32 15
1 12 13
2 13 17
t 837 109.76744186046511
m 0 16
0 31 15
1 13 13
2 12 17
t 836 109.76744186046511
m 0 15
0 30 15
1 13 12
2 13 17
t 835 109.76744186046511
m 1 15
0 31 15
1 13 13
2 14 17
t 834 109.76744186046511
m 1 15
0 32 15
1 13 12
2 13 17
t 833 109.76744186046511
m 2 15
0 33 15
1 13 13
2 14 17
t 832 109.76744186046511
m 2 15
0 34 15
1 14 13
2 13 17
t 831 109.76744186046511
m 2 14
0 34 14
1 13 13
2 12 17
t 830 109.76744186046511
m 2 14
0 34 13
1 13 12
2 12 16
t 829 109.76744186046511
m 2 13
0 34 14
1 13 11
2 12 17
t 828 109.76744186046511
m 2 13
0 34 13
1 13 12
2 12 16
t 827 109.76744186046511
m 2 13
0 34 14
1 13 13
2 12 17
t 826 109.76744186046511
m 2 12
0 34 15
1 14 13
2 13 17
t 825 109.76744186046511
m 2 11
0 34 16
1 13 13
2 12 17
t 824 109.76744186046511
m 2 11
0 34 17
1 13 12
2 13 17
t 823 109.76744186046511
m 2 12
0 34 16
1 13 13
2 14 17
t 822 109.76744186046511
m 2 12
0 34 17
1 14 13
2 15 17
t 821 109.76744186046511
m 2 11
0 34 18
1 13 13
2 14 17
t 820 109.76744186046511
m 3 11
0 34 17
1 12 13
2 13 17
t 819 109.76744186046511
m 4 11
0 34 16
1 13 13
2 14 17
t 818 110.54263565891473
m 3 11
0 34 17
1 13 12
2 15 17
t 817 110.54263565891473
m 3 10
0 34 16
1 13 13
2 16 17
t 816 110.54263565891473
m 3 9
0 34 15
1 14 13
2 15 17
t 815 111.31782945736434
m 3 9
0 34 16
1 15 13
2 14 17
t 814 111.31782945736434
m 3 8
0 34 17
1 14 13
2 13 17
t 813 111.31782945736434
m 4 8
0 34 16
1 13 13
2 12 17
t 812 112.09302325581395
m 3 8
0 34 17
1 13 12
2 13 17
t 811 112.09302325581395
m 2 8
0 34 18
1 13 13
2 14 17
t 810 112.09302325581395
m 1 8
0 34 19
1 12 13
2 13 17
t 809 112.86821705426357
m 0 8
0 34 18
1 11 13
2 12 17
t 808 112.86821705426357
m 0 7
0 34 17
1 12 13
2 11 17
t 807 112.86821705426357
m 0 6
0 34 18
1 11 13
2 10 17
t 806 113.64341085271317
m 0 5
0 34 19
1 10 13
2 11 17
t 805 113.64341085271317
m 0 4
0 34 18
1 11 13
2 10 17
t 804 113.64341085271317
m 0 3
0 34 19
1 11 12
2 9 17
t 803 114.4186046511628
m 0 3
0 34 18
1 11 11
2 10 17
t 802 114.4186046511628
m 0 4
0 34 17
1 11 10
2 9 17
t 801 114.4186046511628
m 0 5
0 34 16
1 11 9
2 10 17
t 800 114.4186046511628
m 0 6
0 34 17
1 10 9
2 11 17
t 799 114.4186046511628
m 0 7
0 34 16
1 9 9
2 10 17
t 798 114.4186046511628
m 0 8
0 34 15
1 10 9
2 9 17
t 797 114.4186046511628
m 0 7
0 34 14
1 9 9
2 10 17
t 796 114.4186046511628
m 0 6
0 34 15
1 10 9
2 11 17
t 795 114.4186046511628
m 0 6
0 33 15
1 11 9
2 10 17
t 794 114.4186046511628
m 0 5
0 32 15
1 10 9
2 9 17
t 793 114.4186046511628
m 0 4
0 33 15
1 9 9
2 10 17
t 792 114.4186046511628
m 0 4
0 34 15
1 10 9
2 11 17
t 791 114.4186046511628
m 0 5
0 34 16
1 11 9
2 12 17
t 790 114.4186046511628
m 0 4
0 34 17
1 10 9
2 12 16
t 789 114.4186046511628
m 0 4
0 34 18
1 9 9
2 12 15
t 788 114.4186046511628
m 0 5
0 34 19
1 8 9
2 12 16
t 787 114.4186046511628
m 0 4
0 33 19
1 9 9
2 12 15
t 786 114.4186046511628
m 0 5
0 32 19
1 8 9
2 13 15
t 785 114.4186046511628
m 0 4
0 31 19
1 7 9
2 12 15
t 784 114.4186046511628
m 0 3
0 32 19
1 6 9
2 11 15
t 783 114.4186046511628
m 0 4
0 33 19
1 6 10
2 10 15
t 782 114.4186046511628
m 0 4
0 34 19
1 6 11
2 11 15
t 781 114.4186046511628
m 0 5
0 33 19
1 7 11
2 10 15
f 34 19
t 780 114.4186046511628
m 0 5
0 34 19
1 6 11
2 11 15
t 779 114.4186046511628
m 0 5
0 34 18
1 6 10
2 10 15
t 778 114.4186046511628
m 0 4
0 34 19
1 6 9
2 9 15
t 777 114.4186046511628
m 0 3
0 33 19
1 7 9
2 10 15
t 776 114.4186046511628
m 0 2
0 34 19
1 6 9
2 9 15
t 775 114.4186046511628
m 0 2
0 33 19
1 6 8
2 8 15
t 774 114.4186046511628
m 0 2
0 32 19
1 6 9
2 8 14
t 773 114.4186046511628
m 0 3
0 31 19
1 7 9
2 8 13
t 772 114.4186046511628
m 0 3
0 30 19
1 6 9
2 7 13
t 771 114.4186046511628
m 1 3
0 31 19
1 6 10
2 6 13
t 770 114.4186046511628
m 1 3
0 32 19
1 6 11
2 5 13
t 769 114.4186046511628
m 2 3
0 31 19
1 6 10
2 4 13
t 768 114.4186046511628
m 3 3
0 30 19
1 6 11
2 5 13
t 767 115.1937984496124
m 3 3
0 31 19
1 7 11
2 4 13
t 766 115.1937984496124
m 3 3
0 32 19
1 8 11
2 5 13
t 765 115.1937984496124
m 3 3
0 31 19
1 7 11
2 6 13
t 764 115.1937984496124
m 4 3
0 30 19
1 8 11
2 5 13
t 763 115.1937984496124
m 5 3
0 31 19
1 9 11
2 6 13
t 762 115.1937984496124
m 5 4
0 32 19
1 10 11
2 7 13
t 761 115.96899224806202
m 5 3
0 31 19
1 11 11
2 8 13
t 760 115.96899224806202
m 5 3
0 32 19
1 10 11
2 7 13
t 759 115.96899224806202
m 5 4
0 33 19
1 9 11
2 8 13
t 758 115.96899224806202
m 5 4
0 32 19
1 10 11
2 7 13
t 757 115.96899224806202
m 5 4
0 33 19
1 11 11
2 6 13
t 756 115.96899224806202
m 5 4
0 34 19
1 10 11
2 7 13
t 755 115.96899224806202
m 5 5
0 33 19
1 11 11
2 6 13
t 754 115.96899224806202
m 5 6
0 32 19
1 11 10
2 5 13
t 753 115.96899224806202
m 6 6
0 33 19
1 11 11
2 6 13
t 752 116.74418604651163
m 6 6
0 34 19
1 11 10
2 5 13
t 751 116.74418604651163
m 5 6
0 33 19
1 11 9
2 4 13
t 750 116.74418604651163
m 6 6
0 32 19
1 11 8
2 5 13
t 749 116.74418604651163
m 5 6
0 33 19
1 11 7
2 6 13
t 748 116.74418604651163
m 5 6
0 34 19
1 12 7
2 7 13
t 747 116.74418604651163
m 5 6
0 34 18
1 11 7
2 6 13
t 746 116.74418604651163
m 4 6
0 34 17
1 11 8
2 5 13
t 745 116.74418604651163
m 3 6
0 34 18
1 11 9
2 6 13
t 744 117.51937984496124
m 3 7
0 34 19
1 11 10
2 7 13
t 743 117.51937984496124
m 3 8
0 34 18
1 11 9
2 6 13
t 742 117.51937984496124
m 2 8
0 34 17
1 11 8
2 5 13
t 741 117.51937984496124
m 2 8
0 34 16
1 11 7
2 6 13
t 740 117.51937984496124
m 2 8
0 34 15
1 11 8
2 7 13
t 739 117.51937984496124
m 3 8
0 34 16
1 11 7
2 8 13
t 738 117.51937984496124
m 3 9
0 34 17
1 10 7
2 9 13
t 737 117.51937984496124
m 3 9
0 34 16
1 11 7
2 10 13
t 736 117.51937984496124
m 3 10
0 34 17
1 12 7
2 11 13
t 735 117.51937984496124
m 3 10
0 34 18
1 11 7
2 10 13
t 734 117.51937984496124
m 3 9
0 34 19
1 12 7
2 9 13
t 733 117.51937984496124
m 3 10
0 34 18
1 13 7
2 10 13
t 732 117.51937984496124
m 3 10
0 34 19
1 12 7
2 11 13
t 731 117.51937984496124
m 3 9
0 34 18
1 13 7
2 10 13
t 730 117.51937984496124
m 3 10
0 34 19
1 14 7
2 11 13
t 729 117.51937984496124
m 3 9
0 33 19
1 13 7
2 11 12
t 728 117.51937984496124
m 3 9
0 32 19
1 14 7
2 11 13
t 727 117.51937984496124
m 3 9
0 31 19
1 15 7
2 11 12
t 726 117.51937984496124
m 3 10
0 30 19
1 16 7
2 11 13
t 725 117.51937984496124
m 3 10
0 31 19
1 17 7
2 10 13
t 724 117.51937984496124
m 3 10
0 32 19
1 17 6
2 11 13
t 723 117.51937984496124
m 3 9
0 33 19
1 17 7
2 10 13
t 722 117.51937984496124
m 3 9
0 32 19
1 17 6
2 11 13
t 721 117.51937984496124
m 3 9
0 33 19
1 17 5
2 12 13
t 720 117.51937984496124
m 3 9
0 34 19
1 17 4
2 11 13
t 719 117.51937984496124
m 3 9
0 33 19
1 17 5
2 12 13
t 718 117.51937984496124
m 3 10
0 34 19
1 17 4
2 11 13
t 717 117.51937984496124
m 3 9
0 33 19
1 17 5
2 11 12
t 716 117.51937984496124
m 3 8
0 32 19
1 17 4
2 11 11
t 715 117.51937984496124
m 3 8
0 31 19
1 16 4
2 10 11
t 714 117.51937984496124
m 3 7
0 32 19
1 17 4
2 9 11
t 713 117.51937984496124
m 3 7
0 33 19
1 17 5
2 8 11
t 712 117.51937984496124
m 3 8
0 32 19
1 17 4
2 7 11
t 711 117.51937984496124
m 4 8
0 33 19
1 17 5
2 6 11
t 710 117.51937984496124
m 5 8
0 34 19
1 17 6
2 5 11
t 709 117.51937984496124
m 6 8
0 33 19
1 17 7
2 4 11
t 708 117.51937984496124
m 6 9
0 32 19
1 16 7
2 3 11
t 707 118.29457364341086
m 7 9
0 31 19
1 17 7
2 4 11
t 706 118.29457364341086
m 8 9
0 30 19
1 18 7
2 5 11
t 705 118.29457364341086
m 9 9
0 29 19
1 19 7
2 4 11
t 704 119.06976744186046
m 9 9
0 30 19
1 18 7
2 3 11
t 703 119.06976744186046
m 9 9
0 31 19
1 17 7
2 3 10
t 702 119.06976744186046
m 10 9
0 30 19
1 18 7
2 3 9
t 701 119.06976744186046
m 10 9
0 29 19
1 17 7
2 3 8
t 700 119.06976744186046
m 11 9
0 30 19
1 16 7
2 4 8
t 699 119.06976744186046
m 11 10
0 31 19
1 15 7
2 3 8
t 698 119.84496124031008
m 11 10
0 30 19
1 14 7
2 3 9
t 697 119.84496124031008
m 11 11
0 31 19
1 15 7
2 3 10
t 696 119.84496124031008
m 10 11
0 32 19
1 14 7
2 3 11
t 695 120.62015503875969
m 9 11
0 33 19
1 13 7
2 3 10
t 694 120.62015503875969
m 9 11
0 34 19
1 13 8
2 3 9
t 693 120.62015503875969
m 9 11
0 34 18
1 13 9
2 3 8
t 692 120.62015503875969
m 9 11
0 34 17
1 14 9
2 3 9
t 691 120.62015503875969
m 10 11
0 34 18
1 15 9
2 3 10
t 690 120.62015503875969
m 9 11
0 34 19
1 16 9
2 3 11
t 689 120.62015503875969
m 8 11
0 33 19
1 15 9
2 4 11
t 688 120.62015503875969
m 7 11
0 34 19
1 16 9
2 5 11
t 687 121.3953488372093
m 8 11
0 34 18
1 17 9
2 4 11
t 686 121.3953488372093
m 9 11
0 34 17
1 18 9
2 5 11
t 685 121.3953488372093
m 8 11
0 34 18
1 17 9
2 6 11
t 684 121.3953488372093
m 8 11
0 34 17
1 17 10
2 6 10
t 683 121.3953488372093
m 8 11
0 34 16
1 17 9
2 6 11
t 682 121.3953488372093
m 8 11
0 34 15
1 18 9
2 6 10
t 681 121.3953488372093
m 9 11
0 34 16
1 17 9
2 6 9
t 680 121.3953488372093
m 10 11
0 34 17
1 18 9
2 7 9
t 679 121.3953488372093
m 11 11
0 34 18
1 17 9
2 8 9
t 678 121.3953488372093
m 11 11
0 34 17
1 16 9
2 9 9
t 677 121.3953488372093
m 10 11
0 34 16
1 15 9
2 8 9
t 676 121.3953488372093
m 9 11
0 34 17
1 14 9
2 7 9
t 675 121.3953488372093
m 9 11
0 34 18
1 13 9
2 8 9
t 674 121.3953488372093
m 8 11
0 34 17
1 13 8
2 9 9
t 673 121.3953488372093
m 7 11
0 34 18
1 13 9
2 10 9
t 672 121.3953488372093
m 8 11
0 34 17
1 13 8
2 9 9
t 671 121.3953488372093
m 8 11
0 34 16
1 13 7
2 8 9
t 670 121.3953488372093
m 9 11
0 34 17
1 12 7
2 7 9
t 669 121.3953488372093
m 9 11
0 34 18
1 13 7
2 8 9
t 668 121.3953488372093
m 8 11
0 34 19
1 14 7
2 7 9
t 667 121.3953488372093
m 9 11
0 33 19
1 13 7
2 6 9
t 666 121.3953488372093
m 10 11
0 32 19
1 14 7
2 6 10
t 665 121.3953488372093
m 11 11
0 31 19
1 15 7
2 6 9
t 664 121.3953488372093
m 11 12
0 30 19
1 16 7
2 6 8
t 663 121.3953488372093
m 11 13
0 31 19
1 15 7
2 5 8
t 662 122.17054263565892
m 12 13
0 30 19
1 14 7
2 6 8
t 661 122.17054263565892
m 12 13
0 29 19
1 13 7
2 5 8
t 660 122.17054263565892
m 11 13
0 30 19
1 14 7
2 6 8
t 659 122.17054263565892
m 10 13
0 29 19
1 13 7
2 6 9
t 658 122.17054263565892
m 10 13
0 30 19
1 12 7
2 6 8
t 657 122.17054263565892
m 10 13
0 29 19
1 13 7
2 5 8
t 656 122.17054263565892
m 10 13
0 30 19
1 13 8
2 4 8
t 655 122.17054263565892
m 9 13
0 31 19
1 13 7
2 3 8
t 654 122.17054263565892
m 8 13
0 32 19
1 14 7
2 3 7
t 653 122.94573643410853
m 8 13
0 31 19
1 13 7
2 3 8
t 652 122.94573643410853
m 7 13
0 30 19
1 14 7
2 2 8
t 651 122.94573643410853
m 8 13
0 29 19
1 13 7
2 1 8
t 650 122.94573643410853
m 7 13
0 30 19
1 12 7
2 0 8
t 649 122.94573643410853
m 7 13
0 29 19
1 11 7
2 1 8
t 648 122.94573643410853
m 6 13
0 28 19
1 11 8
2 0 8
t 647 122.94573643410853
m 5 13
0 29 19
1 11 9
2 1 8
t 646 122.94573643410853
m 6 13
0 30 19
1 11 10
2 2 8
t 645 122.94573643410853
m 6 13
0 31 19
1 11 11
2 1 8
t 644 122.94573643410853
m 5 13
0 30 19
1 11 10
2 0 8
t 643 122.94573643410853
m 5 13
0 31 19
1 11 9
2 1 8
t 642 122.94573643410853
m 4 13
0 32 19
1 11 8
2 0 8
t 641 122.94573643410853
m 3 13
0 33 19
1 11 9
2 0 7
t 640 122.94573643410853
m 2 13
0 34 19
1 10 9
2 0 6
t 639 122.94573643410853
m 2 14
0 33 19
1 9 9
2 0 7
t 638 122.94573643410853
m 2 13
0 34 19
1 10 9
2 0 8
t 637 122.94573643410853
m 2 12
0 34 18
1 9 9
2 1 8
t 636 122.94573643410853
m 2 12
0 34 19
1 8 9
2 0 8
t 635 122.94573643410853
m 2 12
0 33 19
1 9 9
2 0 7
t 634 122.94573643410853
m 2 13
0 32 19
1 8 9
2 0 6
t 633 122.94573643410853
m 3 13
0 31 19
1 7 9
2 0 7
t 632 122.94573643410853
m 2 13
0 30 19
1 6 9
2 0 6
t 631 122.94573643410853
m 2 12
0 29 19
1 6 8
2 0 7
t 630 122.94573643410853
m 2 11
0 30 19
1 6 9
2 0 8
t 629 122.94573643410853
m 2 11
0 29 19
1 6 8
2 0 7
t 628 122.94573643410853
m 2 12
0 28 19
1 6 9
2 0 8
t 627 122.94573643410853
m 2 13
0 29 19
1 6 8
2 0 7
t 626 122.94573643410853
m 2 12
0 28 19
1 6 9
2 0 8
t 625 122.94573643410853
m 2 12
0 29 19
1 6 10
2 0 7
t 624 122.94573643410853
m 2 13
0 28 19
1 6 9
2 0 8
t 623 122.94573643410853
m 2 14
0 29 19
1 7 9
2 0 7
t 622 122.94573643410853
m 2 15
0 28 19
1 8 9
2 0 8
t 621 122.94573643410853
m 3 15
0 29 19
1 7 9
2 1 8
t 620 122.94573643410853
m 4 15
0 30 19
1 6 9
2 0 8
t 619 122.94573643410853
m 5 15
0 29 19
1 7 9
2 1 8
t 618 122.94573643410853
m 6 15
0 28 19
1 6 9
2 0 8
t 617 122.94573643410853
m 7 15
0 27 19
1 6 8
2 1 8
t 616 122.94573643410853
m 7 15
0 27 18
1 5 8
2 0 8
t 615 122.94573643410853
m 7 15
0 27 17
1 6 8
2 0 7
t 614 122.94573643410853
m 6 15
0 28 17
1 5 8
2 0 6
t 613 122.94573643410853
m 7 15
0 29 17
1 4 8
2 0 5
t 612 122.94573643410853
m 6 15
0 30 17
1 5 8
2 0 6
t 611 122.94573643410853
m 6 15
0 29 17
1 4 8
2 0 7
t 610 122.94573643410853
m 7 15
0 28 17
1 3 8
2 0 6
t 609 122.94573643410853
m 8 15
0 29 17
1 4 8
2 0 5
t 608 122.94573643410853
m 8 14
0 30 17
1 5 8
2 0 6
t 607 122.94573643410853
m 8 13
0 29 17
1 4 8
2 0 7
t 606 122.94573643410853
m 7 13
0 28 17
1 3 8
2 0 6
t 605 122.94573643410853
m 7 13
0 27 17
1 2 8
2 0 7
t 604 122.94573643410853
m 7 13
0 26 17
1 3 8
2 0 8
t 603 122.94573643410853
m 6 13
0 25 17
1 4 8
2 1 8
t 602 122.94573643410853
m 7 13
0 26 17
1 3 8
2 0 8
t 601 122.94573643410853
m 7 13
0 27 17
1 2 8
2 1 8
t 600 122.94573643410853
m 8 13
0 28 17
1 3 8
2 2 8
t 599 122.94573643410853
m 8 14
0 27 17
1 4 8
2 1 8
t 598 122.94573643410853
m 8 14
0 26 17
1 3 8
2 2 8
t 597 122.94573643410853
m 8 14
0 27 17
1 2 8
2 3 8
t 596 122.94573643410853
m 8 15
0 26 17
1 1 8
2 3 7
t 595 122.94573643410853
m 8 15
0 27 17
1 0 8
2 3 6
t 594 122.94573643410853
m 8 15
0 27 18
1 1 8
2 3 7
t 593 122.94573643410853
m 9 15
0 27 17
1 2 8
2 3 6
t 592 122.94573643410853
m 9 15
0 28 17
1 1 8
2 4 6
t 591 122.94573643410853
m 10 15
0 29 17
1 2 8
2 5 6
t 590 122.94573643410853
m 11 15
0 28 17
1 3 8
2 4 6
t 589 122.94573643410853
m 10 15
0 27 17
1 2 8
2 3 6
t 588 122.94573643410853
m 11 15
0 26 17
1 1 8
2 4 6
t 587 122.94573643410853
m 11 15
0 27 17
1 0 8
2 3 6
t 586 122.94573643410853
m 12 15
0 27 18
1 0 7
2 3 7
t 585 122.94573643410853
m 13 15
0 27 19
1 0 6
2 3 6
t 584 122.94573643410853
m 14 15
0 26 19
1 0 5
2 4 6
t 583 122.94573643410853
m 14 15
0 27 19
1 0 4
2 5 6
t 582 122.94573643410853
m 14 15
0 28 19
1 0 5
2 6 6
t 581 122.94573643410853
m 15 15
0 27 19
1 0 6
2 7 6
t 580 122.94573643410853
m 16 15
0 27 18
1 0 7
2 6 6
t 579 122.94573643410853
m 15 15
0 27 17
1 0 6
2 7 6
t 578 122.94573643410853
m 14 15
0 28 17
1 0 7
2 8 6
t 577 122.94573643410853
m 15 15
0 27 17
1 0 6
2 7 6
t 576 122.94573643410853
m 16 15
0 26 17
1 0 7
2 6 6
t 575 122.94573643410853
m 15 15
0 27 17
1 0 6
2 7 6
t 574 122.94573643410853
m 15 15
0 27 18
1 0 7
2 8 6
t 573 122.94573643410853
m 16 15
0 27 17
1 0 8
2 7 6
t 572 122.94573643410853
m 15 15
0 28 17
1 1 8
2 6 6
t 571 122.94573643410853
m 16 15
0 29 17
1 2 8
2 5 6
t 570 122.94573643410853
m 16 15
0 30 17
1 3 8
2 5 5
t 569 122.94573643410853
m 16 16
0 31 17
1 4 8
2 5 6
t 568 122.94573643410853
m 16 16
0 30 17
1 5 8
2 6 6
t 567 122.94573643410853
m 16 15
0 31 17
1 4 8
2 7 6
t 566 122.94573643410853
m 16 15
0 30 17
1 3 8
2 8 6
t 565 122.94573643410853
m 15 15
0 29 17
1 3 9
2 7 6
t 564 122.94573643410853
m 15 15
0 30 17
1 3 10
2 8 6
t 563 122.94573643410853
m 16 15
0 31 17
1 3 11
2 9 6
t 562 122.94573643410853
m 16 15
0 32 17
1 4 11
2 9 7
t 561 122.94573643410853
m 16 16
0 32 16
1 3 11
2 10 7
t 560 122.94573643410853
m 16 16
0 32 17
1 4 11
2 11 7
t 559 122.94573643410853
m 16 17
0 31 17
1 5 11
2 11 8
t 558 122.94573643410853
m 16 16
0 30 17
1 6 11
2 11 9
t 557 122.94573643410853
m 16 15
0 29 17
1 6 10
2 11 8
t 556 122.94573643410853
m 16 16
0 28 17
1 6 11
2 11 9
t 555 122.94573643410853
m 16 15
0 27 17
1 5 11
2 11 10
t 554 122.94573643410853
m 15 15
0 28 17
1 4 11
2 11 9
t 553 122.94573643410853
m 14 15
0 27 17
1 3 11
2 10 9
t 552 122.94573643410853
m 14 15
0 26 17
1 4 11
2 9 9
t 551 122.94573643410853
m 14 15
0 25 17
1 3 11
2 10 9
t 550 122.94573643410853
m 14 15
0 24 17
1 3 10
2 11 9
t 549 122.94573643410853
m 15 15
0 23 17
1 3 11
2 11 10
t 548 122.94573643410853
m 15 15
0 24 17
1 4 11
2 11 11
t 547 122.94573643410853
m 15 15
0 23 17
1 5 11
2 10 11
t 546 122.94573643410853
m 14 15
0 24 17
1 4 11
2 9 11
t 545 122.94573643410853
m 15 15
0 23 17
1 3 11
2 8 11
t 544 122.94573643410853
m 16 15
0 24 17
1 4 11
2 9 11
t 543 122.94573643410853
m 16 16
0 25 17
1 5 11
2 8 11
t 542 122.94573643410853
m 16 15
0 24 17
1 4 11
2 7 11
t 541 122.94573643410853
m 16 15
0 25 17
1 3 11
2 8 11
t 540 122.94573643410853
m 16 14
0 26 17
1 4 11
2 9 11
t 539 122.94573643410853
m 17 14
0 27 17
1 5 11
2 8 11
t 538 122.94573643410853
m 18 14
0 28 17
1 4 11
2 7 11
t 537 122.94573643410853
m 18 13
0 29 17
1 5 11
2 8 11
t 536 122.94573643410853
m 18 13
0 28 17
1 4 11
2 9 11
t 535 122.94573643410853
m 19 13
0 29 17
1 3 11
2 10 11
t 534 122.94573643410853
m 20 13
0 30 17
1 2 11
2 9 11
t 533 123.72093023255815
m 21 13
0 31 17
1 1 11
2 10 11
t 532 123.72093023255815
m 21 12
0 32 17
1 2 11
2 11 11
t 531 124.49612403100775
m 21 11
0 31 17
1 2 12
2 10 11
t 530 124.49612403100775
m 21 10
0 32 17
1 2 13
2 11 11
t 529 124.49612403100775
m 21 9
0 32 16
1 3 13
2 11 10
t 528 125.27131782945736
m 20 9
0 32 17
1 4 13
2 11 11
t 527 125.27131782945736
m 19 9
0 32 16
1 5 13
2 10 11
t 526 125.27131782945736
m 18 9
0 32 15
1 4 13
2 11 11
t 525 126.04651162790698
m 19 9
0 32 16
1 3 13
2 10 11
t 524 126.04651162790698
m 19 9
0 32 17
1 4 13
2 11 11
t 523 126.04651162790698
m 19 9
0 31 17
1 3 13
2 11 12
t 522 126.04651162790698
m 19 9
0 30 17
1 2 13
2 11 13
t 521 126.04651162790698
m 19 9
0 29 17
1 2 12
2 10 13
t 520 126.04651162790698
m 20 9
0 30 17
1 2 13
2 9 13
t 519 126.04651162790698
m 20 9
0 29 17
1 3 13
2 10 13
t 518 126.04651162790698
m 20 9
0 28 17
1 4 13
2 9 13
t 517 126.04651162790698
m 19 9
0 27 17
1 3 13
2 8 13
t 516 126.04651162790698
m 20 9
0 27 18
1 4 13
2 8 14
t 515 126.04651162790698
m 20 9
0 27 19
1 3 13
2 8 15
t 514 126.04651162790698
m 19 9
0 28 19
1 4 13
2 7 15
t 513 126.04651162790698
m 18 9
0 29 19
1 3 13
2 6 15
t 512 126.04651162790698
m 19 9
0 28 19
1 2 13
2 5 15
t 511 126.04651162790698
m 20 9
0 27 19
1 2 12
2 6 15
t 510 126.04651162790698
m 20 9
0 28 19
1 2 11
2 5 15
t 509 126.04651162790698
m 19 9
0 29 19
1 3 11
2 6 15
t 508 126.04651162790698
m 20 9
0 30 19
1 3 10
2 5 15
t 507 126.04651162790698
m 20 9
0 29 19
1 3 9
2 4 15
t 506 126.04651162790698
m 19 9
0 28 19
1 3 8
2 3 15
t 505 126.04651162790698
m 19 9
0 27 19
1 2 8
2 2 15
t 504 126.04651162790698
m 19 9
0 26 19
1 1 8
2 3 15
t 503 126.04651162790698
m 20 9
0 27 19
1 2 8
2 4 15
t 502 126.04651162790698
m 19 9
0 27 18
1 1 8
2 3 15
t 501 126.04651162790698
m 19 9
0 27 19
1 0 8
2 4 15
t 500 126.04651162790698
m 19 9
0 28 19
1 1 8
2 5 15
t 499 126.04651162790698
m 18 9
0 29 19
1 2 8
2 6 15
t 498 126.04651162790698
m 19 9
0 30 19
1 1 8
2 7 15
t 497 126.04651162790698
m 19 9
0 29 19
1 2 8
2 6 15
t 496 126.04651162790698
m 20 9
0 28 19
1 1 8
2 5 15
t 495 126.04651162790698
m 19 9
0 27 19
1 2 8
2 6 15
t 494 126.04651162790698
m 20 9
0 26 19
1 3 8
2 5 15
t 493 126.04651162790698
m 19 9
0 25 19
1 4 8
2 4 15
t 492 126.04651162790698
m 20 9
0 26 19
1 5 8
2 5 15
t 491 126.04651162790698
m 19 9
0 25 19
1 4 8
2 6 15
t 490 126.04651162790698
m 19 9
0 26 19
1 5 8
2 5 15
t 489 126.04651162790698
m 19 9
0 27 19
1 6 8
2 4 15
t 488 126.04651162790698
m 19 9
0 27 18
1 5 8
2 5 15
t 487 126.04651162790698
m 18 9
0 27 19
1 6 8
2 6 15
t 486 126.04651162790698
m 17 9
0 26 19
1 6 9
2 7 15
t 485 126.04651162790698
m 17 10
0 25 19
1 6 10
2 6 15
t 484 126.82170542635659
m 17 9
0 26 19
1 6 9
2 5 15
t 483 126.82170542635659
m 16 9
0 27 19
1 7 9
2 6 15
t 482 126.82170542635659
m 15 9
0 27 18
1 8 9
2 5 15
t 481 127.59689922480621
m 16 9
0 27 19
1 7 9
2 4 15
t 480 127.59689922480621
m 17 9
0 28 19
1 8 9
2 5 15
t 479 127.59689922480621
m 17 10
0 29 19
1 7 9
2 4 15
t 478 127.59689922480621
m 17 11
0 28 19
1 8 9
2 3 15
t 477 127.59689922480621
m 16 11
0 27 19
1 9 9
2 4 15
t 476 128.37209302325581
m 17 11
0 28 19
1 10 9
2 3 15
t 475 128.37209302325581
m 18 11
0 27 19
1 11 9
2 2 15
t 474 128.37209302325581
m 19 11
0 26 19
1 11 8
2 2 16
t 473 129.14728682170542
m 20 11
0 27 19
1 11 7
2 2 15
t 472 129.14728682170542
m 21 11
0 27 18
1 10 7
2 2 14
t 471 129.14728682170542
m 21 10
0 27 17
1 11 7
2 2 15
t 470 129.14728682170542
m 21 10
0 26 17
1 11 8
2 3 15
t 469 129.14728682170542
m 21 11
0 25 17
1 11 7
2 2 15
t 468 129.14728682170542
m 20 11
0 24 17
1 12 7
2 1 15
t 467 129.14728682170542
m 21 11
0 25 17
1 11 7
2 2 15
t 466 129.14728682170542
m 21 10
0 26 17
1 10 7
2 3 15
t 465 129.14728682170542
m 21 9
0 25 17
1 11 7
2 4 15
t 464 129.14728682170542
m 20 9
0 24 17
1 11 8
2 5 15
t 463 129.14728682170542
m 19 9
0 23 17
1 11 9
2 6 15
t 462 129.14728682170542
m 20 9
0 24 17
1 10 9
2 7 15
t 461 129.14728682170542
m 20 9
0 25 17
1 9 9
2 8 15
t 460 129.14728682170542
m 20 9
0 24 17
1 8 9
2 7 15
t 459 129.14728682170542
m 20 9
0 23 17
1 7 9
2 6 15
t 458 129.14728682170542
m 20 9
0 24 17
1 8 9
2 7 15
t 457 129.14728682170542
m 21 9
0 25 17
1 9 9
2 6 15
t 456 129.14728682170542
m 21 9
0 24 17
1 10 9
2 5 15
t 455 129.14728682170542
m 20 9
0 23 17
1 11 9
2 4 15
t 454 129.14728682170542
m 20 9
0 22 17
1 11 8
2 3 15
t 453 129.14728682170542
m 20 9
0 22 16
1 11 7
2 2 15
t 452 129.14728682170542
m 21 9
0 22 17
1 10 7
2 3 15
t 451 129.14728682170542
m 21 9
0 22 16
1 11 7
2 2 15
t 450 129.14728682170542
m 21 8
0 22 15
1 11 8
2 2 14
t 449 129.14728682170542
m 21 8
0 23 15
1 11 7
2 2 15
t 448 129.14728682170542
m 21 8
0 22 15
1 10 7
2 1 15
t 447 129.14728682170542
m 21 8
0 23 15
1 9 7
2 2 15
t 446 129.14728682170542
m 21 8
0 22 15
1 10 7
2 3 15
t 445 129.14728682170542
m 21 9
0 22 16
1 9 7
2 4 15
t 444 129.14728682170542
m 21 8
0 22 15
1 9 6
2 3 15
t 443 129.14728682170542
m 21 7
0 21 15
1 9 5
2 2 15
t 442 129.14728682170542
m 20 7
0 22 15
1 9 6
2 1 15
t 441 129.92248062015506
m 19 7
0 21 15
1 9 5
2 2 15
t 440 129.92248062015506
m 20 7
0 22 15
1 10 5
2 3 15
t 439 129.92248062015506
m 20 7
0 22 16
1 9 5
2 2 15
t 438 129.92248062015506
m 21 7
0 22 17
1 10 5
2 1 15
t 437 129.92248062015506
m 22 7
0 21 17
1 9 5
2 0 15
t 436 129.92248062015506
m 23 7
0 20 17
1 9 4
2 1 15
t 435 130.69767441860466
m 23 7
0 19 17
1 9 3
2 2 15
t 434 130.69767441860466
m 22 7
0 18 17
1 8 3
2 3 15
t 433 130.69767441860466
m 22 7
0 17 17
1 7 3
2 2 15
t 432 130.69767441860466
m 22 7
0 18 17
1 7 2
2 1 15
t 431 130.69767441860466
m 23 7
0 18 18
1 7 1
2 0 15
t 430 130.69767441860466
m 23 7
0 18 17
1 7 2
2 0 14
t 429 130.69767441860466
m 22 7
0 17 17
1 7 3
2 0 13
t 428 130.69767441860466
m 22 7
0 16 17
1 8 3
2 0 12
t 427 130.69767441860466
m 22 7
0 15 17
1 9 3
2 0 11
t 426 130.69767441860466
m 22 7
0 14 17
1 9 2
2 0 12
t 425 130.69767441860466
m 22 7
0 13 17
1 9 3
2 0 13
t 424 130.69767441860466
m 21 7
0 14 17
1 8 3
2 0 14
t 423 130.69767441860466
m 21 7
0 13 17
1 7 3
2 0 15
t 422 130.69767441860466
m 21 8
0 14 17
1 8 3
2 0 14
t 421 130.69767441860466
m 21 8
0 15 17
1 7 3
2 0 15
t 420 130.69767441860466
m 21 8
0 16 17
1 6 3
2 1 15
t 419 130.69767441860466
m 21 7
0 17 17
1 7 3
2 0 15
t 418 130.69767441860466
m 21 7
0 18 17
1 6 3
2 0 14
t 417 130.69767441860466
m 22 7
0 17 17
1 5 3
2 0 13
t 416 130.69767441860466
m 23 7
0 18 17
1 6 3
2 0 14
t 415 130.69767441860466
m 22 7
0 17 17
1 7 3
2 0 15
t 414 130.69767441860466
m 22 7
0 18 17
1 7 2
2 1 15
t 413 130.69767441860466
m 22 7
0 17 17
1 7 3
2 2 15
t 412 130.69767441860466
m 23 7
0 18 17
1 6 3
2 1 15
t 411 130.69767441860466
m 24 7
0 19 17
1 7 3
2 2 15
t 410 130.69767441860466
m 24 7
0 20 17
1 8 3
2 1 15
t 409 130.69767441860466
m 24 7
0 21 17
1 9 3
2 2 15
t 408 130.69767441860466
m 25 7
0 20 17
1 9 4
2 1 15
t 407 130.69767441860466
m 25 6
0 19 17
1 9 3
2 0 15
t 406 130.69767441860466
m 25 7
0 20 17
1 9 2
2 1 15
t 405 130.69767441860466
m 25 6
0 21 17
1 9 3
2 2 15
t 404 130.69767441860466
m 25 6
0 22 17
1 9 4
2 2 16
t 403 130.69767441860466
m 25 5
0 23 17
1 9 5
2 2 15
t 402 130.69767441860466
m 25 5
0 24 17
1 9 4
2 3 15
t 401 130.69767441860466
m 24 5
0 23 17
1 9 3
2 2 15
t 400 130.69767441860466
m 24 5
0 22 17
1 9 2
2 1 15
t 399 130.69767441860466
m 25 5
0 21 17
1 10 2
2 0 15
t 398 130.69767441860466
m 25 5
0 20 17
1 11 2
2 1 15
t 397 130.69767441860466
m 25 6
0 19 17
1 10 2
2 2 15
t 396 130.69767441860466
m 26 6
0 18 17
1 11 2
2 2 16
t 395 130.69767441860466
m 27 6
0 18 18
1 12 2
2 2 15
t 394 130.69767441860466
m 28 6
0 18 17
1 13 2
2 1 15
t 393 130.69767441860466
m 29 6
0 17 17
1 13 3
2 0 15
t 392 130.69767441860466
m 30 6
0 16 17
1 13 2
2 0 14
t 391 130.69767441860466
m 31 6
0 16 18
1 12 2
2 0 15
t 390 130.69767441860466
m 31 7
0 16 19
1 11 2
2 1 15
t 389 130.69767441860466
m 31 6
0 15 19
1 12 2
2 0 15
t 388 130.69767441860466
m 31 6
0 14 19
1 13 2
2 0 14
t 387 130.69767441860466
m 31 6
0 15 19
1 12 2
2 0 13
t 386 130.69767441860466
m 30 6
0 14 19
1 11 2
2 0 12
t 385 130.69767441860466
m 31 6
0 13 19
1 10 2
2 0 11
t 384 130.69767441860466
m 31 7
0 12 19
1 9 2
2 1 11
t 383 130.69767441860466
m 31 8
0 11 19
1 10 2
2 0 11
t 382 130.69767441860466
m 31 9
0 12 19
1 9 2
2 0 12
t 381 130.69767441860466
m 31 8
0 13 19
1 10 2
2 0 13
t 380 130.69767441860466
m 31 8
0 14 19
1 9 2
2 0 14
t 379 130.69767441860466
m 31 7
0 13 19
1 9 3
2 0 15
t 378 130.69767441860466
m 31 7
0 14 19
1 9 2
2 0 16
t 377 130.69767441860466
m 31 8
0 15 19
1 10 2
2 0 17
t 376 130.69767441860466
m 32 8
0 16 19
1 11 2
2 0 18
t 375 130.69767441860466
m 31 8
0 15 19
1 10 2
2 0 17
t 374 130.69767441860466
m 31 9
0 14 19
1 11 2
2 0 18
t 373 130.69767441860466
m 31 9
0 13 19
1 12 2
2 0 19
t 372 130.69767441860466
m 31 9
0 12 19
1 13 2
2 0 18
t 371 130.69767441860466
m 31 10
0 13 19
1 14 2
2 0 19
t 370 130.69767441860466
m 31 11
0 12 19
1 15 2
2 1 19
t 369 131.47286821705427
m 31 10
0 13 19
1 16 2
2 0 19
t 368 131.47286821705427
m 31 10
0 14 19
1 15 2
2 1 19
t 367 131.47286821705427
m 31 11
0 13 19
1 14 2
2 0 19
t 366 131.47286821705427
m 32 11
0 14 19
1 15 2
2 1 19
t 365 131.47286821705427
m 33 11
0 15 19
1 16 2
2 0 19
t 364 131.47286821705427
m 34 11
0 14 19
1 15 2
2 1 19
t 363 132.24806201550388
m 34 11
0 15 19
1 14 2
2 2 19
t 362 132.24806201550388
m 34 12
0 16 19
1 15 2
2 3 19
t 361 132.24806201550388
m 34 13
0 16 18
1 14 2
2 2 19
t 360 132.24806201550388
m 34 13
0 16 19
1 13 2
2 1 19
t 359 132.24806201550388
m 34 13
0 15 19
1 12 2
2 0 19
t 358 132.24806201550388
m 34 14
0 14 19
1 13 2
2 1 19
t 357 132.24806201550388
m 34 15
0 13 19
1 14 2
2 0 19
t 356 132.24806201550388
m 34 16
0 14 19
1 15 2
2 1 19
t 355 132.24806201550388
m 34 16
0 15 19
1 14 2
2 0 19
t 354 132.24806201550388
m 34 15
0 14 19
1 15 2
2 0 18
t 353 132.24806201550388
m 34 16
0 13 19
1 16 2
2 0 19
t 352 132.24806201550388
m 34 17
0 12 19
1 15 2
2 1 19
t 351 132.24806201550388
m 34 18
0 11 19
1 14 2
2 2 19
t 350 132.24806201550388
m 34 19
0 12 19
1 13 2
2 1 19
t 349 142.24806201550388
m 33 19
0 11 19
1 14 2
2 2 19
t 348 142.24806201550388
m 34 19
0 12 19
1 13 2
2 3 19
t 347 142.24806201550388
m 34 18
0 13 19
1 14 2
2 2 19
t 346 142.24806201550388
m 34 17
0 14 19
1 13 2
2 3 19
t 345 142.24806201550388
m 34 17
0 15 19
1 14 2
2 4 19
t 344 142.24806201550388
m 34 17
0 16 19
1 13 2
2 3 19
t 343 142.24806201550388
m 34 17
0 16 18
1 12 2
2 4 19
t 342 142.24806201550388
m 34 16
0 16 19
1 11 2
2 5 19
t 341 142.24806201550388
m 34 16
0 15 19
1 12 2
2 6 19
t 340 142.24806201550388
m 34 15
0 14 19
1 13 2
2 7 19
t 339 142.24806201550388
m 34 14
0 13 19
1 12 2
2 6 19
t 338 142.24806201550388
m 34 15
0 12 19
1 13 2
2 7 19
t 337 142.24806201550388
m 34 14
0 13 19
1 13 3
2 7 18
t 336 142.24806201550388
m 34 13
0 12 19
1 13 4
2 7 17
t 335 142.24806201550388
m 34 12
0 13 19
1 14 4
2 6 17
t 334 142.24806201550388
m 34 11
0 14 19
1 13 4
2 7 17
t 333 142.24806201550388
m 34 12
0 13 19
1 14 4
2 6 17
t 332 142.24806201550388
m 34 13
0 14 19
1 13 4
2 5 17
f 34 0
t 331 142.24806201550388
m 34 12
0 13 19
1 13 5
2 4 17
t 330 142.24806201550388
m 34 11
0 14 19
1 12 5
2 5 17
t 329 142.24806201550388
m 34 12
0 13 19
1 11 5
2 4 17
t 328 142.24806201550388
m 34 11
0 12 19
1 10 5
2 3 17
t 327 142.24806201550388
m 33 11
0 13 19
1 9 5
2 2 17
t 326 142.24806201550388
m 34 11
0 12 19
1 9 6
2 2 16
t 325 142.24806201550388
m 34 12
0 13 19
1 8 6
2 2 15
t 324 142.24806201550388
m 34 11
0 12 19
1 7 6
2 3 15
t 323 142.24806201550388
m 34 12
0 11 19
1 8 6
2 4 15
t 322 142.24806201550388
m 34 11
0 10 19
1 7 6
2 3 15
t 321 142.24806201550388
m 34 11
0 9 19
1 6 6
2 4 15
t 320 142.24806201550388
m 33 11
0 10 19
1 5 6
2 5 15
t 319 142.24806201550388
m 33 11
0 11 19
1 6 6
2 6 15
t 318 142.24806201550388
m 33 11
0 12 19
1 5 6
2 7 15
t 317 142.24806201550388
m 34 11
0 11 19
1 6 6
2 8 15
t 316 142.24806201550388
m 34 11
0 12 19
1 5 6
2 7 15
t 315 142.24806201550388
m 33 11
0 13 19
1 6 6
2 6 15
t 314 142.24806201550388
m 32 11
0 14 19
1 7 6
2 7 15
t 313 142.24806201550388
m 32 12
0 13 19
1 8 6
2 6 15
t 312 142.24806201550388
m 32 13
0 14 19
1 7 6
2 5 15
t 311 143.02325581395348
m 32 14
0 15 19
1 6 6
2 6 15
t 310 143.02325581395348
m 32 15
0 16 19
1 5 6
2 7 15
t 309 143.02325581395348
m 32 14
0 16 18
1 6 6
2 8 15
t 308 143.02325581395348
m 32 14
0 16 19
1 5 6
2 9 15
t 307 143.02325581395348
m 32 13
0 16 18
1 6 6
2 10 15
t 306 143.02325581395348
m 31 13
0 16 17
1 5 6
2 11 15
t 305 143.02325581395348
m 31 13
0 17 17
1 4 6
2 10 15
t 304 143.02325581395348
m 32 13
0 18 17
1 3 6
2 9 15
t 303 143.02325581395348
m 32 13
0 17 17
1 4 6
2 10 15
t 302 143.02325581395348
m 31 13
0 16 17
1 3 6
2 9 15
t 301 143.02325581395348
m 30 13
0 16 16
1 3 7
2 8 15
t 300 143.02325581395348
m 29 13
0 16 15
1 3 8
2 7 15
t 299 143.7984496124031
m 29 13
0 16 16
1 3 7
2 6 15
t 298 143.7984496124031
m 28 13
0 16 17
1 3 6
2 7 15
t 297 143.7984496124031
m 28 13
0 15 17
1 4 6
2 6 15
t 296 143.7984496124031
m 27 13
0 14 17
1 5 6
2 7 15
t 295 143.7984496124031
m 26 13
0 13 17
1 5 5
2 8 15
t 294 143.7984496124031
m 25 13
0 12 17
1 5 6
2 9 15
t 293 143.7984496124031
m 24 13
0 12 16
1 6 6
2 10 15
t 292 143.7984496124031
m 25 13
0 12 15
1 5 6
2 9 15
t 291 143.7984496124031
m 25 13
0 12 16
1 4 6
2 10 15
t 290 143.7984496124031
m 25 13
0 12 15
1 5 6
2 9 15
t 289 143.7984496124031
m 25 13
0 12 16
1 6 6
2 10 15
t 288 143.7984496124031
m 24 13
0 12 15
1 5 6
2 9 15
t 287 143.7984496124031
m 24 13
0 13 15
1 4 6
2 10 15
t 286 143.7984496124031
m 25 13
0 12 15
1 5 6
2 11 15
t 285 143.7984496124031
m 25 13
0 11 15
1 4 6
2 10 15
t 284 143.7984496124031
m 26 13
0 12 15
1 3 6
2 9 15
t 283 143.7984496124031
m 25 13
0 12 16
1 3 7
2 10 15
t 282 143.7984496124031
m 25 13
0 12 15
1 3 6
2 11 15
t 281 143.7984496124031
m 25 13
0 11 15
1 4 6
2 12 15
t 280 143.7984496124031
m 25 13
0 10 15
1 3 6
2 12 16
t 279 143.7984496124031
m 26 13
0 11 15
1 4 6
2 12 15
t 278 143.7984496124031
m 26 13
0 10 15
1 3 6
2 13 15
t 277 143.7984496124031
m 27 13
0 11 15
1 4 6
2 14 15
t 276 143.7984496124031
m 28 13
0 10 15
1 3 6
2 13 15
t 275 143.7984496124031
m 27 13
0 11 15
1 3 7
2 12 15
t 274 143.7984496124031
m 28 13
0 10 15
1 3 8
2 12 16
t 273 143.7984496124031
m 29 13
0 11 15
1 3 7
2 12 17
t 272 143.7984496124031
m 30 13
0 10 15
1 3 8
2 13 17
t 271 143.7984496124031
m 29 13
0 11 15
1 4 8
2 12 17
t 270 143.7984496124031
m 29 13
0 10 15
1 5 8
2 12 16
t 269 143.7984496124031
m 30 13
0 9 15
1 6 8
2 12 15
t 268 143.7984496124031
m 29 13
0 10 15
1 5 8
2 13 15
t 267 143.7984496124031
m 29 13
0 11 15
1 6 8
2 12 15
t 266 143.7984496124031
m 28 13
0 10 15
1 5 8
2 12 16
t 265 143.7984496124031
m 28 13
0 9 15
1 4 8
2 12 15
t 264 143.7984496124031
m 29 13
0 10 15
1 3 8
2 11 15
t 263 143.7984496124031
m 29 13
0 11 15
1 4 8
2 10 15
t 262 143.7984496124031
m 29 13
0 10 15
1 3 8
2 9 15
t 261 143.7984496124031
m 30 13
0 11 15
1 3 7
2 10 15
t 260 143.7984496124031
m 30 13
0 12 15
1 3 6
2 9 15
t 259 143.7984496124031
m 30 13
0 13 15
1 4 6
2 10 15
t 258 143.7984496124031
m 29 13
0 14 15
1 5 6
2 11 15
t 257 143.7984496124031
m 28 13
0 13 15
1 4 6
2 10 15
t 256 143.7984496124031
m 29 13
0 14 15
1 3 6
2 9 15
t 255 143.7984496124031
m 28 13
0 15 15
1 3 7
2 10 15
t 254 143.7984496124031
m 29 13
0 16 15
1 3 8
2 11 15
t 253 143.7984496124031
m 28 13
0 16 16
1 2 8
2 10 15
t 252 143.7984496124031
m 28 13
0 16 17
1 1 8
2 9 15
t 251 143.7984496124031
m 28 13
0 15 17
1 2 8
2 10 15
t 250 143.7984496124031
m 28 13
0 14 17
1 1 8
2 11 15
t 249 143.7984496124031
m 29 13
0 13 17
1 0 8
2 10 15
t 248 143.7984496124031
m 30 13
0 12 17
1 0 7
2 9 15
t 247 143.7984496124031
m 30 13
0 13 17
1 0 8
2 10 15
t 246 143.7984496124031
m 30 13
0 12 17
1 0 7
2 11 15
t 245 143.7984496124031
m 31 13
0 13 17
1 0 6
2 10 15
t 244 143.7984496124031
m 32 13
0 12 17
1 0 5
2 9 15
t 243 143.7984496124031
m 32 12
0 12 16
1 0 4
2 8 15
t 242 143.7984496124031
m 32 13
0 12 17
1 0 3
2 9 15
t 241 143.7984496124031
m 31 13
0 11 17
1 0 2
2 8 15
t 240 143.7984496124031
m 30 13
0 12 17
1 0 1
2 8 14
t 239 143.7984496124031
m 30 13
0 13 17
1 0 0
2 8 13
t 238 143.7984496124031
m 31 13
0 14 17
1 1 0
2 7 13
t 237 143.7984496124031
m 32 13
0 13 17
1 2 0
2 6 13
t 236 143.7984496124031
m 32 13
0 12 17
1 1 0
2 5 13
t 235 143.7984496124031
m 32 12
0 12 16
1 0 0
2 6 13
t 234 143.7984496124031
m 32 11
0 12 15
1 1 0
2 5 13
t 233 143.7984496124031
m 32 11
0 11 15
1 2 0
2 6 13
t 232 143.7984496124031
m 31 11
0 10 15
1 3 0
2 5 13
t 231 143.7984496124031
m 31 11
0 9 15
1 2 0
2 4 13
t 230 143.7984496124031
m 30 11
0 10 15
1 1 0
2 3 13
t 229 143.7984496124031
m 29 11
0 9 15
1 2 0
2 4 13
t 228 143.7984496124031
m 28 11
0 8 15
1 1 0
2 3 13
t 227 144.5736434108527
m 29 11
0 9 15
1 2 0
2 4 13
t 226 144.5736434108527
m 28 11
0 10 15
1 3 0
2 3 13
t 225 144.5736434108527
m 28 11
0 9 15
1 4 0
2 2 13
t 224 144.5736434108527
m 28 10
0 10 15
1 5 0
2 2 12
t 223 144.5736434108527
m 28 10
0 9 15
1 6 0
2 2 13
t 222 144.5736434108527
m 28 11
0 8 15
1 5 0
2 2 14
t 221 144.5736434108527
m 29 11
0 9 15
1 6 0
2 2 13
t 220 144.5736434108527
m 30 11
0 8 15
1 5 0
2 2 12
t 219 144.5736434108527
m 30 11
0 8 14
1 6 0
2 2 13
t 218 144.5736434108527
m 29 11
0 8 15
1 5 0
2 2 14
t 217 144.5736434108527
m 28 11
0 9 15
1 6 0
2 2 15
t 216 144.5736434108527
m 28 11
0 10 15
1 7 0
2 1 15
t 215 144.5736434108527
m 28 10
0 9 15
1 8 0
2 0 15
t 214 144.5736434108527
m 28 9
0 8 15
1 9 0
2 0 14
t 213 144.5736434108527
m 28 10
0 8 14
1 8 0
2 0 13
t 212 144.5736434108527
m 28 11
0 8 13
1 7 0
2 0 12
t 211 144.5736434108527
m 28 11
0 7 13
1 7 1
2 0 13
t 210 144.5736434108527
m 27 11
0 8 13
1 7 0
2 0 14
t 209 144.5736434108527
m 26 11
0 8 14
1 7 1
2 0 13
t 208 144.5736434108527
m 25 11
0 8 13
1 7 2
2 0 14
t 207 145.34883720930233
m 25 11
0 9 13
1 7 3
2 0 15
t 206 145.34883720930233
m 26 11
0 10 13
1 7 2
2 1 15
t 205 145.34883720930233
m 27 11
0 9 13
1 7 1
2 0 15
t 204 145.34883720930233
m 28 11
0 8 13
1 7 0
2 0 16
t 203 145.34883720930233
m 28 10
0 8 14
1 7 1
2 0 15
t 202 145.34883720930233
m 28 9
0 8 15
1 7 0
2 0 16
t 201 145.34883720930233
m 27 9
0 8 14
1 7 1
2 0 17
t 200 145.34883720930233
m 28 9
0 8 13
1 7 0
2 0 16
t 199 145.34883720930233
m 28 10
0 8 14
1 8 0
2 0 17
t 198 145.34883720930233
m 28 11
0 8 13
1 7 0
2 0 18
t 197 145.34883720930233
m 28 10
0 7 13
1 7 1
2 0 17
t 196 145.34883720930233
m 28 10
0 8 13
1 7 2
2 0 16
t 195 145.34883720930233
m 28 11
0 7 13
1 7 3
2 0 17
t 194 145.34883720930233
m 29 11
0 6 13
1 6 3
2 0 18
t 193 145.34883720930233
m 30 11
0 5 13
1 5 3
2 0 17
t 192 145.34883720930233
m 30 11
0 4 13
1 4 3
2 0 18
t 191 145.34883720930233
m 31 11
0 3 13
1 5 3
2 0 17
t 190 145.34883720930233
m 31 10
0 4 13
1 4 3
2 0 18
t 189 145.34883720930233
m 31 10
0 5 13
1 5 3
2 0 19
t 188 145.34883720930233
m 31 11
0 6 13
1 6 3
2 0 18
t 187 145.34883720930233
m 31 10
0 5 13
1 7 3
2 0 17
t 186 145.34883720930233
m 31 10
0 4 13
1 6 3
2 0 18
t 185 145.34883720930233
m 31 10
0 5 13
1 5 3
2 0 17
t 184 145.34883720930233
m 31 9
0 6 13
1 4 3
2 0 16
t 183 145.34883720930233
m 31 8
0 5 13
1 3 3
2 0 17
t 182 145.34883720930233
m 31 7
0 6 13
1 2 3
2 0 18
t 181 145.34883720930233
m 31 7
0 5 13
1 1 3
2 0 19
t 180 145.34883720930233
m 31 7
0 4 13
1 2 3
2 0 18
t 179 145.34883720930233
m 31 6
0 3 13
1 1 3
2 0 17
t 178 145.34883720930233
m 31 7
0 2 13
1 0 3
2 0 16
t 177 145.34883720930233
m 31 8
0 2 14
1 0 4
2 0 15
t 176 145.34883720930233
m 32 8
0 2 13
1 0 3
2 0 14
t 175 145.34883720930233
m 33 8
0 2 14
1 0 2
2 0 15
t 174 145.34883720930233
m 34 8
0 2 13
1 0 3
2 0 14
t 173 146.12403100775194
m 34 7
0 3 13
1 1 3
2 0 15
t 172 146.12403100775194
m 34 6
0 2 13
1 2 3
2 1 15
t 171 146.12403100775194
m 34 5
0 2 14
1 1 3
2 2 15
t 170 146.89922480620154
m 34 5
0 2 13
1 0 3
2 2 14
t 169 146.89922480620154
m 34 4
0 2 14
1 0 2
2 2 15
t 168 146.89922480620154
m 34 3
0 2 15
1 0 1
2 1 15
t 167 146.89922480620154
m 33 3
0 2 16
1 0 0
2 2 15
t 166 146.89922480620154
m 34 3
0 2 17
1 0 1
2 1 15
t 165 146.89922480620154
m 34 2
0 3 17
1 0 2
2 0 15
t 164 146.89922480620154
m 34 1
0 2 17
1 0 3
2 0 14
t 163 146.89922480620154
m 34 0
0 2 16
1 0 2
2 0 13
t 162 156.89922480620154
m 34 0
0 2 15
1 0 1
2 0 14
t 161 156.89922480620154
m 34 1
0 3 15
1 0 2
2 0 13
t 160 156.89922480620154
m 34 2
0 2 15
1 0 3
2 0 14
t 159 156.89922480620154
m 34 1
0 2 16
1 0 2
2 0 15
t 158 156.89922480620154
m 34 2
0 2 15
1 0 3
2 0 14
t 157 156.89922480620154
m 34 3
0 1 15
1 0 4
2 0 15
t 156 156.89922480620154
m 33 3
0 0 15
1 0 5
2 0 14
t 155 156.89922480620154
m 34 3
0 0 16
1 0 4
2 0 15
t 154 156.89922480620154
m 34 3
0 0 17
1 0 3
2 1 15
t 153 156.89922480620154
m 34 3
0 0 18
1 1 3
2 0 15
t 152 156.89922480620154
m 34 4
0 0 17
1 2 3
2 0 14
t 151 156.89922480620154
m 34 5
0 0 18
1 1 3
2 0 15
t 150 156.89922480620154
m 34 5
0 0 19
1 2 3
2 1 15
t 149 156.89922480620154
m 34 5
0 1 19
1 3 3
2 0 15
t 148 156.89922480620154
m 34 4
0 2 19
1 2 3
2 0 14
t 147 156.89922480620154
m 34 4
0 1 19
1 3 3
2 0 13
t 146 156.89922480620154
m 34 4
0 2 19
1 2 3
2 0 14
t 145 156.89922480620154
m 34 5
0 1 19
1 3 3
2 0 13
t 144 156.89922480620154
m 34 4
0 0 19
1 4 3
2 0 14
t 143 156.89922480620154
m 34 3
0 0 18
1 5 3
2 0 15
t 142 156.89922480620154
m 34 4
0 0 19
1 4 3
2 1 15
t 141 156.89922480620154
m 34 3
0 1 19
1 5 3
2 2 15
t 140 156.89922480620154
m 34 4
0 2 19
1 4 3
2 2 14
t 139 156.89922480620154
m 34 5
0 3 19
1 5 3
2 2 15
t 138 156.89922480620154
m 34 5
0 2 19
1 6 3
2 2 16
t 137 156.89922480620154
m 34 5
0 3 19
1 7 3
2 2 17
t 136 156.89922480620154
m 34 4
0 2 19
1 7 2
2 2 16
t 135 156.89922480620154
m 34 4
0 1 19
1 7 3
2 2 17
t 134 156.89922480620154
m 34 5
0 2 19
1 7 2
2 2 16
t 133 156.89922480620154
m 34 5
0 1 19
1 7 1
2 2 17
t 132 156.89922480620154
m 34 6
0 2 19
1 7 2
2 3 17
t 131 156.89922480620154
m 34 5
0 3 19
1 7 1
2 4 17
t 130 156.89922480620154
m 34 4
0 4 19
1 7 2
2 5 17
t 129 156.89922480620154
m 34 3
0 5 19
1 7 3
2 6 17
t 128 156.89922480620154
m 34 4
0 6 19
1 7 2
2 5 17
t 127 156.89922480620154
m 34 5
0 5 19
1 7 3
2 4 17
t 126 156.89922480620154
m 34 5
0 4 19
1 8 3
2 5 17
t 125 156.89922480620154
m 34 4
0 5 19
1 7 3
2 4 17
t 124 156.89922480620154
m 34 5
0 4 19
1 6 3
2 5 17
t 123 156.89922480620154
m 34 5
0 5 19
1 7 3
2 6 17
t 122 156.89922480620154
m 34 4
0 6 19
1 6 3
2 5 17
t 121 156.89922480620154
m 34 5
0 5 19
1 7 3
2 4 17
t 120 156.89922480620154
m 34 5
0 4 19
1 6 3
2 3 17
t 119 156.89922480620154
m 34 6
0 5 19
1 7 3
2 2 17
t 118 156.89922480620154
m 34 6
0 6 19
1 7 2
2 3 17
t 117 156.89922480620154
m 34 5
0 5 19
1 7 1
2 4 17
t 116 156.89922480620154
m 34 6
0 4 19
1 7 0
2 5 17
t 115 156.89922480620154
m 34 6
0 5 19
1 8 0
2 4 17
t 114 156.89922480620154
m 34 5
0 6 19
1 9 0
2 5 17
t 113 156.89922480620154
m 34 6
0 7 19
1 8 0
2 6 17
t 112 156.89922480620154
m 34 5
0 6 19
1 9 0
2 7 17
t 111 156.89922480620154
m 34 4
0 5 19
1 10 0
2 6 17
t 110 156.89922480620154
m 34 3
0 6 19
1 11 0
2 7 17
t 109 156.89922480620154
m 34 4
0 7 19
1 10 0
2 8 17
t 108 156.89922480620154
m 34 3
0 7 18
1 9 0
2 9 17
f 0 0
t 107 156.89922480620154
m 34 4
0 7 17
1 10 0
2 10 17
t 106 156.89922480620154
m 34 3
0 6 17
1 11 0
2 9 17
t 105 156.89922480620154
m 34 2
0 5 17
1 10 0
2 10 17
t 104 156.89922480620154
m 34 1
0 6 17
1 11 0
2 9 17
t 103 156.89922480620154
m 34 2
0 5 17
1 12 0
2 8 17
t 102 156.89922480620154
m 34 3
0 6 17
1 13 0
2 9 17
t 101 156.89922480620154
m 34 2
0 7 17
1 14 0
2 8 17
t 100 156.89922480620154
m 34 3
0 8 17
1 13 0
2 9 17
t 99 156.89922480620154
m 34 2
0 9 17
1 12 0
2 10 17
t 98 156.89922480620154
m 34 3
0 10 17
1 13 0
2 9 17
t 97 156.89922480620154
m 34 2
0 9 17
1 12 0
2 10 17
t 96 156.89922480620154
m 34 3
0 10 17
1 13 0
2 9 17
t 95 156.89922480620154
m 33 3
0 9 17
1 12 0
2 8 17
t 94 156.89922480620154
m 34 3
0 8 17
1 13 0
2 7 17
t 93 156.89922480620154
m 34 4
0 7 17
1 12 0
2 6 17
t 92 156.89922480620154
m 34 4
0 8 17
1 13 0
2 7 17
t 91 156.89922480620154
m 34 5
0 7 17
1 12 0
2 6 17
t 90 156.89922480620154
m 34 6
0 7 18
1 13 0
2 7 17
t 89 156.89922480620154
m 34 7
0 7 19
1 12 0
2 6 17
t 88 156.89922480620154
m 34 6
0 6 19
1 13 0
2 7 17
t 87 156.89922480620154
m 34 5
0 7 19
1 14 0
2 7 18
t 86 156.89922480620154
m 34 4
0 8 19
1 15 0
2 7 17
t 85 156.89922480620154
m 34 4
0 9 19
1 14 0
2 7 18
t 84 156.89922480620154
m 34 4
0 10 19
1 13 0
2 7 19
t 83 156.89922480620154
m 34 5
0 11 19
1 12 0
2 8 19
t 82 156.89922480620154
m 34 4
0 10 19
1 11 0
2 9 19
t 81 156.89922480620154
m 34 4
0 11 19
1 12 0
2 8 19
t 80 156.89922480620154
m 34 5
0 12 19
1 11 0
2 7 19
t 79 156.89922480620154
m 34 4
0 13 19
1 10 0
2 7 18
t 78 156.89922480620154
m 34 3
0 12 19
1 11 0
2 7 17
t 77 156.89922480620154
m 34 3
0 11 19
1 12 0
2 8 17
t 76 156.89922480620154
m 34 4
0 10 19
1 11 0
2 9 17
t 75 156.89922480620154
m 34 3
0 11 19
1 12 0
2 8 17
t 74 156.89922480620154
m 34 3
0 10 19
1 11 0
2 7 17
t 73 156.89922480620154
m 33 3
0 9 19
1 10 0
2 8 17
t 72 156.89922480620154
m 32 3
0 8 19
1 11 0
2 7 17
t 71 156.89922480620154
m 31 3
0 7 19
1 12 0
2 6 17
t 70 156.89922480620154
m 31 3
0 7 18
1 13 0
2 7 17
t 69 156.89922480620154
m 30 3
0 7 17
1 12 0
2 8 17
t 68 156.89922480620154
m 31 3
0 8 17
1 13 0
2 7 17
t 67 156.89922480620154
m 31 3
0 9 17
1 12 0
2 6 17
t 66 156.89922480620154
m 31 3
0 10 17
1 11 0
2 7 17
t 65 156.89922480620154
m 31 3
0 9 17
1 12 0
2 8 17
t 64 156.89922480620154
m 31 3
0 10 17
1 13 0
2 9 17
t 63 156.89922480620154
m 32 3
0 9 17
1 14 0
2 8 17
t 62 156.89922480620154
m 31 3
0 10 17
1 15 0
2 9 17
t 61 156.89922480620154
m 32 3
0 9 17
1 16 0
2 10 17
t 60 156.89922480620154
m 31 3
0 8 17
1 16 1
2 11 17
t 59 156.89922480620154
m 31 3
0 9 17
1 16 2
2 10 17
t 58 156.89922480620154
m 31 3
0 8 17
1 16 1
2 11 17
t 57 156.89922480620154
m 30 3
0 9 17
1 16 0
2 12 17
t 56 156.89922480620154
m 31 3
0 8 17
1 15 0
2 11 17
t 55 156.89922480620154
m 32 3
0 9 17
1 14 0
2 10 17
t 54 156.89922480620154
m 33 3
0 8 17
1 13 0
2 11 17
t 53 156.89922480620154
m 33 3
0 7 17
1 12 0
2 12 17
t 52 156.89922480620154
m 34 3
0 8 17
1 11 0
2 12 16
t 51 156.89922480620154
m 34 2
0 9 17
1 10 0
2 12 15
t 50 156.89922480620154
m 34 2
0 8 17
1 9 0
2 11 15
t 49 156.89922480620154
m 34 1
0 9 17
1 10 0
2 12 15
t 48 156.89922480620154
m 34 2
0 10 17
1 9 0
2 11 15
t 47 156.89922480620154
m 34 2
0 9 17
1 10 0
2 10 15
t 46 156.89922480620154
m 34 3
0 10 17
1 11 0
2 9 15
t 45 156.89922480620154
m 34 2
0 11 17
1 10 0
2 8 15
t 44 156.89922480620154
m 34 3
0 10 17
1 9 0
2 8 14
t 43 156.89922480620154
m 33 3
0 9 17
1 10 0
2 8 15
t 42 156.89922480620154
m 34 3
0 10 17
1 11 0
2 9 15
t 41 156.89922480620154
m 34 2
0 11 17
1 12 0
2 10 15
t 40 156.89922480620154
m 34 2
0 10 17
1 13 0
2 11 15
t 39 156.89922480620154
m 34 2
0 9 17
1 14 0
2 10 15
t 38 156.89922480620154
m 34 3
0 8 17
1 15 0
2 11 15
t 37 156.89922480620154
m 34 2
0 7 17
1 14 0
2 12 15
t 36 156.89922480620154
m 34 3
0 7 18
1 13 0
2 11 15
t 35 156.89922480620154
m 33 3
0 7 19
1 12 0
2 12 15
t 34 156.89922480620154
m 34 3
0 8 19
1 11 0
2 11 15
t 33 156.89922480620154
m 33 3
0 9 19
1 12 0
2 10 15
t 32 156.89922480620154
m 32 3
0 8 19
1 13 0
2 9 15
t 31 156.89922480620154
m 31 3
0 9 19
1 12 0
2 8 15
t 30 156.89922480620154
m 31 3
0 10 19
1 13 0
2 9 15
t 29 156.89922480620154
m 32 3
0 11 19
1 14 0
2 10 15
t 28 156.89922480620154
m 31 3
0 10 19
1 15 0
2 11 15
t 27 156.89922480620154
m 31 3
0 11 19
1 14 0
2 12 15
t 26 156.89922480620154
m 30 3
0 10 19
1 13 0
2 11 15
t 25 156.89922480620154
m 30 3
0 9 19
1 14 0
2 10 15
t 24 156.89922480620154
m 30 3
0 10 19
1 13 0
2 11 15
t 23 156.89922480620154
m 29 3
0 11 19
1 14 0
2 12 15
t 22 156.89922480620154
m 30 3
0 10 19
1 15 0
2 11 15
t 21 156.89922480620154
m 31 3
0 11 19
1 14 0
2 10 15
t 20 156.89922480620154
m 30 3
0 10 19
1 15 0
2 11 15
t 19 156.89922480620154
m 30 3
0 11 19
1 16 0
2 10 15
t 18 156.89922480620154
m 31 3
0 12 19
1 15 0
2 11 15
t 17 156.89922480620154
m 32 3
0 13 19
1 14 0
2 12 15
t 16 156.89922480620154
m 31 3
0 14 19
1 15 0
2 11 15
t 15 156.89922480620154
m 30 3
0 15 19
1 14 0
2 12 15
t 14 156.89922480620154
m 31 3
0 14 19
1 13 0
2 12 16
t 13 156.89922480620154
m 31 3
0 15 19
1 12 0
2 12 15
t 12 156.89922480620154
m 30 3
0 16 19
1 13 0
2 11 15
t 11 156.89922480620154
m 31 3
0 15 19
1 14 0
2 12 15
t 10 156.89922480620154
m 31 3
0 14 19
1 13 0
2 13 15
t 9 156.89922480620154
m 31 3
0 15 19
1 14 0
2 12 15
t 8 156.89922480620154
m 30 3
0 16 19
1 15 0
2 12 16
t 7 156.89922480620154
m 30 3
0 15 19
1 14 0
2 12 15
t 6 156.89922480620154
m 29 3
0 14 19
1 15 0
2 12 16
t 5 156.89922480620154
m 28 3
0 15 19
1 14 0
2 12 17
t 4 156.89922480620154
m 27 3
0 16 19
1 13 0
2 11 17
t 3 156.89922480620154
m 27 2
0 16 18
1 12 0
2 10 17
t 2 156.89922480620154
m 27 3
0 16 17
1 13 0
2 9 17
t 1 156.89922480620154
m 26 3
0 17 17
1 12 0
2 8 17
t 0 156.89922480620154