1000 0 3.966666666666667
1500 0 10.733333333333333
2000 0 16.066666666666666
2500 0 17.666666666666668
3000 0 18.266666666666666
3500 0.5784333333333334 18.7
4000 5.151666666666666 19.233333333333334
4500 6.975199999999999 19.366666666666667
5000 8.036966666666666 19.666666666666668
5500 8.866466666666668 19.833333333333332
6000 9.629866666666667 20.266666666666666
6500 10.260433333333333 20.666666666666668
7000 10.903433333333332 21.2
7500 11.504266666666668 21.4
8000 12.096333333333336 21.666666666666668
8500 12.679433333333334 21.833333333333332
9000 13.2472 21.933333333333334
9500 13.846966666666667 22.433333333333334
10000 14.409133333333335 22.833333333333332
10500 14.910499999999997 22.933333333333334
11000 15.385566666666668 23.233333333333334
11500 15.843333333333332 23.366666666666667
12000 16.25646666666667 23.466666666666665
12500 16.677366666666664 24.0
13000 17.068500000000004 24.066666666666666
13500 17.492966666666668 24.266666666666666
14000 17.906866666666666 24.533333333333335
14500 18.336233333333336 24.566666666666666
15000 18.723 24.7
15500 19.09806666666667 25.033333333333335
16000 19.48473333333333 25.433333333333334
16500 19.844266666666666 25.6
17000 20.198900000000002 25.7
17500 20.569666666666663 26.033333333333335
18000 20.9154 26.2
18500 21.258533333333332 26.5
19000 21.570233333333338 26.6
19500 21.8485 26.666666666666668
20000 22.105833333333337 26.833333333333332
20500 22.356833333333338 27.0
21000 22.627866666666662 27.133333333333333
21500 22.8768 27.333333333333332
22000 23.121233333333336 27.433333333333334
22500 23.381533333333337 27.466666666666665
23000 23.6229 27.7
23500 23.837499999999995 27.866666666666667
24000 24.03983333333333 28.266666666666666
24500 24.220633333333332 28.433333333333334
25000 24.43536666666667 28.666666666666668
25500 24.634133333333335 28.9
26000 24.82683333333333 29.066666666666666
26500 25.044666666666664 29.166666666666668
27000 25.23743333333333 29.333333333333332
27500 25.430933333333336 29.4
28000 25.64946666666667 29.466666666666665
28500 25.85203333333334 29.566666666666666
29000 26.058899999999998 29.7
29500 26.261833333333332 29.733333333333334
30000 26.457999999999995 29.933333333333334
30500 26.64323333333333 30.033333333333335
31000 26.813166666666664 30.2
31500 26.963333333333328 30.2
32000 27.141399999999997 30.266666666666666
32500 27.295799999999996 30.466666666666665
33000 27.441133333333333 30.6
33500 27.5992 30.666666666666668
34000 27.758233333333333 30.766666666666666
34500 27.894033333333326 30.866666666666667
35000 28.04493333333334 30.933333333333334
35500 28.18583333333333 31.1
36000 28.327766666666665 31.2
36500 28.45473333333333 31.266666666666666
37000 28.59326666666666 31.5
37500 28.7164 31.566666666666666
38000 28.841500000000003 31.633333333333333
38500 28.936433333333337 31.633333333333333
39000 29.063000000000002 31.7
39500 29.172266666666676 31.833333333333332
40000 29.270766666666663 31.9
40500 29.400166666666664 31.966666666666665
41000 29.52893333333333 32.03333333333333
41500 29.647799999999997 32.06666666666667
42000 29.7511 32.36666666666667
42500 29.8881 32.46666666666667
43000 30.0135 32.5
43500 30.122900000000005 32.53333333333333
44000 30.2134 32.63333333333333
44500 30.28963333333333 32.7
45000 30.374066666666668 32.766666666666666
45500 30.44056666666667 32.833333333333336
46000 30.546966666666666 32.9
46500 30.638933333333334 32.96666666666667
47000 30.723233333333333 33.03333333333333
47500 30.80263333333333 33.06666666666667
48000 30.8718 33.13333333333333
48500 30.973599999999998 33.166666666666664
49000 31.0721 33.3
49500 31.146599999999996 33.3
50000 31.25116666666667 33.3
50500 31.337166666666672 33.36666666666667
51000 31.4299 33.5
51500 31.528200000000002 33.6
52000 31.6317 33.666666666666664
52500 31.71783333333334 33.8
53000 31.827266666666663 33.86666666666667
53500 31.905700000000007 33.93333333333333
54000 32.00089999999999 34.03333333333333
54500 32.09403333333333 34.1
55000 32.1831 34.13333333333333
55500 32.256766666666664 34.13333333333333
56000 32.32089999999999 34.166666666666664
56500 32.397933333333334 34.166666666666664
57000 32.45329999999999 34.266666666666666
57500 32.513000000000005 34.3
58000 32.603966666666665 34.43333333333333
58500 32.68663333333333 34.53333333333333
59000 32.75 34.6
59500 32.8229 34.63333333333333
60000 32.909400000000005 34.63333333333333
60500 32.96713333333333 34.666666666666664
61000 33.05916666666666 34.666666666666664
61500 33.120400000000004 34.7
62000 33.18000000000001 34.733333333333334
62500 33.2633 34.833333333333336
63000 33.32986666666667 34.86666666666667
63500 33.41993333333333 34.93333333333333
64000 33.47643333333333 35.03333333333333
64500 33.569800000000015 35.06666666666667
65000 33.66843333333333 35.166666666666664
65500 33.73743333333333 35.2
66000 33.815900000000006 35.2
66500 33.88023333333334 35.233333333333334
67000 33.92843333333334 35.266666666666666
67500 33.98753333333334 35.266666666666666
68000 33.994866666666674 35.4
68500 34.07320000000001 35.4
69000 34.118766666666666 35.4
69500 34.163199999999996 35.43333333333333
70000 34.212399999999995 35.46666666666667
70500 34.26 35.5
71000 34.32363333333333 35.53333333333333
71500 34.368966666666665 35.53333333333333
72000 34.40453333333334 35.53333333333333
72500 34.452000000000005 35.56666666666667
73000 34.47983333333333 35.56666666666667
73500 34.54123333333334 35.63333333333333
74000 34.57813333333333 35.63333333333333
74500 34.64246666666667 35.63333333333333
75000 34.6667 35.666666666666664
75500 34.732 35.666666666666664
76000 34.755433333333336 35.666666666666664
76500 34.80243333333333 35.666666666666664
77000 34.84156666666668 35.7
77500 34.894133333333336 35.733333333333334
78000 34.94436666666666 35.766666666666666
78500 34.97676666666666 35.8
79000 35.00553333333334 35.833333333333336
79500 35.050533333333334 35.833333333333336
80000 35.10586666666667 35.9
80500 35.13499999999999 35.9
81000 35.17853333333334 35.93333333333333
81500 35.201233333333334 35.93333333333333
82000 35.2418 35.93333333333333
82500 35.27503333333334 35.93333333333333
83000 35.3178 35.93333333333333
83500 35.357600000000005 35.93333333333333
84000 35.38236666666667 35.93333333333333
84500 35.43123333333334 36.0
85000 35.45203333333333 36.0
85500 35.480333333333334 36.0
86000 35.5075 36.06666666666667
86500 35.52036666666666 36.06666666666667
87000 35.537266666666675 36.06666666666667
87500 35.56636666666667 36.06666666666667
88000 35.5862 36.06666666666667
88500 35.597033333333336 36.06666666666667
89000 35.62853333333333 36.06666666666667
89500 35.64053333333334 36.06666666666667
90000 35.664366666666666 36.06666666666667
90500 35.673766666666666 36.06666666666667
91000 35.69433333333333 36.06666666666667
91500 35.71320000000001 36.1
92000 35.73016666666667 36.166666666666664
92500 35.73196666666667 36.2
93000 35.7587 36.36666666666667
93500 35.75506666666666 36.36666666666667
94000 35.7744 36.4
94500 35.785 36.43333333333333
95000 35.79996666666666 36.46666666666667
95500 35.80983333333333 36.5
96000 35.81336666666666 36.5
96500 35.816900000000004 36.5
97000 35.84043333333332 36.5
97500 35.84866666666667 36.5
98000 35.85933333333334 36.5
98500 35.86189999999999 36.5
99000 35.88806666666667 36.5
99500 35.892 36.5
100000 35.910533333333326 36.53333333333333
100500 35.94049999999999 36.63333333333333
101000 35.962666666666664 36.666666666666664
101500 35.977333333333334 36.666666666666664
102000 35.99933333333333 36.666666666666664
102500 36.02493333333334 36.666666666666664
103000 36.04570000000001 36.666666666666664
103500 36.055033333333334 36.666666666666664
104000 36.060166666666674 36.666666666666664
104500 36.08283333333334 36.666666666666664
105000 36.08413333333335 36.666666666666664
105500 36.12026666666667 36.666666666666664
106000 36.1484 36.666666666666664
106500 36.170766666666665 36.666666666666664
107000 36.179 36.7
107500 36.2215 36.766666666666666
108000 36.2379 36.766666666666666
108500 36.26873333333333 36.766666666666666
109000 36.29856666666667 36.833333333333336
109500 36.32180000000001 36.833333333333336
110000 36.33719999999999 36.833333333333336
110500 36.3666 36.833333333333336
111000 36.37763333333333 36.833333333333336
111500 36.392399999999995 36.833333333333336
112000 36.41506666666667 36.833333333333336
112500 36.42156666666667 36.833333333333336
113000 36.42163333333333 36.833333333333336
113500 36.43730000000001 36.833333333333336
114000 36.43286666666667 36.833333333333336
114500 36.4606 36.833333333333336
115000 36.46396666666667 36.833333333333336
115500 36.476400000000005 36.9
116000 36.49306666666667 36.93333333333333
116500 36.48223333333333 36.93333333333333
117000 36.50093333333333 36.93333333333333
117500 36.48806666666667 36.93333333333333
118000 36.4983 36.93333333333333
118500 36.500400000000006 36.93333333333333
119000 36.49933333333333 36.93333333333333
119500 36.50923333333333 36.93333333333333
120000 36.49766666666667 36.93333333333333
120500 36.50216666666667 37.0
121000 36.51866666666667 37.0
121500 36.51113333333333 37.0
122000 36.53986666666666 37.0
122500 36.54896666666666 37.0
123000 36.560266666666664 37.0
123500 36.565933333333334 37.0
124000 36.57083333333333 37.0
124500 36.604933333333335 37.0
125000 36.610800000000005 37.0
125500 36.63216666666667 37.03333333333333
126000 36.62949999999999 37.03333333333333
126500 36.645133333333334 37.03333333333333
127000 36.66173333333334 37.03333333333333
127500 36.65189999999999 37.03333333333333
128000 36.66053333333333 37.03333333333333
128500 36.68646666666667 37.03333333333333
129000 36.69133333333333 37.03333333333333
129500 36.71073333333334 37.03333333333333
130000 36.721266666666665 37.03333333333333
130500 36.75046666666667 37.03333333333333
131000 36.77046666666667 37.06666666666667
131500 36.795300000000005 37.06666666666667
132000 36.8195 37.06666666666667
132500 36.8349 37.06666666666667
133000 36.849366666666675 37.06666666666667
133500 36.85903333333333 37.1
134000 36.884666666666675 37.1
134500 36.90543333333334 37.13333333333333
135000 36.911033333333336 37.13333333333333
135500 36.92736666666667 37.13333333333333
136000 36.9291 37.13333333333333
136500 36.9348 37.13333333333333
137000 36.949533333333335 37.13333333333333
137500 36.94176666666667 37.13333333333333
138000 36.95629999999999 37.166666666666664
138500 36.956966666666666 37.166666666666664
139000 36.963300000000004 37.166666666666664
139500 36.976333333333336 37.166666666666664
140000 36.992200000000004 37.166666666666664
140500 37.00176666666667 37.166666666666664
141000 37.00806666666667 37.166666666666664
141500 37.00456666666667 37.2
142000 37.009800000000006 37.2
142500 37.02936666666667 37.233333333333334
143000 37.02113333333334 37.233333333333334
143500 37.04883333333333 37.233333333333334
144000 37.05973333333334 37.233333333333334
144500 37.06680000000001 37.233333333333334
145000 37.05506666666667 37.233333333333334
145500 37.06386666666666 37.233333333333334
146000 37.07293333333333 37.266666666666666
146500 37.064866666666674 37.266666666666666
147000 37.072700000000005 37.266666666666666
147500 37.08533333333333 37.266666666666666
148000 37.08773333333333 37.266666666666666
148500 37.07516666666666 37.266666666666666
149000 37.09916666666667 37.266666666666666
149500 37.08590000000001 37.266666666666666
150000 37.093700000000005 37.266666666666666
150500 37.10426666666667 37.266666666666666
151000 37.10073333333334 37.266666666666666
151500 37.10116666666667 37.266666666666666
152000 37.10453333333333 37.266666666666666
152500 37.106566666666666 37.266666666666666
153000 37.124 37.266666666666666
153500 37.1281 37.266666666666666
154000 37.11096666666666 37.266666666666666
154500 37.14106666666667 37.266666666666666
155000 37.123333333333335 37.266666666666666
155500 37.15689999999999 37.266666666666666
156000 37.17229999999999 37.266666666666666
156500 37.166033333333324 37.266666666666666
157000 37.1779 37.266666666666666
157500 37.16760000000001 37.266666666666666
158000 37.17026666666667 37.266666666666666
158500 37.182966666666665 37.266666666666666
159000 37.204899999999995 37.266666666666666
159500 37.211400000000005 37.266666666666666
160000 37.19976666666667 37.266666666666666
160500 37.212999999999994 37.3
161000 37.208999999999996 37.3
161500 37.20816666666667 37.3
162000 37.2304 37.3
162500 37.224533333333326 37.3
163000 37.209533333333326 37.3
163500 37.221900000000005 37.3
164000 37.22723333333333 37.3
164500 37.22403333333333 37.3
165000 37.224900000000005 37.3
165500 37.22716666666667 37.3
166000 37.21583333333333 37.3
166500 37.22416666666666 37.3
167000 37.22990000000001 37.3
167500 37.2067 37.3
168000 37.2102 37.3
168500 37.21313333333333 37.3
169000 37.21903333333333 37.3
169500 37.2161 37.3
170000 37.225033333333336 37.333333333333336
170500 37.218799999999995 37.333333333333336
171000 37.210633333333334 37.333333333333336
171500 37.216300000000004 37.333333333333336
172000 37.22253333333333 37.333333333333336
172500 37.21336666666666 37.333333333333336
173000 37.208066666666674 37.333333333333336
173500 37.22833333333333 37.333333333333336
174000 37.21960000000001 37.333333333333336
174500 37.22286666666667 37.333333333333336
175000 37.21730000000001 37.333333333333336
175500 37.22643333333334 37.333333333333336
176000 37.209366666666675 37.333333333333336
176500 37.21836666666666 37.333333333333336
177000 37.22183333333333 37.333333333333336
177500 37.22213333333334 37.36666666666667
178000 37.2262 37.36666666666667
178500 37.2241 37.4
179000 37.22526666666667 37.4
179500 37.22306666666667 37.43333333333333
180000 37.21873333333333 37.43333333333333
180500 37.22923333333333 37.43333333333333
181000 37.23376666666666 37.43333333333333
181500 37.23116666666667 37.43333333333333
182000 37.2427 37.43333333333333
182500 37.23806666666667 37.43333333333333
183000 37.243133333333326 37.43333333333333
183500 37.24 37.43333333333333
184000 37.26559999999999 37.43333333333333
184500 37.252399999999994 37.43333333333333
185000 37.26433333333333 37.43333333333333
185500 37.25326666666667 37.43333333333333
186000 37.261733333333346 37.43333333333333
186500 37.24863333333334 37.43333333333333
187000 37.25633333333334 37.43333333333333
187500 37.2667 37.43333333333333
188000 37.259766666666664 37.43333333333333
188500 37.253600000000006 37.43333333333333
189000 37.26523333333334 37.43333333333333
189500 37.2726 37.43333333333333
190000 37.27763333333334 37.43333333333333
190500 37.28690000000001 37.43333333333333
191000 37.297666666666665 37.43333333333333
191500 37.29863333333333 37.43333333333333
192000 37.306 37.43333333333333
192500 37.318533333333335 37.43333333333333
193000 37.319766666666666 37.43333333333333
193500 37.334833333333336 37.43333333333333
194000 37.32083333333333 37.43333333333333
194500 37.33010000000001 37.46666666666667
195000 37.3363 37.5
195500 37.331900000000005 37.5
196000 37.329866666666675 37.5
196500 37.331266666666664 37.5
197000 37.32933333333334 37.5
197500 37.33173333333333 37.5
198000 37.333999999999996 37.5
198500 37.330733333333335 37.5
199000 37.3404 37.53333333333333
199500 37.3475 37.53333333333333
200000 37.349866666666664 37.53333333333333
200500 37.35523333333333 37.53333333333333
201000 37.35163333333333 37.53333333333333
201500 37.360366666666664 37.53333333333333
202000 37.357933333333335 37.53333333333333
202500 37.35620000000001 37.53333333333333
203000 37.34803333333333 37.53333333333333
203500 37.3492 37.53333333333333
204000 37.3676 37.56666666666667
204500 37.33986666666668 37.6
205000 37.371 37.6
205500 37.36710000000001 37.6
206000 37.355066666666666 37.6
206500 37.372633333333326 37.6
207000 37.385533333333335 37.6
207500 37.38213333333333 37.63333333333333
208000 37.39656666666667 37.63333333333333
208500 37.393633333333334 37.63333333333333
209000 37.392966666666666 37.63333333333333
209500 37.4057 37.63333333333333
210000 37.392833333333336 37.63333333333333
210500 37.38566666666667 37.63333333333333
211000 37.39383333333333 37.63333333333333
211500 37.39126666666667 37.63333333333333
212000 37.40913333333333 37.63333333333333
212500 37.40160000000001 37.63333333333333
213000 37.42383333333333 37.63333333333333
213500 37.4185 37.63333333333333
214000 37.42399999999999 37.666666666666664
214500 37.44283333333333 37.666666666666664
215000 37.4473 37.666666666666664
215500 37.459500000000006 37.666666666666664
216000 37.479 37.666666666666664
216500 37.484 37.666666666666664
217000 37.47783333333333 37.666666666666664
217500 37.48736666666667 37.666666666666664
218000 37.4972 37.666666666666664
218500 37.494 37.666666666666664
219000 37.47540000000001 37.666666666666664
219500 37.49386666666667 37.666666666666664
220000 37.48643333333334 37.666666666666664
220500 37.4908 37.666666666666664
221000 37.49586666666667 37.666666666666664
221500 37.4846 37.666666666666664
222000 37.49836666666667 37.666666666666664
222500 37.50926666666667 37.666666666666664
223000 37.52663333333333 37.666666666666664
223500 37.51583333333334 37.666666666666664
224000 37.52043333333334 37.666666666666664
224500 37.5193 37.666666666666664
225000 37.527166666666666 37.666666666666664
225500 37.52656666666667 37.666666666666664
226000 37.525166666666664 37.7
226500 37.54013333333333 37.7
227000 37.53493333333334 37.7
227500 37.54933333333334 37.7
228000 37.543033333333334 37.7
228500 37.555899999999994 37.7
229000 37.56413333333333 37.7
229500 37.564033333333334 37.7
230000 37.577466666666666 37.7
230500 37.579766666666664 37.7
231000 37.56933333333334 37.7
231500 37.57033333333334 37.7
232000 37.5852 37.7
232500 37.58513333333334 37.7
233000 37.58806666666667 37.766666666666666
233500 37.581966666666666 37.766666666666666
234000 37.591366666666666 37.766666666666666
234500 37.58553333333332 37.8
235000 37.58273333333333 37.8
235500 37.58856666666667 37.8
236000 37.58866666666667 37.8
236500 37.583200000000005 37.8
237000 37.58886666666667 37.8
237500 37.58593333333333 37.8
238000 37.591966666666664 37.8
238500 37.59813333333334 37.8
239000 37.58053333333333 37.8
239500 37.58736666666667 37.8
240000 37.58133333333333 37.8
240500 37.59023333333334 37.8
241000 37.587700000000005 37.8
241500 37.585033333333335 37.8
242000 37.59443333333333 37.8
242500 37.577533333333335 37.8
243000 37.58403333333333 37.8
243500 37.59573333333333 37.8
244000 37.592 37.8
244500 37.5814 37.8
245000 37.5916 37.8
245500 37.60213333333333 37.8
246000 37.609700000000004 37.8
246500 37.58326666666667 37.8
247000 37.603300000000004 37.8
247500 37.60983333333333 37.8
248000 37.610866666666666 37.8
248500 37.614066666666666 37.8
249000 37.62433333333333 37.8
249500 37.63633333333333 37.8
250000 37.63703333333333 37.8
250500 37.654566666666675 37.833333333333336
251000 37.67453333333333 37.833333333333336
251500 37.6853 37.833333333333336
252000 37.685833333333335 37.833333333333336
252500 37.69180000000001 37.833333333333336
253000 37.68593333333333 37.833333333333336
253500 37.6866 37.833333333333336
254000 37.68560000000001 37.833333333333336
254500 37.6867 37.833333333333336
255000 37.70896666666667 37.833333333333336
255500 37.7048 37.833333333333336
256000 37.70090000000001 37.833333333333336
256500 37.7032 37.833333333333336
257000 37.697433333333336 37.833333333333336
257500 37.70503333333333 37.833333333333336
258000 37.70040000000001 37.833333333333336
258500 37.73193333333334 37.833333333333336
259000 37.737833333333334 37.833333333333336
259500 37.730333333333334 37.833333333333336
260000 37.74580000000001 37.833333333333336
260500 37.7517 37.833333333333336
261000 37.76133333333334 37.833333333333336
261500 37.755166666666675 37.833333333333336
262000 37.75866666666666 37.833333333333336
262500 37.738466666666675 37.833333333333336
263000 37.7499 37.833333333333336
263500 37.753166666666665 37.833333333333336
264000 37.743900000000004 37.833333333333336
264500 37.74490000000001 37.833333333333336
265000 37.75073333333333 37.833333333333336
265500 37.75663333333333 37.833333333333336
266000 37.74286666666668 37.833333333333336
266500 37.7518 37.833333333333336
267000 37.746766666666666 37.833333333333336
267500 37.75596666666666 37.833333333333336
268000 37.75953333333333 37.833333333333336
268500 37.75483333333333 37.86666666666667
269000 37.770599999999995 37.86666666666667
269500 37.756766666666664 37.86666666666667
270000 37.75926666666667 37.86666666666667
270500 37.77043333333334 37.86666666666667
271000 37.7703 37.86666666666667
271500 37.762133333333345 37.86666666666667
272000 37.7761 37.86666666666667
272500 37.77526666666667 37.86666666666667
273000 37.79306666666666 37.86666666666667
273500 37.788566666666675 37.86666666666667
274000 37.78296666666667 37.86666666666667
274500 37.7888 37.86666666666667
275000 37.791500000000006 37.86666666666667
275500 37.78273333333333 37.86666666666667
276000 37.78603333333333 37.86666666666667
276500 37.78013333333333 37.86666666666667
277000 37.78373333333333 37.86666666666667
277500 37.78383333333333 37.9
278000 37.7868 37.9
278500 37.78736666666667 37.9
279000 37.78436666666666 37.9
279500 37.79086666666667 37.9
280000 37.80023333333334 37.9
280500 37.78303333333334 37.9
281000 37.7898 37.9
281500 37.78163333333334 37.9
282000 37.794866666666664 37.9
282500 37.79273333333333 37.9
283000 37.779966666666674 37.9
283500 37.793633333333325 37.9
284000 37.78666666666666 37.9
284500 37.780899999999995 37.93333333333333
285000 37.80200000000001 37.93333333333333
285500 37.80643333333333 37.93333333333333
286000 37.808800000000005 37.93333333333333
286500 37.82073333333334 37.93333333333333
287000 37.82496666666666 37.93333333333333
287500 37.816833333333335 37.93333333333333
288000 37.820033333333335 37.93333333333333
288500 37.820866666666674 37.93333333333333
289000 37.8274 37.93333333333333
289500 37.82820000000001 37.93333333333333
290000 37.8239 37.93333333333333
290500 37.83166666666667 37.93333333333333
291000 37.818533333333335 37.93333333333333
291500 37.81780000000001 37.93333333333333
292000 37.83783333333334 37.93333333333333
292500 37.8378 37.93333333333333
293000 37.85053333333334 37.93333333333333
293500 37.84876666666667 37.93333333333333
294000 37.86093333333334 37.93333333333333
294500 37.85373333333333 37.93333333333333
295000 37.85883333333333 37.93333333333333
295500 37.869600000000005 37.93333333333333
296000 37.8684 37.93333333333333
296500 37.88 37.93333333333333
297000 37.87666666666667 37.93333333333333
297500 37.889166666666675 37.93333333333333
298000 37.895066666666665 37.93333333333333
298500 37.88646666666667 37.93333333333333
299000 37.88963333333333 37.93333333333333
299500 37.89876666666667 37.93333333333333
300000 37.889966666666666 37.93333333333333
300500 37.89593333333334 37.93333333333333
301000 37.88473333333333 37.93333333333333
301500 37.879400000000004 37.93333333333333
302000 37.88020000000001 37.93333333333333
302500 37.900533333333335 37.93333333333333
303000 37.88133333333334 37.93333333333333
303500 37.88743333333334 37.93333333333333
304000 37.888400000000004 37.93333333333333
304500 37.89056666666667 37.93333333333333
305000 37.898 37.93333333333333
305500 37.90056666666666 37.93333333333333
306000 37.90056666666668 37.93333333333333
306500 37.904599999999995 37.93333333333333
307000 37.89763333333334 37.93333333333333
307500 37.91733333333333 37.93333333333333
308000 37.90953333333334 37.93333333333333
308500 37.89773333333334 37.93333333333333
309000 37.924600000000005 37.93333333333333
309500 37.92106666666667 37.93333333333333
310000 37.903733333333335 37.93333333333333
310500 37.90936666666666 37.93333333333333
311000 37.90903333333333 37.93333333333333
311500 37.920833333333334 37.93333333333333
312000 37.92126666666666 37.96666666666667
312500 37.909733333333335 37.96666666666667
313000 37.915666666666674 37.96666666666667
313500 37.92133333333334 37.96666666666667
314000 37.91263333333333 37.96666666666667
314500 37.9098 38.0
315000 37.90956666666667 38.0
315500 37.913066666666666 38.0
316000 37.91863333333333 38.03333333333333
316500 37.90993333333334 38.06666666666667
317000 37.92783333333333 38.06666666666667
317500 37.91916666666667 38.06666666666667
318000 37.922 38.06666666666667
318500 37.9281 38.06666666666667
319000 37.922599999999996 38.06666666666667
319500 37.92309999999999 38.06666666666667
320000 37.92056666666666 38.06666666666667
320500 37.9205 38.06666666666667
321000 37.92413333333333 38.06666666666667
321500 37.9194 38.06666666666667
322000 37.90796666666667 38.06666666666667
322500 37.930033333333334 38.06666666666667
323000 37.93706666666667 38.06666666666667
323500 37.9271 38.06666666666667
324000 37.9259 38.06666666666667
324500 37.93126666666667 38.06666666666667
325000 37.915933333333335 38.06666666666667
325500 37.93136666666667 38.06666666666667
326000 37.94760000000001 38.06666666666667
326500 37.944566666666674 38.06666666666667
327000 37.949133333333336 38.06666666666667
327500 37.94856666666667 38.06666666666667
328000 37.95173333333333 38.06666666666667
328500 37.966766666666665 38.06666666666667
329000 37.96126666666667 38.06666666666667
329500 37.95933333333333 38.06666666666667
330000 37.93883333333334 38.06666666666667
330500 37.96626666666668 38.06666666666667
331000 37.955733333333335 38.06666666666667
331500 37.951100000000004 38.06666666666667
332000 37.95816666666667 38.06666666666667
332500 37.943566666666676 38.06666666666667
333000 37.9664 38.06666666666667
333500 37.96010000000001 38.06666666666667
334000 37.98113333333333 38.06666666666667
334500 37.966233333333335 38.06666666666667
335000 37.98973333333334 38.06666666666667
335500 37.969366666666666 38.06666666666667
336000 37.99733333333334 38.06666666666667
336500 37.987700000000004 38.06666666666667
337000 38.0017 38.06666666666667
337500 37.9987 38.06666666666667
338000 38.00853333333334 38.06666666666667
338500 38.007466666666666 38.06666666666667
339000 38.0071 38.06666666666667
339500 38.00846666666666 38.06666666666667
340000 38.021566666666665 38.06666666666667
340500 38.01876666666667 38.06666666666667
341000 38.01853333333334 38.06666666666667
341500 37.9978 38.1
342000 38.021166666666666 38.1
342500 38.01303333333333 38.1
343000 38.02406666666668 38.1
343500 38.00376666666668 38.1
344000 38.024166666666666 38.1
344500 38.01853333333334 38.1
345000 38.02746666666667 38.1
345500 38.0214 38.1
346000 38.01886666666666 38.13333333333333
346500 38.0099 38.13333333333333
347000 38.027566666666665 38.13333333333333
347500 38.01873333333334 38.13333333333333
348000 38.003266666666676 38.13333333333333
348500 38.02493333333333 38.13333333333333
349000 38.024233333333335 38.13333333333333
349500 38.01649999999999 38.13333333333333
350000 38.00443333333333 38.166666666666664
350500 38.019099999999995 38.166666666666664
351000 38.02543333333333 38.166666666666664
351500 38.0228 38.166666666666664
352000 38.022733333333335 38.166666666666664
352500 38.01983333333333 38.166666666666664
353000 38.0114 38.166666666666664
353500 38.0143 38.166666666666664
354000 38.023133333333334 38.166666666666664
354500 38.02043333333334 38.166666666666664
355000 38.01836666666667 38.166666666666664
355500 38.01866666666667 38.166666666666664
356000 38.0284 38.166666666666664
356500 38.01683333333333 38.166666666666664
357000 38.0146 38.166666666666664
357500 38.02113333333334 38.166666666666664
358000 38.03360000000001 38.166666666666664
358500 38.026500000000006 38.166666666666664
359000 38.02483333333334 38.2
359500 38.0233 38.2
360000 38.00593333333334 38.2
360500 38.0408 38.2
361000 38.038133333333334 38.2
361500 38.04870000000001 38.2
362000 38.03953333333334 38.2
362500 38.0516 38.2
363000 38.0572 38.2
363500 38.0619 38.2
364000 38.06320000000001 38.2
364500 38.06196666666667 38.2
365000 38.057500000000005 38.2
365500 38.06596666666667 38.2
366000 38.07476666666666 38.2
366500 38.07253333333333 38.2
367000 38.07773333333333 38.2
367500 38.074933333333334 38.2
368000 38.092000000000006 38.2
368500 38.09366666666667 38.2
369000 38.08556666666667 38.2
369500 38.08630000000001 38.2
370000 38.10116666666667 38.2
370500 38.08183333333333 38.2
371000 38.08810000000001 38.2
371500 38.09603333333334 38.2
372000 38.09786666666667 38.2
372500 38.094300000000004 38.2
373000 38.09393333333334 38.2
373500 38.1115 38.2
374000 38.1066 38.2
374500 38.113800000000005 38.2
375000 38.11683333333334 38.2
375500 38.1282 38.2
376000 38.1161 38.2
376500 38.1292 38.2
377000 38.125366666666665 38.2
377500 38.139166666666675 38.2
378000 38.12173333333333 38.2
378500 38.131 38.2
379000 38.13626666666667 38.2
379500 38.15413333333334 38.2
380000 38.161566666666666 38.2
380500 38.173166666666674 38.2
381000 38.17583333333334 38.2
381500 38.174033333333334 38.2
382000 38.17763333333334 38.2
382500 38.18103333333333 38.2
383000 38.19296666666667 38.2
383500 38.17933333333334 38.2
384000 38.17613333333334 38.2
384500 38.179500000000004 38.2
385000 38.18506666666667 38.2
385500 38.17916666666667 38.2
386000 38.185100000000006 38.2
386500 38.18506666666667 38.2
387000 38.190766666666676 38.2
387500 38.19366666666667 38.2
388000 38.17640000000001 38.2
388500 38.18813333333333 38.2
389000 38.191 38.2
389500 38.182 38.2
390000 38.19663333333334 38.2
390500 38.19053333333333 38.2
391000 38.18196666666667 38.2
391500 38.17313333333333 38.2
392000 38.17873333333334 38.2
392500 38.17616666666667 38.2
393000 38.19103333333333 38.2
393500 38.17006666666668 38.2
394000 38.182 38.2
394500 38.17600000000001 38.2
395000 38.1906 38.2
395500 38.16430000000001 38.2
396000 38.17906666666668 38.2
396500 38.17300000000001 38.2
397000 38.184999999999995 38.2
397500 38.178966666666675 38.2
398000 38.18226666666666 38.2
398500 38.1759 38.2
399000 38.1878 38.2
399500 38.18233333333333 38.2
400000 38.18246666666667 38.2
400500 38.17906666666667 38.2
401000 38.179066666666664 38.2
401500 38.18226666666666 38.2
402000 38.190666666666665 38.2
402500 38.1791 38.2
403000 38.19403333333333 38.2
403500 38.182233333333336 38.2
404000 38.16736666666667 38.2
404500 38.191 38.2
405000 38.19036666666668 38.2
405500 38.17893333333334 38.2
406000 38.1965 38.2
406500 38.19069999999999 38.2
407000 38.18226666666667 38.2
407500 38.18803333333334 38.2
408000 38.190799999999996 38.2
408500 38.1787 38.2
409000 38.18213333333333 38.2
409500 38.191066666666664 38.266666666666666
410000 38.19656666666667 38.266666666666666
410500 38.17920000000001 38.266666666666666
411000 38.19423333333334 38.266666666666666
411500 38.18566666666667 38.266666666666666
412000 38.19396666666667 38.266666666666666
412500 38.18836666666667 38.266666666666666
413000 38.1794 38.266666666666666
413500 38.17966666666667 38.266666666666666
414000 38.188700000000004 38.266666666666666
414500 38.18573333333334 38.266666666666666
415000 38.18906666666667 38.266666666666666
415500 38.1833 38.266666666666666
416000 38.182833333333335 38.266666666666666
416500 38.184133333333335 38.266666666666666
417000 38.19303333333333 38.266666666666666
417500 38.176500000000004 38.266666666666666
418000 38.188500000000005 38.266666666666666
418500 38.18316666666667 38.266666666666666
419000 38.18996666666667 38.266666666666666
419500 38.19323333333333 38.266666666666666
420000 38.19403333333334 38.266666666666666
420500 38.18346666666667 38.266666666666666
421000 38.17823333333333 38.266666666666666
421500 38.191900000000004 38.266666666666666
422000 38.17903333333334 38.266666666666666
422500 38.2051 38.266666666666666
423000 38.19356666666667 38.266666666666666
423500 38.20003333333333 38.266666666666666
424000 38.20156666666667 38.266666666666666
424500 38.2254 38.266666666666666
425000 38.22093333333333 38.266666666666666
425500 38.21913333333334 38.266666666666666
426000 38.247166666666665 38.266666666666666
426500 38.2539 38.266666666666666
427000 38.25166666666667 38.266666666666666
427500 38.2486 38.3
428000 38.2635 38.3
428500 38.2519 38.3
429000 38.248466666666666 38.3
429500 38.246033333333344 38.3
430000 38.24863333333334 38.3
430500 38.25750000000001 38.3
431000 38.251866666666665 38.3
431500 38.24276666666667 38.3
432000 38.245833333333344 38.3
432500 38.248066666666666 38.3
433000 38.2573 38.3
433500 38.23733333333334 38.3
434000 38.24313333333334 38.3
434500 38.251933333333334 38.3
435000 38.24286666666667 38.3
435500 38.25796666666667 38.3
436000 38.254900000000006 38.3
436500 38.24596666666666 38.3
437000 38.2432 38.3
437500 38.25813333333334 38.3
438000 38.255 38.3
438500 38.2459 38.3
439000 38.249433333333336 38.3
439500 38.2584 38.3
440000 38.25546666666667 38.3
440500 38.252366666666674 38.3
441000 38.24373333333334 38.3
441500 38.24986666666666 38.3
442000 38.23263333333334 38.3
442500 38.25596666666666 38.3
443000 38.26203333333333 38.3
443500 38.24206666666667 38.3
444000 38.254333333333335 38.3
444500 38.2604 38.3
445000 38.24616666666667 38.3
445500 38.25833333333333 38.3
446000 38.262166666666666 38.3
446500 38.2568 38.3
447000 38.252500000000005 38.3
447500 38.2451 38.3
448000 38.2582 38.3
448500 38.26043333333334 38.3
449000 38.269333333333336 38.3
449500 38.269866666666665 38.333333333333336
450000 38.273 38.333333333333336
450500 38.27633333333333 38.333333333333336
451000 38.2814 38.333333333333336
451500 38.28153333333333 38.333333333333336
452000 38.28510000000001 38.333333333333336
452500 38.27606666666667 38.333333333333336
453000 38.285066666666665 38.333333333333336
453500 38.28793333333333 38.333333333333336
454000 38.287699999999994 38.333333333333336
454500 38.28783333333333 38.333333333333336
455000 38.28803333333333 38.333333333333336
455500 38.29063333333333 38.333333333333336
456000 38.28206666666667 38.333333333333336
456500 38.28470000000001 38.333333333333336
457000 38.28546666666667 38.333333333333336
457500 38.2904 38.333333333333336
458000 38.29096666666667 38.333333333333336
458500 38.26986666666667 38.333333333333336
459000 38.291000000000004 38.333333333333336
459500 38.29063333333334 38.333333333333336
460000 38.29406666666667 38.333333333333336
460500 38.28483333333334 38.333333333333336
461000 38.27043333333334 38.333333333333336
461500 38.294 38.333333333333336
462000 38.27316666666666 38.333333333333336
462500 38.288066666666666 38.333333333333336
463000 38.28486666666666 38.333333333333336
463500 38.2822 38.333333333333336
464000 38.279133333333334 38.333333333333336
464500 38.29959999999999 38.333333333333336
465000 38.2823 38.333333333333336
465500 38.2762 38.333333333333336
466000 38.28510000000001 38.333333333333336
466500 38.28196666666667 38.333333333333336
467000 38.28516666666666 38.333333333333336
467500 38.28503333333333 38.333333333333336
468000 38.28216666666666 38.333333333333336
468500 38.281733333333335 38.333333333333336
469000 38.288266666666665 38.333333333333336
469500 38.27603333333334 38.333333333333336
470000 38.28226666666667 38.333333333333336
470500 38.27923333333333 38.333333333333336
471000 38.27626666666667 38.333333333333336
471500 38.27953333333333 38.333333333333336
472000 38.293699999999994 38.333333333333336
472500 38.2791 38.333333333333336
473000 38.282333333333334 38.333333333333336
473500 38.285333333333334 38.333333333333336
474000 38.276166666666676 38.333333333333336
474500 38.284966666666676 38.333333333333336
475000 38.2847 38.333333333333336
475500 38.28826666666667 38.333333333333336
476000 38.282366666666675 38.333333333333336
476500 38.2908 38.333333333333336
477000 38.28826666666667 38.333333333333336
477500 38.285 38.333333333333336
478000 38.28823333333333 38.333333333333336
478500 38.29726666666667 38.333333333333336
479000 38.29396666666666 38.333333333333336
479500 38.288233333333324 38.333333333333336
480000 38.28226666666667 38.333333333333336
480500 38.2795 38.333333333333336
481000 38.291399999999996 38.333333333333336
481500 38.27310000000001 38.333333333333336
482000 38.2884 38.333333333333336
482500 38.28543333333334 38.333333333333336
483000 38.29113333333334 38.333333333333336
483500 38.285233333333345 38.333333333333336
484000 38.2787 38.333333333333336
484500 38.2794 38.333333333333336
485000 38.2673 38.333333333333336
485500 38.27353333333334 38.333333333333336
486000 38.291466666666665 38.333333333333336
486500 38.27676666666667 38.333333333333336
487000 38.27646666666667 38.333333333333336
487500 38.28536666666667 38.333333333333336
488000 38.29136666666667 38.333333333333336
488500 38.28873333333333 38.333333333333336
489000 38.27686666666667 38.333333333333336
489500 38.2827 38.333333333333336
490000 38.279999999999994 38.333333333333336
490500 38.294333333333334 38.333333333333336
491000 38.279833333333336 38.333333333333336
491500 38.2922 38.333333333333336
492000 38.28323333333334 38.333333333333336
492500 38.28956666666667 38.333333333333336
493000 38.27486666666667 38.36666666666667
493500 38.28693333333334 38.36666666666667
494000 38.268833333333326 38.36666666666667
494500 38.287266666666675 38.36666666666667
495000 38.28436666666666 38.36666666666667
495500 38.272800000000004 38.36666666666667
496000 38.290600000000005 38.36666666666667
496500 38.290733333333336 38.36666666666667
497000 38.29086666666667 38.36666666666667
497500 38.27966666666667 38.36666666666667
498000 38.2975 38.36666666666667
498500 38.2832 38.36666666666667
499000 38.2808 38.36666666666667
499500 38.29953333333333 38.36666666666667
500000 38.282466666666664 38.36666666666667
500500 38.29163333333334 38.36666666666667
501000 38.29273333333333 38.36666666666667
501500 38.28216666666667 38.36666666666667
502000 38.301366666666674 38.36666666666667
502500 38.288333333333334 38.36666666666667
503000 38.30230000000001 38.36666666666667
503500 38.30483333333334 38.36666666666667
504000 38.30819999999999 38.36666666666667
504500 38.3071 38.36666666666667
505000 38.323566666666665 38.36666666666667
505500 38.3214 38.36666666666667
506000 38.31596666666667 38.4
506500 38.31326666666667 38.4
507000 38.30753333333334 38.4
507500 38.31633333333333 38.4
508000 38.328066666666665 38.4
508500 38.327866666666665 38.4
509000 38.3224 38.4
509500 38.316966666666666 38.4
510000 38.32533333333334 38.4
510500 38.307966666666665 38.4
511000 38.3232 38.4
511500 38.314366666666665 38.4
512000 38.31476666666667 38.4
512500 38.32983333333333 38.4
513000 38.31240000000001 38.4
513500 38.315900000000006 38.4
514000 38.31503333333333 38.4
514500 38.316633333333336 38.4
515000 38.32600000000001 38.4
515500 38.31836666666667 38.4
516000 38.321866666666665 38.4
516500 38.3262 38.4
517000 38.341699999999996 38.4
517500 38.32613333333334 38.4
518000 38.33076666666667 38.4
518500 38.33056666666666 38.4
519000 38.32423333333333 38.4
519500 38.33723333333334 38.4
520000 38.34423333333334 38.4
520500 38.358599999999996 38.4
521000 38.3464 38.4
521500 38.33776666666667 38.4
522000 38.35496666666666 38.4
522500 38.34976666666667 38.4
523000 38.35293333333333 38.4
523500 38.3596 38.4
524000 38.35379999999999 38.4
524500 38.36016666666667 38.4
525000 38.363366666666664 38.4
525500 38.3638 38.4
526000 38.35896666666667 38.4
526500 38.353833333333334 38.4
527000 38.36683333333334 38.4
527500 38.35563333333334 38.4
528000 38.36879999999999 38.4
528500 38.36396666666667 38.4
529000 38.343799999999995 38.4
529500 38.35493333333333 38.4
530000 38.36686666666667 38.4
530500 38.3624 38.4
531000 38.38156666666667 38.4
531500 38.38146666666667 38.4
532000 38.39620000000001 38.4
532500 38.39113333333333 38.4
533000 38.39116666666667 38.4
533500 38.38376666666667 38.4
534000 38.37876666666668 38.4
534500 38.391066666666674 38.4
535000 38.36136666666667 38.4
535500 38.37626666666667 38.4
536000 38.38753333333333 38.4
536500 38.37896666666667 38.4
537000 38.38516666666667 38.4
537500 38.38786666666667 38.4
538000 38.385133333333336 38.4
538500 38.384466666666675 38.4
539000 38.38210000000001 38.4
539500 38.37340000000001 38.4
540000 38.3761 38.4
540500 38.38776666666667 38.4
541000 38.382 38.4
541500 38.38506666666667 38.4
542000 38.3846 38.4
542500 38.3819 38.4
543000 38.38796666666667 38.4
543500 38.3875 38.4
544000 38.390366666666665 38.4
544500 38.3967 38.4
545000 38.387899999999995 38.4
545500 38.382333333333335 38.4
546000 38.37026666666667 38.4
546500 38.3791 38.4
547000 38.393800000000006 38.4
547500 38.39066666666667 38.4
548000 38.376 38.4
548500 38.379133333333336 38.4
549000 38.38786666666667 38.4
549500 38.38183333333334 38.4
550000 38.367 38.4
550500 38.385200000000005 38.4
551000 38.387800000000006 38.4
551500 38.388000000000005 38.4
552000 38.37326666666667 38.4
552500 38.37616666666667 38.4
553000 38.37923333333333 38.4
553500 38.38176666666667 38.4
554000 38.38786666666667 38.4
554500 38.390633333333334 38.4
555000 38.3942 38.4
555500 38.37930000000001 38.4
556000 38.37016666666668 38.4
556500 38.393566666666665 38.4
557000 38.39086666666666 38.4
557500 38.38796666666667 38.4
558000 38.38216666666667 38.4
558500 38.38536666666667 38.4
559000 38.384966666666664 38.4
559500 38.38766666666667 38.4
560000 38.388200000000005 38.4
560500 38.3789 38.4
561000 38.375600000000006 38.4
561500 38.38796666666667 38.4
562000 38.393366666666665 38.4
562500 38.39093333333334 38.4
563000 38.38173333333334 38.4
563500 38.37930000000001 38.4
564000 38.38156666666667 38.4
564500 38.38806666666667 38.4
565000 38.37853333333333 38.4
565500 38.3939 38.4
566000 38.38773333333334 38.4
566500 38.388133333333336 38.4
567000 38.378566666666664 38.4
567500 38.39096666666668 38.4
568000 38.38216666666667 38.4
568500 38.385000000000005 38.4
569000 38.38446666666667 38.4
569500 38.39056666666667 38.4
570000 38.3785 38.4
570500 38.38796666666667 38.4
571000 38.38803333333333 38.4
571500 38.391 38.4
572000 38.38216666666667 38.4
572500 38.37053333333334 38.4
573000 38.39066666666667 38.4
573500 38.3939 38.4
574000 38.38516666666667 38.4
574500 38.387933333333336 38.4
575000 38.37356666666667 38.4
575500 38.387600000000006 38.4
576000 38.364466666666665 38.4
576500 38.378566666666664 38.4
577000 38.39059999999999 38.4
577500 38.38813333333334 38.4
578000 38.38193333333333 38.4
578500 38.37036666666667 38.4
579000 38.39393333333333 38.4
579500 38.370133333333335 38.4
580000 38.39046666666666 38.4
580500 38.37943333333333 38.4
581000 38.39066666666667 38.4
581500 38.38523333333333 38.4
582000 38.37583333333334 38.4
582500 38.38763333333334 38.4
583000 38.37903333333334 38.4
583500 38.3791 38.4
584000 38.38763333333333 38.4
584500 38.381733333333344 38.4
585000 38.3791 38.4
585500 38.3731 38.46666666666667
586000 38.38530000000001 38.46666666666667
586500 38.38823333333333 38.46666666666667
587000 38.38523333333334 38.46666666666667
587500 38.3908 38.46666666666667
588000 38.388000000000005 38.46666666666667
588500 38.385600000000004 38.46666666666667
589000 38.388299999999994 38.46666666666667
589500 38.379400000000004 38.46666666666667
590000 38.38533333333334 38.46666666666667
590500 38.37973333333333 38.46666666666667
591000 38.3855 38.46666666666667
591500 38.37136666666667 38.46666666666667
592000 38.38313333333334 38.46666666666667
592500 38.38613333333333 38.46666666666667
593000 38.37740000000001 38.46666666666667
593500 38.383633333333336 38.46666666666667
594000 38.39586666666666 38.46666666666667
594500 38.39333333333333 38.46666666666667
595000 38.37623333333333 38.46666666666667
595500 38.38613333333333 38.46666666666667
596000 38.392900000000004 38.46666666666667
596500 38.3942 38.46666666666667
597000 38.384 38.46666666666667
597500 38.40086666666666 38.46666666666667
598000 38.396566666666665 38.46666666666667
598500 38.38243333333334 38.46666666666667
599000 38.39456666666667 38.46666666666667
599500 38.39903333333334 38.46666666666667
600000 38.424933333333335 38.46666666666667
600500 38.41716666666667 38.46666666666667
601000 38.40860000000001 38.46666666666667
601500 38.44520000000001 38.46666666666667
602000 38.444 38.46666666666667
602500 38.45466666666666 38.46666666666667
603000 38.44556666666667 38.46666666666667
603500 38.46626666666666 38.46666666666667
604000 38.44843333333334 38.46666666666667
604500 38.45146666666667 38.46666666666667
605000 38.44563333333333 38.46666666666667
605500 38.445600000000006 38.46666666666667
606000 38.44000000000001 38.46666666666667
606500 38.44883333333333 38.46666666666667
607000 38.4577 38.46666666666667
607500 38.4518 38.46666666666667
608000 38.45126666666667 38.46666666666667
608500 38.44896666666667 38.46666666666667
609000 38.454600000000006 38.46666666666667
609500 38.43996666666667 38.46666666666667
610000 38.454733333333344 38.46666666666667
610500 38.44883333333334 38.46666666666667
611000 38.45146666666667 38.46666666666667
611500 38.448933333333336 38.46666666666667
612000 38.45406666666667 38.46666666666667
612500 38.45456666666667 38.46666666666667
613000 38.442766666666664 38.46666666666667
613500 38.44576666666667 38.46666666666667
614000 38.448566666666665 38.46666666666667
614500 38.45136666666667 38.46666666666667
615000 38.439899999999994 38.46666666666667
615500 38.449066666666674 38.46666666666667
616000 38.4514 38.46666666666667
616500 38.44876666666667 38.46666666666667
617000 38.4429 38.46666666666667
617500 38.443000000000005 38.46666666666667
618000 38.44853333333333 38.46666666666667
618500 38.44586666666667 38.46666666666667
619000 38.45783333333333 38.46666666666667
619500 38.4459 38.46666666666667
620000 38.460366666666665 38.46666666666667
620500 38.454699999999995 38.46666666666667
621000 38.448933333333336 38.46666666666667
621500 38.44303333333334 38.5
622000 38.44576666666667 38.5
622500 38.4545 38.5
623000 38.44273333333333 38.5
623500 38.434000000000005 38.5
624000 38.4576 38.5
624500 38.44823333333333 38.53333333333333
625000 38.443200000000004 38.53333333333333
625500 38.45783333333334 38.53333333333333
626000 38.43693333333333 38.53333333333333
626500 38.448600000000006 38.53333333333333
627000 38.451699999999995 38.56666666666667
627500 38.43893333333333 38.56666666666667
628000 38.455466666666666 38.56666666666667
628500 38.44899999999999 38.56666666666667
629000 38.429433333333336 38.56666666666667
629500 38.44346666666666 38.56666666666667
630000 38.45 38.56666666666667
630500 38.45006666666667 38.56666666666667
631000 38.462999999999994 38.56666666666667
631500 38.445266666666676 38.56666666666667
632000 38.455133333333336 38.56666666666667
632500 38.44726666666667 38.56666666666667
633000 38.46003333333333 38.56666666666667
633500 38.449333333333335 38.56666666666667
634000 38.45356666666667 38.56666666666667
634500 38.470466666666674 38.56666666666667
635000 38.4675 38.56666666666667
635500 38.46783333333334 38.56666666666667
636000 38.46310000000001 38.56666666666667
636500 38.47080000000001 38.56666666666667
637000 38.48890000000001 38.56666666666667
637500 38.48753333333333 38.56666666666667
638000 38.494733333333336 38.56666666666667
638500 38.48916666666666 38.56666666666667
639000 38.490366666666674 38.56666666666667
639500 38.482033333333334 38.56666666666667
640000 38.49243333333333 38.56666666666667
640500 38.49936666666667 38.56666666666667
641000 38.500266666666676 38.56666666666667
641500 38.49073333333334 38.56666666666667
642000 38.501400000000004 38.56666666666667
642500 38.500733333333336 38.56666666666667
643000 38.49603333333334 38.56666666666667
643500 38.49996666666666 38.56666666666667
644000 38.517333333333326 38.56666666666667
644500 38.50336666666667 38.56666666666667
645000 38.509233333333334 38.56666666666667
645500 38.50090000000001 38.56666666666667
646000 38.52223333333333 38.56666666666667
646500 38.519 38.56666666666667
647000 38.52486666666667 38.56666666666667
647500 38.509966666666664 38.56666666666667
648000 38.513400000000004 38.56666666666667
648500 38.5165 38.56666666666667
649000 38.51636666666666 38.56666666666667
649500 38.509600000000006 38.56666666666667
650000 38.52286666666667 38.56666666666667
650500 38.517066666666665 38.56666666666667
651000 38.5227 38.56666666666667
651500 38.52 38.56666666666667
652000 38.5024 38.56666666666667
652500 38.5263 38.56666666666667
653000 38.52616666666667 38.56666666666667
653500 38.523633333333336 38.56666666666667
654000 38.50613333333334 38.56666666666667
654500 38.51813333333333 38.56666666666667
655000 38.518433333333334 38.56666666666667
655500 38.51906666666667 38.56666666666667
656000 38.50796666666667 38.56666666666667
656500 38.52863333333333 38.56666666666667
657000 38.509366666666665 38.56666666666667
657500 38.53086666666666 38.6
658000 38.52883333333333 38.6
658500 38.52683333333334 38.6
659000 38.5135 38.6
659500 38.51813333333334 38.6
660000 38.51923333333333 38.6
660500 38.5343 38.6
661000 38.5323 38.6
661500 38.53673333333334 38.6
662000 38.54250000000001 38.6
662500 38.533566666666665 38.6
663000 38.549 38.6
663500 38.53313333333333 38.6
664000 38.54556666666667 38.6
664500 38.551566666666666 38.6
665000 38.554566666666666 38.6
665500 38.55736666666667 38.6
666000 38.54600000000001 38.6
666500 38.55443333333334 38.6
667000 38.562866666666665 38.6
667500 38.55473333333334 38.6
668000 38.548366666666666 38.6
668500 38.55176666666667 38.6
669000 38.56060000000001 38.6
669500 38.55153333333333 38.6
670000 38.548899999999996 38.6
670500 38.55153333333333 38.6
671000 38.55493333333333 38.6
671500 38.54906666666667 38.6
672000 38.54263333333334 38.6
672500 38.5435 38.6
673000 38.54063333333333 38.6
673500 38.55553333333333 38.6
674000 38.56456666666667 38.6
674500 38.55596666666667 38.6
675000 38.553 38.6
675500 38.54103333333333 38.6
676000 38.54763333333334 38.6
676500 38.55366666666667 38.6
677000 38.56003333333333 38.6
677500 38.56256666666666 38.6
678000 38.56043333333333 38.6
678500 38.5644 38.6
679000 38.5559 38.6
679500 38.56006666666667 38.6
680000 38.561033333333334 38.6
680500 38.565200000000004 38.6
681000 38.56953333333333 38.6
681500 38.56486666666667 38.6
682000 38.56396666666667 38.6
682500 38.5575 38.6
683000 38.56696666666666 38.6
683500 38.576699999999995 38.6
684000 38.578199999999995 38.6
684500 38.5887 38.6
685000 38.584599999999995 38.6
685500 38.578433333333344 38.6
686000 38.57613333333334 38.6
686500 38.58169999999999 38.6
687000 38.579 38.6
687500 38.582 38.6
688000 38.576233333333334 38.6
688500 38.58183333333333 38.6
689000 38.58503333333333 38.6
689500 38.587599999999995 38.6
690000 38.58206666666667 38.6
690500 38.58226666666667 38.6
691000 38.579166666666666 38.6
691500 38.59376666666667 38.6
692000 38.59106666666666 38.6
692500 38.58820000000001 38.6
693000 38.58773333333333 38.6
693500 38.57886666666668 38.6
694000 38.59376666666667 38.6
694500 38.5734 38.6
695000 38.58773333333333 38.6
695500 38.575900000000004 38.6
696000 38.58773333333333 38.6
696500 38.57923333333334 38.6
697000 38.58206666666667 38.6
697500 38.58216666666667 38.6
698000 38.5906 38.6
698500 38.57913333333333 38.6
699000 38.579233333333335 38.6
699500 38.5907 38.6
700000 38.576 38.6
700500 38.5816 38.6
701000 38.58473333333335 38.6
701500 38.57636666666667 38.6
702000 38.58813333333333 38.6
702500 38.57886666666666 38.6
703000 38.59896666666667 38.63333333333333
703500 38.59386666666667 38.63333333333333
704000 38.58786666666666 38.63333333333333
704500 38.58786666666666 38.63333333333333
705000 38.57026666666666 38.63333333333333
705500 38.57913333333333 38.63333333333333
706000 38.5758 38.63333333333333
706500 38.57893333333333 38.63333333333333
707000 38.58486666666667 38.63333333333333
707500 38.572433333333336 38.63333333333333
708000 38.5765 38.63333333333333
708500 38.57586666666667 38.63333333333333
709000 38.582166666666666 38.63333333333333
709500 38.58763333333333 38.63333333333333
710000 38.582033333333335 38.63333333333333
710500 38.58736666666667 38.63333333333333
711000 38.585233333333335 38.63333333333333
711500 38.59083333333333 38.63333333333333
712000 38.582366666666665 38.63333333333333
712500 38.59053333333333 38.63333333333333
713000 38.5876 38.63333333333333
713500 38.581766666666674 38.63333333333333
714000 38.58793333333334 38.63333333333333
714500 38.6 38.63333333333333
715000 38.57640000000001 38.63333333333333
715500 38.58176666666667 38.63333333333333
716000 38.58743333333334 38.63333333333333
716500 38.5882 38.63333333333333
717000 38.57893333333333 38.63333333333333
717500 38.57873333333334 38.63333333333333
718000 38.5821 38.63333333333333
718500 38.57613333333334 38.63333333333333
719000 38.58213333333334 38.63333333333333
719500 38.588100000000004 38.63333333333333
720000 38.581599999999995 38.63333333333333
720500 38.588100000000004 38.63333333333333
721000 38.56433333333334 38.63333333333333
721500 38.582233333333335 38.63333333333333
722000 38.591 38.63333333333333
722500 38.59073333333334 38.63333333333333
723000 38.58826666666667 38.63333333333333
723500 38.576699999999995 38.63333333333333
724000 38.585233333333335 38.63333333333333
724500 38.5764 38.63333333333333
725000 38.56980000000001 38.63333333333333
725500 38.588100000000004 38.63333333333333
726000 38.58506666666666 38.63333333333333
726500 38.573466666666675 38.63333333333333
727000 38.56763333333333 38.63333333333333
727500 38.591033333333336 38.63333333333333
728000 38.58486666666668 38.63333333333333
728500 38.57936666666667 38.63333333333333
729000 38.58246666666667 38.63333333333333
729500 38.5884 38.63333333333333
730000 38.5793 38.63333333333333
730500 38.58206666666667 38.666666666666664
731000 38.5855 38.666666666666664
731500 38.57939999999999 38.666666666666664
732000 38.58500000000001 38.666666666666664
732500 38.58863333333333 38.666666666666664
733000 38.57966666666667 38.666666666666664
733500 38.58293333333334 38.666666666666664
734000 38.5886 38.666666666666664
734500 38.576566666666665 38.666666666666664
735000 38.57926666666666 38.666666666666664
735500 38.5949 38.666666666666664
736000 38.5799 38.666666666666664
736500 38.58310000000001 38.666666666666664
737000 38.594633333333334 38.666666666666664
737500 38.586133333333336 38.666666666666664
738000 38.59186666666667 38.666666666666664
738500 38.58883333333333 38.666666666666664
739000 38.58323333333333 38.666666666666664
739500 38.58336666666666 38.666666666666664
740000 38.580733333333335 38.666666666666664
740500 38.5628 38.666666666666664
741000 38.59556666666666 38.666666666666664
741500 38.595200000000006 38.666666666666664
742000 38.58926666666667 38.666666666666664
742500 38.58293333333334 38.666666666666664
743000 38.5838 38.666666666666664
743500 38.59583333333334 38.666666666666664
744000 38.59310000000001 38.666666666666664
744500 38.587700000000005 38.666666666666664
745000 38.59353333333333 38.666666666666664
745500 38.59170000000001 38.666666666666664
746000 38.59220000000001 38.666666666666664
746500 38.583299999999994 38.666666666666664
747000 38.590766666666674 38.666666666666664
747500 38.59063333333333 38.666666666666664
748000 38.58003333333333 38.666666666666664
748500 38.589733333333335 38.666666666666664
749000 38.59693333333333 38.666666666666664
749500 38.602533333333334 38.666666666666664
750000 38.59816666666667 38.666666666666664
750500 38.59833333333333 38.666666666666664
751000 38.60443333333333 38.666666666666664
751500 38.60926666666667 38.666666666666664
752000 38.61163333333333 38.666666666666664
752500 38.61176666666667 38.666666666666664
753000 38.621599999999994 38.666666666666664
753500 38.623933333333326 38.666666666666664
754000 38.62453333333334 38.666666666666664
754500 38.62440000000001 38.666666666666664
755000 38.62383333333333 38.666666666666664
755500 38.6244 38.666666666666664
756000 38.6183 38.666666666666664
756500 38.6124 38.666666666666664
757000 38.61816666666667 38.666666666666664
757500 38.615633333333335 38.666666666666664
758000 38.612133333333325 38.666666666666664
758500 38.6211 38.666666666666664
759000 38.62436666666667 38.666666666666664
759500 38.6214 38.666666666666664
760000 38.62120000000001 38.666666666666664
760500 38.61533333333333 38.666666666666664
761000 38.6211 38.666666666666664
761500 38.61836666666667 38.666666666666664
762000 38.61850000000001 38.666666666666664
762500 38.62116666666667 38.666666666666664
763000 38.6208 38.666666666666664
763500 38.618700000000004 38.666666666666664
764000 38.62736666666667 38.666666666666664
764500 38.618500000000004 38.666666666666664
765000 38.621300000000005 38.666666666666664
765500 38.62120000000001 38.666666666666664
766000 38.60060000000001 38.666666666666664
766500 38.6124 38.666666666666664
767000 38.615433333333335 38.666666666666664
767500 38.6126 38.666666666666664
768000 38.6183 38.666666666666664
768500 38.600366666666666 38.666666666666664
769000 38.6097 38.666666666666664
769500 38.6125 38.666666666666664
770000 38.60893333333334 38.63333333333333
770500 38.62403333333334 38.63333333333333
771000 38.61826666666666 38.63333333333333
771500 38.61733333333335 38.666666666666664
772000 38.61813333333334 38.666666666666664
772500 38.60340000000001 38.666666666666664
773000 38.62160000000001 38.666666666666664
773500 38.6125 38.666666666666664
774000 38.61253333333334 38.666666666666664
774500 38.6156 38.666666666666664
775000 38.61533333333333 38.666666666666664
775500 38.6124 38.666666666666664
776000 38.6155 38.666666666666664
776500 38.6123 38.666666666666664
777000 38.61543333333334 38.666666666666664
777500 38.61866666666666 38.666666666666664
778000 38.615633333333335 38.666666666666664
778500 38.618633333333335 38.666666666666664
779000 38.62173333333333 38.666666666666664
779500 38.62516666666667 38.666666666666664
780000 38.62536666666667 38.666666666666664
780500 38.62253333333333 38.666666666666664
781000 38.628600000000006 38.666666666666664
781500 38.63483333333333 38.666666666666664
782000 38.62340000000001 38.666666666666664
782500 38.6183 38.666666666666664
783000 38.61836666666667 38.666666666666664
783500 38.631099999999996 38.666666666666664
784000 38.62596666666666 38.666666666666664
784500 38.61826666666666 38.666666666666664
785000 38.61403333333333 38.666666666666664
785500 38.623733333333334 38.666666666666664
786000 38.629099999999994 38.666666666666664
786500 38.6322 38.666666666666664
787000 38.624166666666675 38.666666666666664
787500 38.63493333333334 38.666666666666664
788000 38.65206666666666 38.666666666666664
788500 38.6568 38.666666666666664
789000 38.633433333333336 38.666666666666664
789500 38.6574 38.666666666666664
790000 38.648633333333336 38.666666666666664
790500 38.65396666666666 38.666666666666664
791000 38.666466666666665 38.666666666666664
791500 38.6453 38.666666666666664
792000 38.63326666666667 38.666666666666664
792500 38.64296666666667 38.666666666666664
793000 38.6632 38.666666666666664
793500 38.648833333333336 38.666666666666664
794000 38.659933333333335 38.666666666666664
794500 38.654466666666664 38.666666666666664
795000 38.6513 38.666666666666664
795500 38.6662 38.666666666666664
796000 38.65466666666667 38.666666666666664
796500 38.6602 38.666666666666664
797000 38.641666666666666 38.666666666666664
797500 38.65120000000001 38.666666666666664
798000 38.660666666666664 38.666666666666664
798500 38.64546666666667 38.666666666666664
799000 38.645833333333336 38.666666666666664
799500 38.645633333333336 38.666666666666664
800000 38.6544 38.666666666666664
800500 38.660266666666665 38.666666666666664
801000 38.660700000000006 38.666666666666664
801500 38.654500000000006 38.666666666666664
802000 38.65173333333333 38.666666666666664
802500 38.645900000000005 38.666666666666664
803000 38.65756666666667 38.666666666666664
803500 38.6546 38.666666666666664
804000 38.659933333333335 38.666666666666664
804500 38.654199999999996 38.666666666666664
805000 38.65146666666667 38.666666666666664
805500 38.66043333333334 38.666666666666664
806000 38.657133333333334 38.666666666666664
806500 38.66336666666667 38.666666666666664
807000 38.63970000000001 38.666666666666664
807500 38.660266666666665 38.666666666666664
808000 38.65133333333333 38.666666666666664
808500 38.6603 38.666666666666664
809000 38.63973333333334 38.666666666666664
809500 38.64866666666667 38.666666666666664
810000 38.65396666666667 38.666666666666664
810500 38.64563333333333 38.666666666666664
811000 38.65976666666667 38.666666666666664
811500 38.64266666666666 38.666666666666664
812000 38.63986666666667 38.666666666666664
812500 38.6281 38.666666666666664
813000 38.64896666666666 38.666666666666664
813500 38.64586666666667 38.666666666666664
814000 38.65143333333334 38.666666666666664
814500 38.64536666666667 38.666666666666664
815000 38.6455 38.666666666666664
815500 38.6481 38.666666666666664
816000 38.651900000000005 38.666666666666664
816500 38.659933333333335 38.666666666666664
817000 38.64573333333333 38.666666666666664
817500 38.66353333333334 38.666666666666664
818000 38.65173333333334 38.666666666666664
818500 38.65166666666667 38.666666666666664
819000 38.642633333333336 38.666666666666664
819500 38.648900000000005 38.666666666666664
820000 38.65480000000001 38.666666666666664
820500 38.660533333333326 38.666666666666664
821000 38.63356666666667 38.666666666666664
821500 38.65133333333333 38.666666666666664
822000 38.64566666666667 38.666666666666664
822500 38.6574 38.666666666666664
823000 38.6519 38.666666666666664
823500 38.654599999999995 38.666666666666664
824000 38.66056666666667 38.666666666666664
824500 38.65143333333333 38.666666666666664
825000 38.64263333333334 38.666666666666664
825500 38.66306666666666 38.666666666666664
826000 38.651833333333336 38.666666666666664
826500 38.6547 38.666666666666664
827000 38.657633333333344 38.666666666666664
827500 38.63676666666667 38.666666666666664
828000 38.64573333333333 38.666666666666664
828500 38.6428 38.666666666666664
829000 38.639333333333326 38.666666666666664
829500 38.6577 38.666666666666664
830000 38.651700000000005 38.666666666666664
830500 38.6546 38.666666666666664
831000 38.654466666666664 38.666666666666664
831500 38.645599999999995 38.666666666666664
832000 38.65123333333334 38.666666666666664
832500 38.6484 38.666666666666664
833000 38.6548 38.666666666666664
833500 38.6366 38.666666666666664
834000 38.6575 38.666666666666664
834500 38.65723333333334 38.666666666666664
835000 38.65123333333334 38.666666666666664
835500 38.66030000000001 38.666666666666664
836000 38.651833333333336 38.666666666666664
836500 38.643100000000004 38.666666666666664
837000 38.64296666666667 38.666666666666664
837500 38.65433333333333 38.666666666666664
838000 38.64286666666668 38.666666666666664
838500 38.65706666666667 38.666666666666664
839000 38.63986666666667 38.666666666666664
839500 38.65113333333333 38.666666666666664
840000 38.657066666666665 38.666666666666664
840500 38.6513 38.666666666666664
841000 38.642700000000005 38.666666666666664
841500 38.644999999999996 38.666666666666664
842000 38.651366666666675 38.666666666666664
842500 38.65753333333334 38.666666666666664
843000 38.65493333333334 38.666666666666664
843500 38.651533333333326 38.666666666666664
844000 38.64813333333334 38.666666666666664
844500 38.65163333333333 38.666666666666664
845000 38.64586666666667 38.666666666666664
845500 38.657333333333334 38.666666666666664
846000 38.65456666666667 38.666666666666664
846500 38.643100000000004 38.666666666666664
847000 38.64560000000001 38.666666666666664
847500 38.64883333333333 38.666666666666664
848000 38.64866666666668 38.666666666666664
848500 38.64586666666666 38.666666666666664
849000 38.648833333333336 38.666666666666664
849500 38.64290000000001 38.666666666666664
850000 38.648766666666674 38.666666666666664
850500 38.66036666666666 38.666666666666664
851000 38.645833333333336 38.666666666666664
851500 38.662699999999994 38.666666666666664
852000 38.65476666666667 38.666666666666664
852500 38.6637 38.666666666666664
853000 38.6458 38.666666666666664
853500 38.6427 38.666666666666664
854000 38.6458 38.666666666666664
854500 38.645433333333344 38.666666666666664
855000 38.6427 38.666666666666664
855500 38.651700000000005 38.666666666666664
856000 38.660399999999996 38.666666666666664
856500 38.651500000000006 38.666666666666664
857000 38.66056666666667 38.666666666666664
857500 38.62510000000001 38.666666666666664
858000 38.630766666666666 38.666666666666664
858500 38.64883333333333 38.666666666666664
859000 38.64543333333334 38.666666666666664
859500 38.646 38.666666666666664
860000 38.6576 38.666666666666664
860500 38.642366666666675 38.666666666666664
861000 38.660333333333334 38.666666666666664
861500 38.65423333333333 38.666666666666664
862000 38.6605 38.666666666666664
862500 38.6548 38.666666666666664
863000 38.6548 38.666666666666664
863500 38.65473333333333 38.666666666666664
864000 38.6576 38.666666666666664
864500 38.65136666666667 38.666666666666664
865000 38.657466666666664 38.666666666666664
865500 38.65426666666667 38.666666666666664
866000 38.654700000000005 38.666666666666664
866500 38.65773333333333 38.666666666666664
867000 38.648500000000006 38.666666666666664
867500 38.6576 38.666666666666664
868000 38.646100000000004 38.666666666666664
868500 38.660399999999996 38.666666666666664
869000 38.64873333333333 38.666666666666664
869500 38.6567 38.666666666666664
870000 38.660399999999996 38.666666666666664
870500 38.645633333333336 38.666666666666664
871000 38.654199999999996 38.666666666666664
871500 38.64556666666667 38.666666666666664
872000 38.64563333333333 38.666666666666664
872500 38.65149999999999 38.666666666666664
873000 38.66043333333333 38.666666666666664
873500 38.651466666666664 38.666666666666664
874000 38.6512 38.666666666666664
874500 38.65763333333334 38.666666666666664
875000 38.64253333333333 38.666666666666664
875500 38.644933333333334 38.666666666666664
876000 38.64560000000001 38.666666666666664
876500 38.65463333333334 38.666666666666664
877000 38.64536666666667 38.666666666666664
877500 38.642966666666666 38.666666666666664
878000 38.651700000000005 38.666666666666664
878500 38.6604 38.666666666666664
879000 38.654466666666664 38.666666666666664
879500 38.654466666666664 38.666666666666664
880000 38.65456666666667 38.7
880500 38.6398 38.7
881000 38.65423333333333 38.7
881500 38.639633333333336 38.7
882000 38.648500000000006 38.7
882500 38.64543333333334 38.7
883000 38.64603333333333 38.7
883500 38.639566666666674 38.7
884000 38.642766666666674 38.7
884500 38.654599999999995 38.7
885000 38.64560000000001 38.7
885500 38.64273333333334 38.7
886000 38.6543 38.7
886500 38.657833333333336 38.7
887000 38.6576 38.7
887500 38.62786666666668 38.7
888000 38.66353333333333 38.7
888500 38.64876666666667 38.7
889000 38.66096666666667 38.7
889500 38.6346 38.7
890000 38.657933333333325 38.7
890500 38.64623333333334 38.7
891000 38.64 38.7
891500 38.65503333333333 38.7
892000 38.66093333333333 38.7
892500 38.64313333333333 38.7
893000 38.66106666666667 38.7
893500 38.64313333333333 38.7
894000 38.6614 38.7
894500 38.64096666666667 38.7
895000 38.647 38.7
895500 38.66166666666666 38.7
896000 38.65636666666667 38.7
896500 38.65606666666667 38.7
897000 38.66263333333333 38.7
897500 38.662333333333336 38.7
898000 38.657366666666675 38.7
898500 38.65743333333334 38.7
899000 38.64646666666667 38.7
899500 38.65636666666667 38.7
900000 38.666033333333324 38.7
900500 38.65120000000001 38.7
901000 38.65016666666667 38.7
901500 38.6513 38.7
902000 38.66753333333334 38.7
902500 38.66053333333333 38.7
903000 38.64833333333334 38.7
903500 38.66046666666667 38.7
904000 38.661866666666675 38.7
904500 38.687599999999996 38.7
905000 38.6632 38.7
905500 38.68196666666667 38.7
906000 38.6786 38.7
906500 38.69386666666667 38.7
907000 38.68513333333333 38.7
907500 38.67620000000001 38.7
908000 38.69376666666667 38.7
908500 38.69646666666667 38.7
909000 38.68743333333334 38.7
909500 38.67616666666667 38.7
910000 38.69113333333333 38.7
910500 38.693599999999996 38.7
911000 38.68776666666667 38.7
911500 38.68193333333333 38.7
912000 38.69383333333334 38.7
912500 38.68776666666667 38.7
913000 38.68763333333334 38.7
913500 38.678999999999995 38.7
914000 38.6791 38.7
914500 38.68200000000001 38.7
915000 38.69113333333334 38.7
915500 38.687866666666665 38.7
916000 38.690533333333335 38.7
916500 38.68213333333334 38.7
917000 38.68196666666667 38.7
917500 38.6791 38.7
918000 38.67596666666667 38.7
918500 38.684533333333334 38.7
919000 38.681666666666665 38.7
919500 38.68196666666667 38.7
920000 38.687799999999996 38.7
920500 38.690900000000006 38.7
921000 38.687900000000006 38.7
921500 38.68776666666666 38.7
922000 38.69936666666668 38.7
922500 38.68776666666666 38.7
923000 38.66993333333333 38.7
923500 38.68793333333333 38.7
924000 38.69666666666667 38.7
924500 38.678566666666676 38.7
925000 38.68183333333333 38.7
925500 38.6878 38.7
926000 38.6726 38.7
926500 38.678433333333345 38.7
927000 38.670633333333335 38.7
927500 38.6734 38.733333333333334
928000 38.67283333333333 38.733333333333334
928500 38.681799999999996 38.733333333333334
929000 38.67346666666666 38.733333333333334
929500 38.688300000000005 38.733333333333334
930000 38.68486666666667 38.733333333333334
930500 38.68776666666667 38.733333333333334
931000 38.67913333333333 38.733333333333334
931500 38.68150000000001 38.733333333333334
932000 38.681666666666665 38.733333333333334
932500 38.681966666666675 38.733333333333334
933000 38.682033333333344 38.733333333333334
933500 38.6877 38.733333333333334
934000 38.68826666666667 38.733333333333334
934500 38.69086666666667 38.733333333333334
935000 38.67863333333333 38.733333333333334
935500 38.66760000000001 38.733333333333334
936000 38.68213333333334 38.733333333333334
936500 38.676333333333346 38.733333333333334
937000 38.6882 38.733333333333334
937500 38.6822 38.733333333333334
938000 38.690900000000006 38.733333333333334
938500 38.673033333333336 38.733333333333334
939000 38.673200000000016 38.733333333333334
939500 38.68296666666667 38.733333333333334
940000 38.68570000000001 38.733333333333334
940500 38.686400000000006 38.733333333333334
941000 38.69179999999999 38.733333333333334
941500 38.68756666666666 38.733333333333334
942000 38.69383333333334 38.733333333333334
942500 38.68823333333333 38.733333333333334
943000 38.6827 38.733333333333334
943500 38.696033333333325 38.733333333333334
944000 38.68846666666668 38.733333333333334
944500 38.69086666666668 38.733333333333334
945000 38.68686666666667 38.733333333333334
945500 38.70159999999999 38.733333333333334
946000 38.70463333333334 38.733333333333334
946500 38.70596666666667 38.733333333333334
947000 38.71116666666667 38.733333333333334
947500 38.719766666666665 38.733333333333334
948000 38.72413333333334 38.733333333333334
948500 38.72723333333333 38.733333333333334
949000 38.72130000000001 38.733333333333334
949500 38.715333333333334 38.733333333333334
950000 38.71546666666667 38.733333333333334
950500 38.71566666666667 38.733333333333334
951000 38.72423333333333 38.733333333333334
951500 38.708999999999996 38.733333333333334
952000 38.72746666666667 38.733333333333334
952500 38.718466666666664 38.733333333333334
953000 38.715466666666664 38.733333333333334
953500 38.72096666666667 38.733333333333334
954000 38.712399999999995 38.733333333333334
954500 38.71543333333334 38.733333333333334
955000 38.72153333333334 38.733333333333334
955500 38.72096666666667 38.733333333333334
956000 38.715133333333334 38.733333333333334
956500 38.72123333333334 38.766666666666666
957000 38.706466666666664 38.766666666666666
957500 38.70943333333334 38.766666666666666
958000 38.72709999999999 38.766666666666666
958500 38.71833333333334 38.766666666666666
959000 38.72376666666666 38.766666666666666
959500 38.7065 38.766666666666666
960000 38.72153333333334 38.766666666666666
960500 38.712566666666675 38.766666666666666
961000 38.72136666666667 38.766666666666666
961500 38.727 38.766666666666666
962000 38.72130000000001 38.766666666666666
962500 38.7241 38.766666666666666
963000 38.72116666666667 38.766666666666666
963500 38.7182 38.766666666666666
964000 38.72390000000001 38.766666666666666
964500 38.71476666666667 38.766666666666666
965000 38.71553333333335 38.766666666666666
965500 38.7153 38.766666666666666
966000 38.73043333333333 38.766666666666666
966500 38.72463333333334 38.766666666666666
967000 38.73006666666667 38.766666666666666
967500 38.71230000000001 38.766666666666666
968000 38.7129 38.766666666666666
968500 38.7156 38.766666666666666
969000 38.72743333333333 38.766666666666666
969500 38.7152 38.766666666666666
970000 38.70966666666667 38.766666666666666
970500 38.718399999999995 38.766666666666666
971000 38.717866666666666 38.766666666666666
971500 38.72453333333333 38.766666666666666
972000 38.714933333333335 38.766666666666666
972500 38.71553333333335 38.766666666666666
973000 38.72436666666667 38.766666666666666
973500 38.71553333333334 38.766666666666666
974000 38.715766666666674 38.766666666666666
974500 38.718833333333336 38.766666666666666
975000 38.715766666666674 38.766666666666666
975500 38.718666666666664 38.766666666666666
976000 38.7246 38.766666666666666
976500 38.71853333333333 38.8
977000 38.7156 38.8
977500 38.727 38.8
978000 38.730533333333334 38.8
978500 38.7248 38.8
979000 38.71816666666666 38.8
979500 38.71253333333333 38.8
980000 38.722 38.8
980500 38.73046666666667 38.8
981000 38.72176666666667 38.8
981500 38.71563333333334 38.8
982000 38.713 38.8
982500 38.7127 38.8
983000 38.7278 38.8
983500 38.7103 38.8
984000 38.713499999999996 38.8
984500 38.71939999999999 38.8
985000 38.7045 38.8
985500 38.72526666666667 38.8
986000 38.713466666666676 38.8
986500 38.70786666666667 38.8
987000 38.71033333333334 38.8
987500 38.72023333333333 38.8
988000 38.723200000000006 38.8
988500 38.714733333333335 38.8
989000 38.72396666666667 38.8
989500 38.720800000000004 38.8
990000 38.71806666666667 38.8
990500 38.718333333333334 38.8
991000 38.724799999999995 38.8
991500 38.73096666666667 38.8
992000 38.7135 38.8
992500 38.7111 38.8
993000 38.715066666666665 38.8
993500 38.72443333333334 38.8
994000 38.704033333333335 38.8
994500 38.73753333333333 38.8
995000 38.721133333333334 38.8
995500 38.73096666666667 38.8
996000 38.72313333333333 38.8
996500 38.7273 38.8
997000 38.71733333333334 38.8
997500 38.725833333333334 38.8
998000 38.72336666666668 38.8
998500 38.73596666666666 38.8
999000 38.74353333333333 38.8
999500 38.74176666666668 38.8
1000000 38.74086666666667 38.8
