185
[(118, 8, 3), (131, 35, 3), (133, 14, 3), (120, 39, 1), (109, 13, 1), (112, 19, 3), (114, 21, 3), (119, 0, 2), (117, 23, 0), (108, 25, 0), (123, 13, 3), (130, 1, 3), (118, 21, 0), (126, 14, 1), (110, 39, 3), (119, 17, 3), (111, 20, 1), (111, 36, 1), (134, 5, 2), (110, 4, 0)]
600 41                     -32.42 -50 -50 0.0
1100 58.178300746124634 -6.376945858179905                         5 -49.90833333333333 0.0016666666666666668
1600 58.178300746124634 9.497747497749248                         15 -49.8 0.0033333333333333335
2100 65.98394240505769 22.887563640037925                         40 -49.135 0.011666666666666667
2600 77.27965569433339 34.81551726443094                         40 -49.43 0.006666666666666667
3100 92.10950647384999 45.43488848396128                         56 -49.04833333333333 0.01
3600 94.67087641494692 54.33584920243379                         56 -49.315 0.006666666666666667
4100 102.16920409620985 62.65547378995239                         57 -49.12833333333333 0.008333333333333333
4600 105.34296180198945 70.61994569124812                         105 -49.55166666666667 0.0033333333333333335
5100 105.34296180198945 78.03312197617288                         105 -49.105 0.006666666666666667
5600 120.0 84.61447928970057                         120 -48.81333333333333 0.008333333333333333
6100 120.0 90.45425201626992                         120 -49.23166666666667 0.005
6600 123.0 95.30973758346572                         123 -48.681666666666665 0.008333333333333333
7100 133.24227161792535 99.68619588491158                         123 -48.645 0.008333333333333333
7600 133.24227161792535 103.54169492159427                         123 -48.645 0.008333333333333333
8100 136.86584415480928 107.97875288970923                         123 -48.12166666666667 0.011666666666666667
8600 136.86584415480928 112.02651762504316                         123 -48.888333333333335 0.006666666666666667
9100 136.86584415480928 115.5402055240746                         123 -48.33833333333333 0.01
9600 139.78582675534892 118.96625182412616                         123 -48.86333333333334 0.006666666666666667
10100 139.78582675534892 121.83770261326544                         123 -49.14 0.005
10600 143.75784281886038 124.23697425531728                         123 -49.14 0.005
11100 145.70441361839687 126.85872110456467                         120 -49.71666666666667 0.0016666666666666668
11600 145.70441361839687 129.1051907076914                         -50 -50 0.0
12100 151.83469784201748 131.65276527395233                         -50 -50 0.0
12600 152.01516640595284 134.3354225897257                         -50 -50 0.0
13100 156.4014020831265 137.61905517823647                         -50 -50 0.0
13600 156.4014020831265 141.00814122752965                         -50 -50 0.0
14100 156.85559173488136 144.5898993006655                         -50 -50 0.0
14600 160.69021214748696 148.16076948830212                         -50 -50 0.0
15100 162.26791469778976 151.42195408775206                         -50 -50 0.0
15600 162.85906004243648 154.21615061162598                         -50 -50 0.0
16100 165.42059890511965 156.91918585937756                         -50 -50 0.0
16600 166.14088356694018 159.09228989103502                         -50 -50 0.0
17100 167.51971312986433 160.8949021268186                         -50 -50 0.0
17600 168.77116122417246 162.46517043478818                         -50 -50 0.0
18100 169.1993472421904 163.74458200720113                         -50 -50 0.0
18600 170.095502930669 164.63533457386723                         -50 -50 0.0
19100 170.1232255578396 165.39054224665767                         -50 -50 0.0
19600 170.7753112563922 166.07382333853565                         -50 -50 0.0
20100 171.95863104905496 166.81674486598237                         -50 -50 0.0
20600 171.95863104905496 167.5538148816578                         -50 -50 0.0
21100 171.95863104905496 168.40539203820714                         -50 -50 0.0
21600 172.4973516286373 169.14518563041526                         -50 -50 0.0
22100 172.4973516286373 169.72640615355346                         -50 -50 0.0
22600 172.5040634911838 170.3021308413168                         -50 -50 0.0
23100 172.5040634911838 170.83698298628468                         -50 -50 0.0
23600 172.53210635237687 171.35492387196655                         -50 -50 0.0
24100 173.53652016536722 171.87462638982444                         -50 -50 0.0
24600 173.53652016536722 172.25546485747537                         -50 -50 0.0
25100 176.59781221904728 172.49461082659548                         -50 -50 0.0
25600 176.61279687192783 172.61068476927295                         -50 -50 0.0
26100 176.61279687192783 172.69837651758596                         -50 -50 0.0
26600 176.61279687192783 172.8126888420118                         -50 -50 0.0
27100 176.61279687192783 173.05451742052355                         -50 -50 0.0
27600 176.6906931126325 173.60491673429374                         -50 -50 0.0
28100 177.73740078269498 174.5300857304187                         -50 -50 0.0
28600 177.73740078269498 175.6199100276067                         -50 -50 0.0
29100 178.48912490015573 176.36580832780572                         -50 -50 0.0
29600 178.5058317552025 176.59710435479676                         -50 -50 0.0
30100 178.72198420902475 176.76094144555296                         -50 -50 0.0
30600 179.50307656990609 177.02713033741045                         -50 -50 0.0
31100 181.06630088479116 177.5293848117184                         -50 -50 0.0
31600 181.06630088479116 178.09448317188958                         -50 -50 0.0
32100 181.06630088479116 178.67617656103212                         -50 -50 0.0
32600 181.06630088479116 179.2381450177629                         -50 -50 0.0
33100 181.26714146060854 179.82675985831338                         -50 -50 0.0
33600 181.26714146060854 180.28478878225172                         -50 -50 0.0
34100 181.31813351237548 180.56329062695474                         -50 -50 0.0
34600 181.31813351237548 180.7702676096057                         -50 -50 0.0
35100 181.65425859496924 180.90981240427652                         -50 -50 0.0
35600 181.65425859496924 181.02897797637522                         -50 -50 0.0
36100 181.65500944534162 181.17199319224954                         -50 -50 0.0
36600 181.6645857911004 181.22513695931738                         -50 -50 0.0
37100 181.6645857911004 181.24920742894926                         -50 -50 0.0
37600 181.71945371458577 181.28277093999216                         -50 -50 0.0
38100 181.7316080270263 181.34825987430037                         -50 -50 0.0
38600 181.7316080270263 181.44595203908375                         -50 -50 0.0
39100 181.7316080270263 181.52026862648734                         -50 -50 0.0
39600 181.7316080270263 181.5966695590196                         -50 -50 0.0
40100 181.7316080270263 181.61644312966538                         -50 -50 0.0
40600 181.7316080270263 181.61889103738082                         -50 -50 0.0
41100 181.73949317567775 181.64389964369997                         -50 -50 0.0
41600 181.73949317567775 181.650405852441                         -50 -50 0.0
42100 182.65437917720104 181.63512519013693                         -50 -50 0.0
42600 182.65437917720104 181.6968629043355                         -50 -50 0.0
43100 182.65437917720104 181.72549811542297                         -50 -50 0.0
43600 182.73352446842352 181.80021772656764                         -50 -50 0.0
44100 182.73352446842352 181.9004152570047                         -50 -50 0.0
44600 182.73352446842352 182.14226086476964                         -50 -50 0.0
45100 183.64163853798294 182.4213048951373                         -50 -50 0.0
45600 183.67758428617373 182.61483991569085                         -50 -50 0.0
46100 183.67758428617373 182.69631066572177                         -50 -50 0.0
46600 183.67758428617373 182.77537769260908                         -50 -50 0.0
47100 183.67758428617373 182.9533070464327                         -50 -50 0.0
47600 183.67758428617373 183.2283093401234                         -50 -50 0.0
48100 183.67758428617373 183.46137451143682                         -50 -50 0.0
48600 183.67758428617373 183.58309265141057                         -50 -50 0.0
49100 183.67758428617373 183.61273540752092                         -50 -50 0.0
49600 183.67758428617373 183.60697134851483                         -50 -50 0.0
50100 183.67758428617373 183.62732725334862                         -50 -50 0.0
50600 183.67758428617373 183.63641875341386                         -50 -50 0.0
51100 183.67758428617373 183.64806617104495                         -50 -50 0.0
51600 183.68903775552732 183.62454227905405                         -50 -50 0.0
52100 183.6990440636648 183.6605293305029                         -50 -50 0.0
52600 183.6990440636648 183.66143440187918                         -50 -50 0.0
53100 183.6990440636648 183.68269680265956                         -50 -50 0.0
53600 183.6990440636648 183.64741554032577                         -50 -50 0.0
54100 183.6990440636648 183.68075688769108                         -50 -50 0.0
54600 183.6990440636648 183.66200168607398                         -50 -50 0.0
55100 183.6990440636648 183.6657359964725                         -50 -50 0.0
55600 183.6990440636648 183.64548206464275                         -50 -50 0.0
56100 183.6990440636648 183.6343902564522                         -50 -50 0.0
56600 183.6990440636648 183.66540517843526                         -50 -50 0.0
57100 183.6990440636648 183.65740098401815                         -50 -50 0.0
57600 183.6990440636648 183.64416324313402                         -50 -50 0.0
58100 183.6990440636648 183.63687867917778                         -50 -50 0.0
58600 183.6990440636648 183.6553195238894                         -50 -50 0.0
59100 183.6990440636648 183.6543266587704                         -50 -50 0.0
59600 183.6990440636648 183.6458389615863                         -50 -50 0.0
60100 183.6990440636648 183.66203483749047                         -50 -50 0.0
60600 183.6990440636648 183.66078351188028                         -50 -50 0.0
61100 183.6990440636648 183.65375053049593                         -50 -50 0.0
61600 183.6990440636648 183.6484815028465                         -50 -50 0.0
62100 183.6990440636648 183.65361571069047                         -50 -50 0.0
62600 183.6990440636648 183.6411843010079                         -50 -50 0.0
63100 183.6990440636648 183.65143641472318                         -50 -50 0.0
63600 183.6990440636648 183.64515291824017                         -50 -50 0.0
64100 183.6990440636648 183.6619770680155                         -50 -50 0.0
64600 183.6990440636648 183.6577179840155                         -50 -50 0.0
65100 183.6990440636648 183.65469256280002                         -50 -50 0.0
65600 183.6990440636648 183.66271207484618                         -50 -50 0.0
66100 183.6990440636648 183.66144977623                         -50 -50 0.0
66600 183.6990440636648 183.6453254612407                         -50 -50 0.0
67100 183.6990440636648 183.65935153739198                         -50 -50 0.0
67600 183.6990440636648 183.65300173526822                         -50 -50 0.0
68100 183.6990440636648 183.65371689812565                         -50 -50 0.0
68600 183.6990440636648 183.61387575335428                         -50 -50 0.0
69100 183.6990440636648 183.63361192143373                         -50 -50 0.0
69600 183.6990440636648 183.63939239093784                         -50 -50 0.0
70100 183.6990440636648 183.63408557269443                         -50 -50 0.0
70600 183.6990440636648 183.63796520364883                         -50 -50 0.0
71100 183.6990440636648 183.6441788444771                         -50 -50 0.0
71600 184.06142118735906 183.64486635859785                         -50 -50 0.0
72100 184.06142118735906 183.63931848797583                         -50 -50 0.0
72600 184.06142118735906 183.6598652789438                         -50 -50 0.0
73100 184.06142118735906 183.6583659538879                         -50 -50 0.0
73600 184.0724908435369 183.75302791836256                         -50 -50 0.0
74100 184.0724908435369 183.83786561238153                         -50 -50 0.0
74600 184.0724908435369 183.9982503124334                         -50 -50 0.0
75100 184.07357512375907 184.05424073385603                         -50 -50 0.0
75600 184.07357512375907 184.06405837450018                         -50 -50 0.0
76100 184.08960471869014 184.0422707824096                         -50 -50 0.0
76600 184.09442224898777 184.0749400775689                         -50 -50 0.0
77100 184.10027098399635 184.09380464496545                         -50 -50 0.0
77600 184.10027098399635 184.07027670914897                         -50 -50 0.0
78100 184.10027098399635 184.07916438624656                         -50 -50 0.0
78600 184.10027098399635 184.06786235965134                         -50 -50 0.0
79100 184.10027098399635 184.08446891625277                         -50 -50 0.0
79600 184.10027098399635 184.08474407735486                         -50 -50 0.0
80100 184.5349856670555 184.0690843653106                         -50 -50 0.0
80600 184.54448394741107 184.08867037976887                         -50 -50 0.0
81100 184.54787541784023 184.1006591652352                         -50 -50 0.0
81600 184.54787541784023 184.06927142202895                         -50 -50 0.0
82100 184.54787541784023 184.08616755919147                         -50 -50 0.0
82600 184.54787541784023 184.14680169167195                         -50 -50 0.0
83100 184.54787541784023 184.23769065478524                         -50 -50 0.0
83600 184.54787541784023 184.36434289563502                         -50 -50 0.0
84100 184.54787541784023 184.4807898406962                         -50 -50 0.0
84600 184.54787541784023 184.5235128257467                         -50 -50 0.0
85100 184.54787541784023 184.50364879557785                         -50 -50 0.0
85600 184.54787541784023 184.5130264159838                         -50 -50 0.0
86100 184.54787541784023 184.5367909717041                         -50 -50 0.0
86600 184.5479270624864 184.5104529677122                         -50 -50 0.0
87100 184.56060433042353 184.5358897622941                         -50 -50 0.0
87600 184.56060433042353 184.55345640446234                         -50 -50 0.0
88100 184.56636677944672 184.53867180922794                         -50 -50 0.0
88600 184.57329279189207 184.5642337323268                         -50 -50 0.0
89100 184.57329279189207 184.55980879997114                         -50 -50 0.0
89600 184.57329279189207 184.56637335831354                         -50 -50 0.0
90100 184.57329279189207 184.5247196607221                         -50 -50 0.0
90600 184.57329279189207 184.5413647710034                         -50 -50 0.0
91100 184.57329279189207 184.52827011817573                         -50 -50 0.0
91600 184.57329279189207 184.5447047406191                         -50 -50 0.0
92100 185.0 184.53443409117912                         185 -49.608333333333334 0.0016666666666666668
92600 185.0 184.54584017759518                         185 -48.041666666666664 0.008333333333333333
93100 185.0 184.5499993014462                         185 -46.083333333333336 0.016666666666666666
93600 185.0 184.57717949499573                         185 -38.641666666666666 0.04833333333333333
94100 185.0 184.6031258162524                         185 -21.016666666666666 0.12333333333333334
94600 185.0 184.68755796126004                         185 17.758333333333333 0.28833333333333333
95100 185.0 184.8094482686041                         185 84.34166666666667 0.5716666666666667
95600 185.0 184.91911276733262                         185 146.225 0.835
96100 185.0 184.98393936529177                         185 180.3 0.98
96600 185.0 184.9689963977839                         185 183.43333333333334 0.9933333333333333
97100 185.0 184.97252422244762                         185 184.21666666666667 0.9966666666666667
97600 185.0 184.98098042522923                         185 184.21666666666667 0.9966666666666667
98100 185.0 184.98897023404825                         185 184.60833333333332 0.9983333333333333
98600 185.0 184.99463200224696                         185 184.60833333333332 0.9983333333333333
99100 185.0 184.9899791805081                         185 184.21666666666667 0.9966666666666667
99600 185.0 184.99128594963938                         185 184.60833333333332 0.9983333333333333
100100 185.0 184.99278131347276                         185 184.60833333333332 0.9983333333333333