35
20
m 0 19
0 34 0
1 0 0
2 34 19
w 0 9
w 0 10
w 1 1
w 1 2
w 1 4
w 1 5
w 1 6
w 1 7
w 1 9
w 1 10
w 1 12
w 1 13
w 1 14
w 1 16
w 1 17
w 1 18
w 2 1
w 2 2
w 2 4
w 2 5
w 2 6
w 2 7
w 2 9
w 2 10
w 2 18
w 3 1
w 3 2
w 3 4
w 3 5
w 3 12
w 3 14
w 3 16
w 3 18
w 4 1
w 4 2
w 4 4
w 4 5
w 4 7
w 4 9
w 4 10
w 4 12
w 4 14
w 4 16
w 4 18
w 5 1
w 5 2
w 5 7
w 5 9
w 5 10
w 5 12
w 5 14
w 5 16
w 5 18
w 6 1
w 6 2
w 6 4
w 6 5
w 6 7
w 6 12
w 6 14
w 6 16
w 6 18
w 7 4
w 7 5
w 7 7
w 7 8
w 7 10
w 7 12
w 7 14
w 7 16
w 8 1
w 8 2
w 8 4
w 8 5
w 8 7
w 8 8
w 8 10
w 8 12
w 8 16
w 8 18
w 9 1
w 9 8
w 9 10
w 9 12
w 9 14
w 9 16
w 9 18
w 10 1
w 10 3
w 10 4
w 10 6
w 10 8
w 10 10
w 10 12
w 10 14
w 10 16
w 10 18
w 11 1
w 11 3
w 11 4
w 11 6
w 11 14
w 11 16
w 11 18
w 12 1
w 12 3
w 12 4
w 12 6
w 12 8
w 12 9
w 12 10
w 12 11
w 12 12
w 12 14
w 12 18
w 13 1
w 13 6
w 13 14
w 13 16
w 13 18
w 14 1
w 14 3
w 14 5
w 14 6
w 14 8
w 14 10
w 14 12
w 14 14
w 14 16
w 14 18
w 15 1
w 15 3
w 15 5
w 15 6
w 15 8
w 15 10
w 15 12
w 15 14
w 15 16
w 15 18
w 16 3
w 16 5
w 16 6
w 16 8
w 16 10
w 16 12
w 17 0
w 17 1
w 17 2
w 17 3
w 17 8
w 17 12
w 17 13
w 17 15
w 17 16
w 17 18
w 17 19
w 18 3
w 18 5
w 18 6
w 18 8
w 18 10
w 18 12
w 19 1
w 19 3
w 19 5
w 19 6
w 19 8
w 19 10
w 19 12
w 19 14
w 19 16
w 19 18
w 20 1
w 20 3
w 20 5
w 20 6
w 20 8
w 20 10
w 20 12
w 20 14
w 20 16
w 20 18
w 21 1
w 21 6
w 21 14
w 21 16
w 21 18
w 22 1
w 22 3
w 22 4
w 22 6
w 22 8
w 22 9
w 22 10
w 22 11
w 22 12
w 22 14
w 22 18
w 23 1
w 23 3
w 23 4
w 23 6
w 23 14
w 23 16
w 23 18
w 24 1
w 24 3
w 24 4
w 24 6
w 24 8
w 24 10
w 24 12
w 24 14
w 24 16
w 24 18
w 25 1
w 25 8
w 25 10
w 25 12
w 25 14
w 25 16
w 25 18
w 26 1
w 26 2
w 26 4
w 26 5
w 26 7
w 26 8
w 26 10
w 26 12
w 26 16
w 26 18
w 27 4
w 27 5
w 27 7
w 27 8
w 27 10
w 27 12
w 27 14
w 27 16
w 28 1
w 28 2
w 28 4
w 28 5
w 28 7
w 28 12
w 28 14
w 28 16
w 28 18
w 29 1
w 29 2
w 29 7
w 29 9
w 29 10
w 29 12
w 29 14
w 29 16
w 29 18
w 30 1
w 30 2
w 30 4
w 30 5
w 30 7
w 30 9
w 30 10
w 30 12
w 30 14
w 30 16
w 30 18
w 31 1
w 31 2
w 31 4
w 31 5
w 31 12
w 31 14
w 31 16
w 31 18
w 32 1
w 32 2
w 32 4
w 32 5
w 32 6
w 32 7
w 32 9
w 32 10
w 32 18
w 33 1
w 33 2
w 33 4
w 33 5
w 33 6
w 33 7
w 33 9
w 33 10
w 33 12
w 33 13
w 33 14
w 33 16
w 33 17
w 33 18
w 34 9
w 34 10
p 7 17
p 22 17
p 30 0
p 14 13
p 5 19
p 13 8
p 29 4
p 13 17
p 21 0
p 21 9
p 27 6
p 3 6
p 19 2
p 3 15
p 19 11
p 11 7
p 1 8
p 34 5
p 34 14
p 17 7
p 9 3
p 0 0
p 15 0
p 32 16
p 33 15
p 15 9
p 6 6
p 25 11
p 16 17
p 32 19
p 31 8
p 22 5
p 31 17
p 23 13
p 30 6
p 14 19
p 13 5
p 29 13
p 3 3
p 20 19
p 12 15
p 28 11
p 4 11
p 27 15
p 10 17
p 18 0
p 26 13
p 2 13
p 18 9
p 18 18
p 34 2
p 34 11
p 17 4
p 9 0
p 9 9
p 33 3
p 24 0
p 32 13
p 8 13
p 24 9
p 7 2
p 0 18
p 25 17
p 16 14
p 7 11
p 22 2
p 6 15
p 23 10
p 14 7
p 5 4
p 23 19
p 5 13
p 13 2
p 30 15
p 13 11
p 20 7
p 3 0
p 29 19
p 21 15
p 3 9
p 4 8
p 27 3
p 4 17
p 10 5
p 19 17
p 1 11
p 11 13
p 2 19
p 33 0
p 0 6
p 25 5
p 8 19
p 16 2
p 0 15
p 6 3
p 15 15
p 31 11
p 23 7
p 14 4
p 30 3
p 20 4
p 21 3
p 12 0
p 20 13
p 21 12
p 27 0
p 27 9
p 28 8
p 10 2
p 27 18
p 28 17
p 10 11
p 11 10
p 11 19
p 2 16
p 26 19
p 18 15
p 34 8
p 34 17
p 17 10
p 9 6
p 0 3
p 25 2
p 9 15
p 0 12
p 6 0
p 24 15
p 6 9
p 16 11
t 1750 0
m 0 18
0 33 0
1 0 1
2 33 19
t 1749 0.7751937984496124
m 0 19
0 32 0
1 0 0
2 32 19
t 1748 0.7751937984496124
m 0 19
0 33 0
1 0 1
2 31 19
t 1747 0.7751937984496124
m 0 19
0 32 0
1 0 2
2 32 19
t 1746 0.7751937984496124
m 0 19
0 33 0
1 0 3
2 33 19
t 1745 0.7751937984496124
m 1 19
0 32 0
1 1 3
2 34 19
t 1744 0.7751937984496124
m 2 19
0 33 0
1 0 3
2 34 18
t 1743 1.550387596899225
m 3 19
0 34 0
1 1 3
2 34 17
t 1742 1.550387596899225
m 4 19
0 34 1
1 0 3
2 34 16
t 1741 1.550387596899225
m 5 19
0 34 0
1 1 3
2 34 17
t 1740 2.3255813953488373
m 6 19
0 33 0
1 0 3
2 34 18
t 1739 2.3255813953488373
m 7 19
0 32 0
1 1 3
2 34 17
t 1738 2.3255813953488373
m 8 19
0 31 0
1 0 3
2 34 18
t 1737 3.10077519379845
m 9 19
0 32 0
1 0 2
2 34 17
t 1736 3.10077519379845
m 10 19
0 33 0
1 0 3
2 34 16
t 1735 3.10077519379845
m 11 19
0 34 0
1 1 3
2 34 17
t 1734 3.875968992248062
m 10 19
0 33 0
1 0 3
2 34 18
t 1733 3.875968992248062
m 10 19
0 32 0
1 0 4
2 34 19
t 1732 3.875968992248062
m 11 19
0 33 0
1 0 3
2 34 18
t 1731 3.875968992248062
m 10 19
0 34 0
1 0 4
2 34 17
t 1730 3.875968992248062
m 10 19
0 34 1
1 0 5
2 34 16
t 1729 3.875968992248062
m 11 19
0 34 2
1 0 6
2 34 15
t 1728 3.875968992248062
m 10 19
0 34 3
1 0 5
2 33 15
t 1727 3.875968992248062
m 10 19
0 34 2
1 0 6
2 32 15
t 1726 3.875968992248062
m 10 19
0 34 3
1 0 5
2 32 16
t 1725 3.875968992248062
m 9 19
0 34 4
1 0 6
2 32 17
t 1724 3.875968992248062
m 10 19
0 34 3
1 0 5
2 31 17
t 1723 3.875968992248062
m 11 19
0 34 2
1 0 4
2 30 17
t 1722 3.875968992248062
m 10 19
0 34 1
1 0 5
2 29 17
t 1721 3.875968992248062
m 10 19
0 34 0
1 0 4
2 28 17
t 1720 3.875968992248062
m 10 19
0 33 0
1 0 3
2 27 17
t 1719 3.875968992248062
m 9 19
0 32 0
1 0 2
2 26 17
t 1718 3.875968992248062
m 8 19
0 31 0
1 0 1
2 25 17
t 1717 3.875968992248062
m 7 19
0 32 0
1 0 2
2 24 17
t 1716 3.875968992248062
m 7 18
0 33 0
1 0 3
2 23 17
t 1715 3.875968992248062
m 7 17
0 32 0
1 0 4
2 22 17
t 1714 4.651162790697675
m 8 17
0 33 0
1 0 5
2 23 17
t 1713 4.651162790697675
m 8 17
0 32 0
1 0 4
2 22 17
t 1712 4.651162790697675
m 9 17
0 33 0
1 0 3
2 21 17
t 1711 4.651162790697675
m 10 17
0 34 0
1 0 2
2 22 17
t 1710 5.426356589147287
m 11 17
0 34 1
1 0 3
2 21 17
t 1709 5.426356589147287
m 12 17
0 34 2
1 1 3
2 20 17
t 1708 5.426356589147287
m 13 17
0 34 3
1 2 3
2 21 17
t 1707 6.2015503875969
m 12 17
0 34 2
1 1 3
2 22 17
t 1706 6.2015503875969
m 12 17
0 34 1
1 0 3
2 22 16
t 1705 6.2015503875969
m 12 17
0 34 2
1 0 2
2 22 15
t 1704 6.2015503875969
m 12 16
0 34 1
1 0 1
2 21 15
t 1703 6.2015503875969
m 12 15
0 34 2
1 0 0
2 22 15
t 1702 6.976744186046512
m 12 16
0 34 3
1 0 1
2 21 15
t 1701 6.976744186046512
m 12 16
0 33 3
1 0 2
2 20 15
t 1700 6.976744186046512
m 12 16
0 32 3
1 0 3
2 19 15
t 1699 6.976744186046512
m 12 15
0 31 3
1 1 3
2 18 15
t 1698 6.976744186046512
m 11 15
0 32 3
1 2 3
2 19 15
t 1697 6.976744186046512
m 11 15
0 31 3
1 3 3
2 20 15
t 1696 6.976744186046512
m 11 15
0 30 3
1 2 3
2 21 15
t 1695 6.976744186046512
m 10 15
0 29 3
1 3 3
2 22 15
t 1694 6.976744186046512
m 9 15
0 30 3
1 2 3
2 21 15
t 1693 7.751937984496124
m 9 15
0 29 3
1 1 3
2 22 15
t 1692 7.751937984496124
m 8 15
0 28 3
1 2 3
2 23 15
t 1691 7.751937984496124
m 7 15
0 27 3
1 1 3
2 24 15
t 1690 7.751937984496124
m 6 15
0 28 3
1 0 3
2 25 15
t 1689 8.527131782945736
m 5 15
0 27 3
1 0 4
2 26 15
t 1688 8.527131782945736
m 4 15
0 28 3
1 0 3
2 25 15
t 1687 8.527131782945736
m 3 15
0 29 3
1 0 2
2 24 15
t 1686 9.30232558139535
m 4 15
0 28 3
1 0 1
2 23 15
t 1685 9.30232558139535
m 3 15
0 27 3
1 0 2
2 22 15
t 1684 9.30232558139535
m 2 15
0 26 3
1 0 1
2 23 15
t 1683 9.30232558139535
m 2 16
0 27 3
1 0 2
2 22 15
t 1682 10.077519379844961
m 2 16
0 27 2
1 0 1
2 23 15
t 1681 10.077519379844961
m 2 17
0 27 1
1 0 2
2 24 15
t 1680 10.077519379844961
m 3 17
0 27 2
1 0 3
2 23 15
t 1679 10.077519379844961
m 4 17
0 27 3
1 1 3
2 24 15
t 1678 10.852713178294573
m 3 17
0 26 3
1 0 3
2 23 15
t 1677 10.852713178294573
m 3 17
0 27 3
1 0 4
2 24 15
f 34 19
t 1676 10.852713178294573
m 3 17
0 26 3
1 0 5
2 23 15
t 1675 10.852713178294573
m 3 17
0 25 3
1 0 6
2 24 15
t 1674 10.852713178294573
m 2 17
0 26 3
1 0 5
2 25 15
t 1673 10.852713178294573
m 2 16
0 27 3
1 0 6
2 24 15
t 1672 10.852713178294573
m 2 15
0 27 2
1 0 7
2 23 15
t 1671 10.852713178294573
m 2 14
0 27 1
1 0 8
2 24 15
t 1670 10.852713178294573
m 2 13
0 27 0
1 1 8
2 25 15
t 1669 11.627906976744185
m 2 12
0 28 0
1 2 8
2 24 15
t 1668 11.627906976744185
m 2 11
0 29 0
1 3 8
2 23 15
t 1667 11.627906976744185
m 1 11
0 28 0
1 2 8
2 22 15
t 1666 12.4031007751938
m 0 11
0 27 0
1 3 8
2 21 15
t 1665 12.4031007751938
m 0 12
0 28 0
1 3 7
2 22 15
t 1664 13.178294573643411
m 0 13
0 29 0
1 3 6
2 23 15
t 1663 13.178294573643411
m 0 14
0 28 0
1 3 7
2 24 15
t 1662 13.178294573643411
m 0 15
0 27 0
1 3 6
2 25 15
t 1661 13.953488372093023
m 0 14
0 28 0
1 3 7
2 24 15
t 1660 13.953488372093023
m 0 13
0 27 0
1 3 8
2 23 15
t 1659 13.953488372093023
m 0 14
0 26 0
1 2 8
2 22 15
t 1658 13.953488372093023
m 0 15
0 25 0
1 3 8
2 22 16
t 1657 13.953488372093023
m 0 14
0 24 0
1 2 8
2 22 15
t 1656 13.953488372093023
m 0 14
0 23 0
1 3 8
2 21 15
t 1655 13.953488372093023
m 0 14
0 22 0
1 3 9
2 20 15
t 1654 13.953488372093023
m 0 14
0 23 0
1 3 8
2 19 15
t 1653 13.953488372093023
m 0 15
0 22 0
1 4 8
2 18 15
t 1652 13.953488372093023
m 0 14
0 21 0
1 3 8
2 18 14
t 1651 13.953488372093023
m 0 15
0 22 0
1 2 8
2 17 14
t 1650 13.953488372093023
m 0 15
0 21 0
1 1 8
2 16 14
t 1649 13.953488372093023
m 0 14
0 20 0
1 2 8
2 17 14
t 1648 13.953488372093023
m 0 14
0 21 0
1 1 8
2 16 14
t 1647 13.953488372093023
m 0 15
0 22 0
1 0 8
2 16 13
t 1646 13.953488372093023
m 1 15
0 23 0
1 0 7
2 15 13
t 1645 13.953488372093023
m 2 15
0 24 0
1 0 6
2 16 13
t 1644 13.953488372093023
m 2 14
0 25 0
1 0 5
2 15 13
t 1643 13.953488372093023
m 2 13
0 26 0
1 0 6
2 16 13
t 1642 13.953488372093023
m 3 13
0 25 0
1 0 7
2 15 13
t 1641 13.953488372093023
m 4 13
0 26 0
1 0 8
2 14 13
t 1640 13.953488372093023
m 5 13
0 27 0
1 1 8
2 15 13
t 1639 14.728682170542635
m 5 13
0 28 0
1 0 8
2 16 13
t 1638 14.728682170542635
m 4 13
0 29 0
1 0 7
2 16 14
t 1637 14.728682170542635
m 5 13
0 30 0
1 0 8
2 16 15
t 1636 14.728682170542635
m 6 13
0 31 0
1 1 8
2 16 16
t 1635 14.728682170542635
m 6 13
0 30 0
1 0 8
2 16 15
t 1634 14.728682170542635
m 7 13
0 29 0
1 1 8
2 16 16
t 1633 14.728682170542635
m 8 13
0 30 0
1 0 8
2 16 17
t 1632 15.503875968992247
m 7 13
0 29 0
1 1 8
2 16 18
t 1631 15.503875968992247
m 7 13
0 30 0
1 0 8
2 16 19
t 1630 15.503875968992247
m 7 13
0 29 0
1 1 8
2 15 19
t 1629 15.503875968992247
m 7 13
0 28 0
1 0 8
2 16 19
t 1628 15.503875968992247
m 8 13
0 29 0
1 0 7
2 16 18
t 1627 15.503875968992247
m 9 13
0 28 0
1 0 8
2 16 17
t 1626 15.503875968992247
m 10 13
0 29 0
1 1 8
2 16 16
t 1625 15.503875968992247
m 11 13
0 28 0
1 2 8
2 16 17
t 1624 16.27906976744186
m 11 12
0 29 0
1 1 8
2 16 18
t 1623 16.27906976744186
m 11 11
0 30 0
1 0 8
2 16 19
t 1622 16.27906976744186
m 11 10
0 31 0
1 0 7
2 15 19
t 1621 17.05426356589147
m 11 11
0 32 0
1 0 8
2 16 19
t 1620 17.05426356589147
m 10 11
0 31 0
1 0 7
2 15 19
t 1619 17.829457364341085
m 9 11
0 30 0
1 0 8
2 16 19
t 1618 17.829457364341085
m 8 11
0 31 0
1 0 7
2 16 18
t 1617 17.829457364341085
m 7 11
0 30 0
1 0 8
2 16 17
t 1616 18.6046511627907
m 7 11
0 29 0
1 0 7
2 16 18
t 1615 18.6046511627907
m 7 11
0 28 0
1 0 6
2 16 17
t 1614 18.6046511627907
m 7 11
0 27 0
1 0 7
2 16 16
t 1613 18.6046511627907
m 6 11
0 27 1
1 0 8
2 16 15
t 1612 18.6046511627907
m 5 11
0 27 2
1 0 7
2 15 15
t 1611 18.6046511627907
m 4 11
0 27 1
1 0 6
2 14 15
t 1610 19.37984496124031
m 3 11
0 27 2
1 0 7
2 13 15
t 1609 19.37984496124031
m 3 10
0 27 3
1 0 8
2 14 15
t 1608 19.37984496124031
m 3 9
0 26 3
1 0 7
2 15 15
t 1607 20.155038759689923
m 3 8
0 27 3
1 0 6
2 14 15
t 1606 20.155038759689923
m 4 8
0 27 2
1 0 5
2 13 15
t 1605 20.930232558139537
m 5 8
0 27 1
1 0 4
2 12 15
t 1604 20.930232558139537
m 6 8
0 27 2
1 0 3
2 13 15
t 1603 20.930232558139537
m 6 9
0 27 3
1 1 3
2 12 15
t 1602 21.705426356589147
m 7 9
0 28 3
1 0 3
2 13 15
t 1601 21.705426356589147
m 8 9
0 29 3
1 0 4
2 12 15
t 1600 21.705426356589147
m 9 9
0 29 4
1 0 3
2 13 15
t 1599 22.48062015503876
m 10 9
0 29 3
1 0 4
2 14 15
t 1598 22.48062015503876
m 10 9
0 29 4
1 0 5
2 15 15
t 1597 22.48062015503876
m 11 9
0 29 5
1 0 4
2 14 15
t 1596 22.48062015503876
m 11 8
0 29 4
1 0 5
2 13 15
t 1595 22.48062015503876
m 11 7
0 29 5
1 0 6
2 12 15
t 1594 23.25581395348837
m 11 7
0 29 4
1 0 7
2 12 16
t 1593 23.25581395348837
m 12 7
0 29 5
1 0 6
2 12 17
t 1592 23.25581395348837
m 13 7
0 29 4
1 0 7
2 13 17
t 1591 23.25581395348837
m 13 8
0 29 5
1 0 8
2 14 17
t 1590 24.031007751937985
m 13 8
0 29 6
1 0 7
2 15 17
t 1589 24.031007751937985
m 13 7
0 30 6
1 0 8
2 16 17
t 1588 24.031007751937985
m 14 7
0 29 6
1 1 8
2 15 17
t 1587 24.8062015503876
m 13 7
0 30 6
1 2 8
2 16 17
t 1586 24.8062015503876
m 14 7
0 29 6
1 3 8
2 15 17
t 1585 24.8062015503876
m 15 7
0 30 6
1 2 8
2 14 17
t 1584 24.8062015503876
m 16 7
0 29 6
1 3 8
2 13 17
t 1583 24.8062015503876
m 17 7
0 29 5
1 4 8
2 14 17
t 1582 25.58139534883721
m 17 7
0 29 4
1 5 8
2 13 17
t 1581 25.58139534883721
m 18 7
0 29 3
1 4 8
2 14 17
t 1580 25.58139534883721
m 18 7
0 30 3
1 3 8
2 13 17
t 1579 25.58139534883721
m 19 7
0 29 3
1 2 8
2 14 17
t 1578 25.58139534883721
m 20 7
0 29 4
1 3 8
2 15 17
t 1577 26.356589147286822
m 21 7
0 29 3
1 3 9
2 14 17
t 1576 26.356589147286822
m 21 8
0 29 4
1 3 8
2 15 17
t 1575 26.356589147286822
m 21 9
0 29 5
1 2 8
2 16 17
t 1574 27.131782945736433
m 20 9
0 29 6
1 1 8
2 16 16
t 1573 27.131782945736433
m 19 9
0 29 5
1 0 8
2 16 15
t 1572 27.131782945736433
m 18 9
0 29 4
1 0 7
2 16 14
t 1571 27.906976744186046
m 17 9
0 29 3
1 0 6
2 16 15
t 1570 27.906976744186046
m 17 10
0 28 3
1 0 5
2 15 15
t 1569 28.68217054263566
m 17 11
0 27 3
1 0 6
2 14 15
t 1568 28.68217054263566
m 16 11
0 27 2
1 0 7
2 13 15
t 1567 29.45736434108527
m 15 11
0 27 3
1 0 6
2 12 15
t 1566 29.45736434108527
m 14 11
0 26 3
1 0 7
2 11 15
t 1565 29.45736434108527
m 13 11
0 27 3
1 0 6
2 10 15
t 1564 30.232558139534884
m 13 12
0 27 2
1 0 7
2 9 15
t 1563 30.232558139534884
m 13 11
0 27 3
1 0 8
2 10 15
t 1562 30.232558139534884
m 13 10
0 28 3
1 1 8
2 9 15
t 1561 30.232558139534884
m 13 11
0 27 3
1 2 8
2 10 15
t 1560 30.232558139534884
m 14 11
0 28 3
1 1 8
2 9 15
t 1559 30.232558139534884
m 15 11
0 27 3
1 2 8
2 8 15
t 1558 30.232558139534884
m 14 11
0 27 2
1 1 8
2 9 15
t 1557 30.232558139534884
m 15 11
0 27 1
1 2 8
2 10 15
t 1556 30.232558139534884
m 14 11
0 27 0
1 3 8
2 9 15
t 1555 30.232558139534884
m 14 11
0 26 0
1 4 8
2 8 15
t 1554 30.232558139534884
m 15 11
0 25 0
1 5 8
2 9 15
t 1553 30.232558139534884
m 15 11
0 24 0
1 4 8
2 10 15
t 1552 30.232558139534884
m 14 11
0 23 0
1 3 8
2 9 15
t 1551 30.232558139534884
m 15 11
0 22 0
1 2 8
2 10 15
t 1550 30.232558139534884
m 16 11
0 21 0
1 1 8
2 9 15
t 1549 30.232558139534884
m 15 11
0 20 0
1 2 8
2 8 15
t 1548 30.232558139534884
m 15 11
0 21 0
1 1 8
2 8 14
t 1547 30.232558139534884
m 15 11
0 22 0
1 0 8
2 8 15
t 1546 30.232558139534884
m 15 11
0 21 0
1 0 7
2 7 15
t 1545 30.232558139534884
m 16 11
0 20 0
1 0 6
2 8 15
t 1544 30.232558139534884
m 17 11
0 21 0
1 0 5
2 8 14
t 1543 30.232558139534884
m 18 11
0 22 0
1 0 6
2 8 15
t 1542 30.232558139534884
m 19 11
0 23 0
1 0 5
2 9 15
t 1541 31.007751937984494
m 19 11
0 22 0
1 0 4
2 8 15
t 1540 31.007751937984494
m 20 11
0 21 0
1 0 5
2 9 15
t 1539 31.007751937984494
m 21 11
0 20 0
1 0 6
2 8 15
t 1538 31.007751937984494
m 21 12
0 19 0
1 0 5
2 9 15
t 1537 31.782945736434108
m 21 13
0 20 0
1 0 6
2 10 15
t 1536 31.782945736434108
m 20 13
0 19 0
1 0 7
2 11 15
t 1535 32.55813953488372
m 19 13
0 20 0
1 0 6
2 10 15
t 1534 32.55813953488372
m 20 13
0 21 0
1 0 5
2 9 15
t 1533 32.55813953488372
m 20 13
0 22 0
1 0 6
2 8 15
t 1532 32.55813953488372
m 19 13
0 21 0
1 0 7
2 9 15
t 1531 32.55813953488372
m 18 13
0 20 0
1 0 8
2 10 15
t 1530 32.55813953488372
m 18 14
0 19 0
1 1 8
2 9 15
t 1529 32.55813953488372
m 18 15
0 20 0
1 2 8
2 8 15
t 1528 33.333333333333336
m 18 16
0 21 0
1 3 8
2 8 14
t 1527 33.333333333333336
m 18 17
0 20 0
1 3 9
2 8 13
t 1526 33.333333333333336
m 18 18
0 19 0
1 3 8
2 8 14
t 1525 34.10852713178294
m 18 17
0 20 0
1 3 7
2 8 15
t 1524 34.10852713178294
m 19 17
0 19 0
1 3 8
2 7 15
t 1523 34.883720930232556
m 18 17
0 20 0
1 4 8
2 8 15
t 1522 34.883720930232556
m 18 18
0 21 0
1 3 8
2 9 15
t 1521 34.883720930232556
m 18 17
0 20 0
1 4 8
2 8 15
t 1520 34.883720930232556
m 17 17
0 21 0
1 5 8
2 8 14
t 1519 34.883720930232556
m 16 17
0 22 0
1 6 8
2 8 15
t 1518 35.65891472868217
m 15 17
0 21 0
1 6 9
2 7 15
t 1517 35.65891472868217
m 14 17
0 22 0
1 7 9
2 8 15
t 1516 35.65891472868217
m 15 17
0 21 0
1 6 9
2 9 15
t 1515 35.65891472868217
m 15 17
0 20 0
1 7 9
2 8 15
t 1514 35.65891472868217
m 15 17
0 21 0
1 8 9
2 7 15
t 1513 35.65891472868217
m 14 17
0 20 0
1 9 9
2 6 15
t 1512 35.65891472868217
m 14 17
0 21 0
1 10 9
2 7 15
t 1511 35.65891472868217
m 14 17
0 20 0
1 11 9
2 6 15
t 1510 35.65891472868217
m 14 17
0 19 0
1 10 9
2 7 15
t 1509 35.65891472868217
m 14 17
0 18 0
1 11 9
2 8 15
t 1508 35.65891472868217
m 15 17
0 18 1
1 11 8
2 8 14
t 1507 35.65891472868217
m 15 17
0 18 0
1 11 7
2 8 15
t 1506 35.65891472868217
m 15 17
0 18 1
1 12 7
2 9 15
t 1505 35.65891472868217
m 16 17
0 18 0
1 11 7
2 8 15
t 1504 35.65891472868217
m 17 17
0 19 0
1 10 7
2 8 14
t 1503 35.65891472868217
m 18 17
0 20 0
1 9 7
2 8 15
t 1502 35.65891472868217
m 19 17
0 19 0
1 9 6
2 8 14
t 1501 35.65891472868217
m 19 17
0 20 0
1 9 5
2 8 13
t 1500 35.65891472868217
m 19 17
0 19 0
1 9 4
2 7 13
t 1499 35.65891472868217
m 20 17
0 20 0
1 9 3
2 8 13
t 1498 35.65891472868217
m 20 17
0 21 0
1 9 4
2 8 14
t 1497 35.65891472868217
m 20 17
0 22 0
1 9 3
2 8 13
t 1496 35.65891472868217
m 19 17
0 23 0
1 9 2
2 7 13
t 1495 35.65891472868217
m 19 17
0 24 0
1 10 2
2 8 13
t 1494 35.65891472868217
m 19 17
0 23 0
1 9 2
2 8 14
t 1493 35.65891472868217
m 20 17
0 22 0
1 10 2
2 8 13
t 1492 35.65891472868217
m 21 17
0 21 0
1 9 2
2 7 13
t 1491 35.65891472868217
m 22 17
0 22 0
1 10 2
2 6 13
t 1490 36.434108527131784
m 21 17
0 21 0
1 9 2
2 5 13
t 1489 36.434108527131784
m 21 17
0 22 0
1 10 2
2 4 13
t 1488 36.434108527131784
m 22 17
0 21 0
1 9 2
2 3 13
t 1487 36.434108527131784
m 23 17
0 22 0
1 9 3
2 2 13
t 1486 36.434108527131784
m 24 17
0 21 0
1 9 4
2 2 12
t 1485 36.434108527131784
m 25 17
0 20 0
1 9 3
2 2 11
t 1484 37.2093023255814
m 26 17
0 19 0
1 8 3
2 3 11
t 1483 37.2093023255814
m 27 17
0 18 0
1 7 3
2 4 11
t 1482 37.2093023255814
m 27 18
0 19 0
1 6 3
2 5 11
t 1481 37.98449612403101
m 27 19
0 18 0
1 7 3
2 4 11
t 1480 37.98449612403101
m 26 19
0 18 1
1 7 2
2 3 11
t 1479 38.75968992248062
m 27 19
0 18 2
1 7 3
2 3 10
t 1478 38.75968992248062
m 28 19
0 18 1
1 7 2
2 3 9
t 1477 38.75968992248062
m 29 19
0 18 0
1 7 3
2 3 8
t 1476 39.53488372093023
m 28 19
0 19 0
1 7 2
2 3 9
t 1475 39.53488372093023
m 28 19
0 18 0
1 7 1
2 3 10
t 1474 39.53488372093023
m 28 19
0 18 1
1 7 0
2 3 11
t 1473 39.53488372093023
m 27 19
0 18 2
1 8 0
2 2 11
t 1472 39.53488372093023
m 27 18
0 18 1
1 9 0
2 2 12
t 1471 39.53488372093023
m 27 18
0 18 0
1 10 0
2 2 11
t 1470 39.53488372093023
m 27 17
0 19 0
1 9 0
2 3 11
t 1469 39.53488372093023
m 28 17
0 20 0
1 8 0
2 3 10
t 1468 40.310077519379846
m 27 17
0 21 0
1 9 0
2 3 11
t 1467 40.310077519379846
m 28 17
0 20 0
1 10 0
2 3 10
t 1466 40.310077519379846
m 27 17
0 21 0
1 9 0
2 3 9
t 1465 40.310077519379846
m 27 18
0 22 0
1 8 0
2 3 10
t 1464 40.310077519379846
m 27 18
0 21 0
1 9 0
2 3 9
t 1463 40.310077519379846
m 27 18
0 20 0
1 10 0
2 3 10
t 1462 40.310077519379846
m 27 18
0 19 0
1 9 0
2 3 9
t 1461 40.310077519379846
m 27 17
0 18 0
1 10 0
2 3 8
t 1460 40.310077519379846
m 27 17
0 18 1
1 9 0
2 3 9
t 1459 40.310077519379846
m 27 17
0 18 2
1 8 0
2 3 8
t 1458 40.310077519379846
m 27 18
0 19 2
1 7 0
2 3 7
t 1457 40.310077519379846
m 27 19
0 20 2
1 8 0
2 3 8
t 1456 40.310077519379846
m 27 18
0 21 2
1 7 0
2 3 9
t 1455 40.310077519379846
m 27 17
0 21 3
1 7 1
2 3 8
t 1454 40.310077519379846
m 27 17
0 21 4
1 7 0
2 3 7
t 1453 40.310077519379846
m 28 17
0 20 4
1 7 1
2 3 6
t 1452 40.310077519379846
m 27 17
0 19 4
1 7 0
2 3 7
t 1451 40.310077519379846
m 27 17
0 18 4
1 8 0
2 3 6
t 1450 40.310077519379846
m 27 17
0 19 4
1 7 0
2 4 6
t 1449 40.310077519379846
m 27 18
0 18 4
1 8 0
2 3 6
t 1448 40.310077519379846
m 27 18
0 19 4
1 9 0
2 3 7
t 1447 40.310077519379846
m 27 18
0 20 4
1 8 0
2 3 6
t 1446 40.310077519379846
m 27 17
0 21 4
1 7 0
2 4 6
t 1445 40.310077519379846
m 27 17
0 21 5
1 7 1
2 3 6
t 1444 40.310077519379846
m 27 17
0 22 5
1 7 0
2 4 6
t 1443 40.310077519379846
m 27 17
0 21 5
1 7 1
2 3 6
t 1442 40.310077519379846
m 28 17
0 21 4
1 7 0
2 3 7
t 1441 40.310077519379846
m 27 17
0 20 4
1 8 0
2 3 6
t 1440 40.310077519379846
m 28 17
0 19 4
1 7 0
2 3 7
t 1439 40.310077519379846
m 29 17
0 18 4
1 6 0
2 3 8
t 1438 40.310077519379846
m 30 17
0 19 4
1 7 0
2 3 7
t 1437 40.310077519379846
m 31 17
0 20 4
1 6 0
2 3 6
t 1436 41.08527131782946
m 32 17
0 19 4
1 7 0
2 3 7
t 1435 41.08527131782946
m 32 16
0 20 4
1 6 0
2 3 8
t 1434 41.86046511627907
m 32 17
0 19 4
1 7 0
2 4 8
t 1433 41.86046511627907
m 32 17
0 20 4
1 7 1
2 5 8
t 1432 41.86046511627907
m 32 17
0 21 4
1 7 2
2 4 8
t 1431 41.86046511627907
m 31 17
0 20 4
1 7 3
2 5 8
t 1430 41.86046511627907
m 30 17
0 19 4
1 7 2
2 4 8
t 1429 41.86046511627907
m 30 17
0 18 4
1 7 3
2 3 8
t 1428 41.86046511627907
m 29 17
0 19 4
1 8 3
2 4 8
t 1427 41.86046511627907
m 29 17
0 18 4
1 9 3
2 3 8
t 1426 41.86046511627907
m 30 17
0 17 4
1 9 2
2 2 8
t 1425 41.86046511627907
m 29 17
0 16 4
1 10 2
2 3 8
t 1424 41.86046511627907
m 30 17
0 15 4
1 11 2
2 3 9
t 1423 41.86046511627907
m 30 17
0 14 4
1 12 2
2 3 8
t 1422 41.86046511627907
m 29 17
0 15 4
1 13 2
2 3 7
t 1421 41.86046511627907
m 30 17
0 14 4
1 13 3
2 3 8
t 1420 41.86046511627907
m 30 17
0 15 4
1 13 4
2 3 7
t 1419 41.86046511627907
m 29 17
0 14 4
1 14 4
2 3 6
t 1418 41.86046511627907
m 29 17
0 15 4
1 15 4
2 4 6
t 1417 41.86046511627907
m 29 17
0 16 4
1 14 4
2 5 6
t 1416 41.86046511627907
m 30 17
0 17 4
1 15 4
2 4 6
t 1415 41.86046511627907
m 30 17
0 17 5
1 16 4
2 3 6
t 1414 41.86046511627907
m 30 17
0 17 4
1 15 4
2 3 7
t 1413 41.86046511627907
m 29 17
0 18 4
1 16 4
2 3 6
t 1412 41.86046511627907
m 30 17
0 17 4
1 17 4
2 3 7
t 1411 41.86046511627907
m 29 17
0 18 4
1 17 5
2 3 8
t 1410 41.86046511627907
m 29 17
0 17 4
1 17 4
2 3 9
t 1409 41.86046511627907
m 28 17
0 18 4
1 18 4
2 3 10
t 1408 41.86046511627907
m 27 17
0 19 4
1 17 4
2 3 9
t 1407 41.86046511627907
m 27 17
0 18 4
1 17 5
2 3 8
t 1406 41.86046511627907
m 26 17
0 17 4
1 17 6
2 2 8
t 1405 41.86046511627907
m 27 17
0 16 4
1 17 5
2 1 8
t 1404 41.86046511627907
m 27 18
0 17 4
1 17 4
2 2 8
t 1403 41.86046511627907
m 27 17
0 16 4
1 17 5
2 1 8
t 1402 41.86046511627907
m 27 17
0 15 4
1 17 4
2 0 8
t 1401 41.86046511627907
m 28 17
0 14 4
1 16 4
2 1 8
t 1400 41.86046511627907
m 27 17
0 15 4
1 15 4
2 2 8
t 1399 41.86046511627907
m 27 17
0 16 4
1 14 4
2 1 8
t 1398 41.86046511627907
m 27 18
0 15 4
1 15 4
2 0 8
t 1397 41.86046511627907
m 27 18
0 16 4
1 16 4
2 1 8
t 1396 41.86046511627907
m 27 17
0 15 4
1 17 4
2 0 8
t 1395 41.86046511627907
m 28 17
0 16 4
1 18 4
2 0 7
t 1394 41.86046511627907
m 27 17
0 17 4
1 19 4
2 0 8
t 1393 41.86046511627907
m 27 18
0 18 4
1 18 4
2 0 7
t 1392 41.86046511627907
m 27 17
0 19 4
1 19 4
2 0 8
t 1391 41.86046511627907
m 27 17
0 18 4
1 20 4
2 1 8
t 1390 41.86046511627907
m 26 17
0 17 4
1 19 4
2 2 8
t 1389 41.86046511627907
m 26 17
0 18 4
1 18 4
2 3 8
t 1388 41.86046511627907
m 27 17
0 17 4
1 17 4
2 3 9
t 1387 41.86046511627907
m 26 17
0 16 4
1 16 4
2 3 10
t 1386 41.86046511627907
m 27 17
0 17 4
1 15 4
2 3 11
t 1385 41.86046511627907
m 27 17
0 17 5
1 16 4
2 2 11
t 1384 41.86046511627907
m 27 17
0 17 4
1 15 4
2 2 12
t 1383 41.86046511627907
m 26 17
0 16 4
1 16 4
2 2 13
t 1382 41.86046511627907
m 26 17
0 17 4
1 17 4
2 3 13
t 1381 41.86046511627907
m 27 17
0 18 4
1 18 4
2 2 13
t 1380 41.86046511627907
m 26 17
0 19 4
1 19 4
2 2 12
t 1379 41.86046511627907
m 27 17
0 20 4
1 18 4
2 2 13
t 1378 41.86046511627907
m 27 17
0 19 4
1 17 4
2 3 13
t 1377 41.86046511627907
m 27 17
0 20 4
1 18 4
2 2 13
t 1376 41.86046511627907
m 27 17
0 19 4
1 17 4
2 2 14
t 1375 41.86046511627907
m 27 17
0 18 4
1 18 4
2 2 15
t 1374 41.86046511627907
m 27 18
0 17 4
1 19 4
2 2 16
t 1373 41.86046511627907
m 27 17
0 16 4
1 18 4
2 2 17
t 1372 41.86046511627907
m 26 17
0 15 4
1 17 4
2 2 16
t 1371 41.86046511627907
m 27 17
0 16 4
1 16 4
2 2 15
t 1370 41.86046511627907
m 27 17
0 17 4
1 17 4
2 3 15
t 1369 41.86046511627907
m 27 17
0 16 4
1 16 4
2 4 15
t 1368 41.86046511627907
m 27 17
0 17 4
1 17 4
2 3 15
t 1367 41.86046511627907
m 27 17
0 16 4
1 18 4
2 2 15
t 1366 41.86046511627907
m 27 17
0 15 4
1 19 4
2 2 14
t 1365 41.86046511627907
m 27 18
0 16 4
1 20 4
2 2 13
t 1364 41.86046511627907
m 27 19
0 17 4
1 19 4
2 2 12
t 1363 41.86046511627907
m 28 19
0 17 5
1 20 4
2 2 13
t 1362 41.86046511627907
m 28 19
0 17 4
1 21 4
2 2 12
t 1361 41.86046511627907
m 29 19
0 18 4
1 21 5
2 2 13
t 1360 41.86046511627907
m 30 19
0 17 4
1 21 4
2 2 14
t 1359 41.86046511627907
m 30 19
0 16 4
1 21 5
2 2 15
t 1358 41.86046511627907
m 31 19
0 15 4
1 21 4
2 2 16
t 1357 41.86046511627907
m 32 19
0 14 4
1 21 5
2 2 15
t 1356 42.63565891472868
m 31 19
0 13 4
1 22 5
2 1 15
t 1355 42.63565891472868
m 32 19
0 14 4
1 23 5
2 0 15
t 1354 42.63565891472868
m 33 19
0 13 4
1 22 5
2 0 14
t 1353 42.63565891472868
m 33 19
0 14 4
1 21 5
2 0 15
t 1352 42.63565891472868
m 33 19
0 15 4
1 22 5
2 0 16
t 1351 42.63565891472868
m 32 19
0 16 4
1 21 5
2 0 15
t 1350 42.63565891472868
m 31 19
0 15 4
1 21 4
2 0 16
t 1349 42.63565891472868
m 30 19
0 14 4
1 20 4
2 0 15
t 1348 42.63565891472868
m 30 19
0 15 4
1 19 4
2 0 16
t 1347 42.63565891472868
m 30 19
0 16 4
1 20 4
2 0 15
t 1346 42.63565891472868
m 30 19
0 17 4
1 19 4
2 0 16
t 1345 42.63565891472868
m 31 19
0 18 4
1 20 4
2 0 17
t 1344 42.63565891472868
m 32 19
0 17 4
1 19 4
2 0 18
t 1343 42.63565891472868
m 33 19
0 16 4
1 18 4
2 0 19
t 1342 42.63565891472868
m 34 19
0 15 4
1 19 4
2 1 19
t 1341 52.63565891472868
m 33 19
0 14 4
1 20 4
2 2 19
t 1340 52.63565891472868
m 32 19
0 13 4
1 19 4
2 3 19
t 1339 52.63565891472868
m 32 19
0 14 4
1 18 4
2 2 19
t 1338 52.63565891472868
m 33 19
0 15 4
1 17 4
2 1 19
t 1337 52.63565891472868
m 34 19
0 16 4
1 16 4
2 2 19
t 1336 52.63565891472868
m 34 18
0 17 4
1 15 4
2 3 19
t 1335 52.63565891472868
m 34 17
0 16 4
1 14 4
2 2 19
t 1334 53.41085271317829
m 34 17
0 17 4
1 15 4
2 3 19
t 1333 53.41085271317829
m 34 17
0 16 4
1 16 4
2 2 19
t 1332 53.41085271317829
m 34 18
0 17 4
1 17 4
2 3 19
t 1331 53.41085271317829
m 34 18
0 17 5
1 17 5
2 4 19
t 1330 53.41085271317829
m 34 17
0 17 6
1 17 4
2 3 19
t 1329 53.41085271317829
m 34 17
0 17 7
1 18 4
2 2 19
t 1328 53.41085271317829
m 34 17
0 17 6
1 19 4
2 1 19
t 1327 53.41085271317829
m 34 18
0 17 7
1 18 4
2 0 19
t 1326 53.41085271317829
m 34 17
0 18 7
1 19 4
2 1 19
t 1325 53.41085271317829
m 34 17
0 17 7
1 18 4
2 0 19
t 1324 53.41085271317829
m 34 16
0 17 6
1 19 4
2 1 19
t 1323 53.41085271317829
m 34 15
0 17 7
1 18 4
2 0 19
t 1322 53.41085271317829
m 34 14
0 16 7
1 19 4
2 0 18
t 1321 54.18604651162791
m 34 15
0 17 7
1 20 4
2 0 17
t 1320 54.18604651162791
m 33 15
0 16 7
1 19 4
2 0 18
t 1319 54.96124031007752
m 33 15
0 17 7
1 20 4
2 0 19
t 1318 54.96124031007752
m 32 15
0 17 6
1 19 4
2 0 18
t 1317 54.96124031007752
m 32 14
0 17 5
1 18 4
2 0 19
t 1316 54.96124031007752
m 32 13
0 17 4
1 19 4
2 1 19
t 1315 55.736434108527135
m 32 12
0 18 4
1 20 4
2 2 19
t 1314 55.736434108527135
m 32 11
0 19 4
1 19 4
2 3 19
t 1313 55.736434108527135
m 31 11
0 18 4
1 20 4
2 4 19
t 1312 56.51162790697674
m 32 11
0 19 4
1 21 4
2 5 19
t 1311 56.51162790697674
m 33 11
0 20 4
1 21 3
2 6 19
t 1310 56.51162790697674
m 34 11
0 21 4
1 21 4
2 5 19
t 1309 57.286821705426355
m 34 12
0 20 4
1 21 5
2 4 19
t 1308 57.286821705426355
m 34 11
0 21 4
1 22 5
2 5 19
t 1307 57.286821705426355
m 33 11
0 20 4
1 23 5
2 6 19
t 1306 57.286821705426355
m 32 11
0 19 4
1 24 5
2 5 19
t 1305 57.286821705426355
m 32 11
0 20 4
1 25 5
2 4 19
t 1304 57.286821705426355
m 31 11
0 19 4
1 25 6
2 5 19
t 1303 57.286821705426355
m 31 10
0 20 4
1 25 5
2 6 19
f 34 0
t 1302 57.286821705426355
m 31 9
0 19 4
1 25 4
2 5 19
t 1301 57.286821705426355
m 31 8
0 20 4
1 25 5
2 6 19
t 1300 58.06201550387597
m 31 7
0 19 4
1 24 5
2 5 19
t 1299 58.06201550387597
m 31 8
0 18 4
1 23 5
2 6 19
t 1298 58.06201550387597
m 32 8
0 19 4
1 22 5
2 7 19
t 1297 58.06201550387597
m 33 8
0 20 4
1 23 5
2 8 19
t 1296 58.06201550387597
m 34 8
0 21 4
1 24 5
2 7 19
t 1295 58.83720930232558
m 34 8
0 20 4
1 23 5
2 6 19
t 1294 58.83720930232558
m 34 8
0 19 4
1 24 5
2 7 19
t 1293 58.83720930232558
m 34 7
0 18 4
1 23 5
2 6 19
t 1292 58.83720930232558
m 34 6
0 17 4
1 24 5
2 5 19
t 1291 58.83720930232558
m 34 5
0 16 4
1 23 5
2 6 19
t 1290 59.6124031007752
m 34 4
0 17 4
1 24 5
2 7 19
t 1289 59.6124031007752
m 34 3
0 18 4
1 25 5
2 8 19
t 1288 59.6124031007752
m 34 2
0 19 4
1 24 5
2 9 19
t 1287 60.3875968992248
m 34 3
0 18 4
1 25 5
2 8 19
t 1286 60.3875968992248
m 33 3
0 17 4
1 25 6
2 9 19
t 1285 61.16279069767442
m 33 3
0 16 4
1 25 5
2 8 19
t 1284 61.16279069767442
m 34 3
0 15 4
1 24 5
2 7 19
t 1283 61.16279069767442
m 34 3
0 14 4
1 25 5
2 8 19
t 1282 61.16279069767442
m 34 2
0 13 4
1 24 5
2 7 19
t 1281 61.16279069767442
m 34 1
0 13 3
1 25 5
2 7 18
t 1280 61.16279069767442
m 34 0
0 13 2
1 24 5
2 7 19
t 1279 71.16279069767441
m 33 0
0 14 2
1 23 5
2 7 18
t 1278 71.93798449612403
m 33 0
0 15 2
1 22 5
2 7 17
t 1277 71.93798449612403
m 32 0
0 16 2
1 23 5
2 6 17
t 1276 71.93798449612403
m 31 0
0 15 2
1 22 5
2 7 17
t 1275 71.93798449612403
m 30 0
0 14 2
1 23 5
2 6 17
t 1274 72.71317829457365
m 29 0
0 13 2
1 24 5
2 5 17
t 1273 72.71317829457365
m 28 0
0 14 2
1 23 5
2 4 17
t 1272 72.71317829457365
m 27 0
0 15 2
1 22 5
2 5 17
t 1271 73.48837209302326
m 26 0
0 16 2
1 21 5
2 6 17
t 1270 73.48837209302326
m 25 0
0 16 1
1 22 5
2 5 17
t 1269 73.48837209302326
m 24 0
0 16 2
1 21 5
2 6 17
t 1268 74.26356589147287
m 25 0
0 16 1
1 22 5
2 5 17
t 1267 74.26356589147287
m 24 0
0 16 0
1 23 5
2 6 17
t 1266 74.26356589147287
m 23 0
0 16 1
1 22 5
2 7 17
t 1265 74.26356589147287
m 22 0
0 16 0
1 23 5
2 8 17
t 1264 74.26356589147287
m 21 0
0 15 0
1 24 5
2 9 17
t 1263 75.03875968992247
m 20 0
0 16 0
1 23 5
2 8 17
t 1262 75.03875968992247
m 19 0
0 15 0
1 22 5
2 9 17
t 1261 75.03875968992247
m 18 0
0 14 0
1 23 5
2 8 17
t 1260 75.81395348837209
m 18 1
0 13 0
1 24 5
2 9 17
t 1259 75.81395348837209
m 18 2
0 14 0
1 25 5
2 8 17
t 1258 75.81395348837209
m 19 2
0 13 0
1 24 5
2 7 17
t 1257 76.58914728682171
m 20 2
0 14 0
1 23 5
2 7 18
t 1256 76.58914728682171
m 20 2
0 13 0
1 24 5
2 7 19
t 1255 76.58914728682171
m 21 2
0 14 0
1 23 5
2 8 19
t 1254 76.58914728682171
m 21 3
0 15 0
1 22 5
2 9 19
t 1253 77.36434108527132
m 21 2
0 14 0
1 21 5
2 10 19
t 1252 77.36434108527132
m 22 2
0 13 0
1 22 5
2 11 19
t 1251 78.13953488372093
m 22 2
0 12 0
1 23 5
2 12 19
t 1250 78.13953488372093
m 23 2
0 11 0
1 22 5
2 13 19
t 1249 78.13953488372093
m 24 2
0 10 0
1 23 5
2 12 19
t 1248 78.13953488372093
m 25 2
0 11 0
1 22 5
2 13 19
t 1247 78.91472868217053
m 25 3
0 12 0
1 21 5
2 14 19
t 1246 78.91472868217053
m 26 3
0 11 0
1 22 5
2 13 19
t 1245 78.91472868217053
m 27 3
0 12 0
1 23 5
2 12 19
t 1244 79.68992248062015
m 28 3
0 11 0
1 22 5
2 13 19
t 1243 79.68992248062015
m 29 3
0 10 0
1 23 5
2 12 19
t 1242 79.68992248062015
m 29 4
0 11 0
1 24 5
2 13 19
t 1241 80.46511627906978
m 29 3
0 12 0
1 23 5
2 14 19
t 1240 80.46511627906978
m 30 3
0 13 0
1 22 5
2 15 19
t 1239 81.24031007751938
m 30 3
0 12 0
1 23 5
2 16 19
t 1238 81.24031007751938
m 30 3
0 13 0
1 22 5
2 16 18
t 1237 81.24031007751938
m 30 3
0 12 0
1 21 5
2 16 17
t 1236 81.24031007751938
m 30 3
0 13 0
1 21 4
2 16 18
t 1235 81.24031007751938
m 31 3
0 12 0
1 21 3
2 16 17
t 1234 81.24031007751938
m 30 3
0 11 0
1 21 2
2 17 17
t 1233 81.24031007751938
m 30 3
0 12 0
1 20 2
2 16 17
t 1232 81.24031007751938
m 31 3
0 11 0
1 19 2
2 15 17
t 1231 81.24031007751938
m 30 3
0 10 0
1 20 2
2 16 17
t 1230 81.24031007751938
m 31 3
0 11 0
1 19 2
2 15 17
t 1229 81.24031007751938
m 30 3
0 10 0
1 18 2
2 14 17
f 0 0
t 1228 81.24031007751938
m 30 3
0 11 0
1 19 2
2 13 17
t 1227 81.24031007751938
m 29 3
0 10 0
1 18 2
2 14 17
t 1226 81.24031007751938
m 29 3
0 11 0
1 18 1
2 13 17
t 1225 81.24031007751938
m 30 3
0 10 0
1 18 0
2 12 17
t 1224 81.24031007751938
m 31 3
0 9 0
1 18 1
2 11 17
t 1223 81.24031007751938
m 31 3
0 8 0
1 18 2
2 10 17
t 1222 81.24031007751938
m 31 3
0 9 0
1 19 2
2 9 17
t 1221 81.24031007751938
m 30 3
0 8 0
1 18 2
2 8 17
t 1220 81.24031007751938
m 30 3
0 9 0
1 19 2
2 9 17
t 1219 81.24031007751938
m 30 3
0 10 0
1 18 2
2 10 17
t 1218 81.24031007751938
m 30 3
0 9 0
1 18 1
2 11 17
t 1217 81.24031007751938
m 31 3
0 10 0
1 18 0
2 10 17
t 1216 81.24031007751938
m 30 3
0 11 0
1 18 1
2 9 17
t 1215 81.24031007751938
m 30 3
0 10 0
1 18 2
2 10 17
t 1214 81.24031007751938
m 30 3
0 11 0
1 18 1
2 9 17
t 1213 81.24031007751938
m 29 3
0 12 0
1 18 0
2 8 17
t 1212 81.24031007751938
m 29 3
0 13 0
1 19 0
2 9 17
t 1211 81.24031007751938
m 29 4
0 12 0
1 20 0
2 8 17
t 1210 81.24031007751938
m 29 5
0 11 0
1 21 0
2 7 17
t 1209 81.24031007751938
m 29 5
0 12 0
1 20 0
2 6 17
t 1208 81.24031007751938
m 29 6
0 11 0
1 21 0
2 5 17
t 1207 81.24031007751938
m 30 6
0 12 0
1 20 0
2 6 17
t 1206 82.01550387596899
m 29 6
0 13 0
1 21 0
2 7 17
t 1205 82.01550387596899
m 28 6
0 14 0
1 22 0
2 6 17
t 1204 82.01550387596899
m 27 6
0 15 0
1 21 0
2 5 17
t 1203 82.7906976744186
m 28 6
0 16 0
1 22 0
2 4 17
t 1202 82.7906976744186
m 29 6
0 15 0
1 21 0
2 5 17
t 1201 82.7906976744186
m 30 6
0 16 0
1 20 0
2 4 17
t 1200 82.7906976744186
m 31 6
0 16 1
1 21 0
2 5 17
t 1199 82.7906976744186
m 31 7
0 16 0
1 20 0
2 4 17
t 1198 82.7906976744186
m 31 6
0 16 1
1 19 0
2 5 17
t 1197 82.7906976744186
m 31 7
0 16 0
1 20 0
2 6 17
t 1196 82.7906976744186
m 31 8
0 16 1
1 21 0
2 7 17
t 1195 82.7906976744186
m 30 8
0 16 0
1 22 0
2 7 18
t 1194 82.7906976744186
m 30 8
0 15 0
1 23 0
2 7 17
t 1193 82.7906976744186
m 29 8
0 16 0
1 24 0
2 7 18
t 1192 82.7906976744186
m 28 8
0 15 0
1 25 0
2 7 19
t 1191 83.56589147286822
m 28 9
0 14 0
1 24 0
2 6 19
t 1190 83.56589147286822
m 27 9
0 13 0
1 23 0
2 5 19
t 1189 84.34108527131782
m 28 9
0 14 0
1 24 0
2 6 19
t 1188 84.34108527131782
m 28 10
0 15 0
1 25 0
2 7 19
t 1187 84.34108527131782
m 28 11
0 14 0
1 26 0
2 7 18
t 1186 85.11627906976744
m 29 11
0 13 0
1 27 0
2 7 19
t 1185 85.11627906976744
m 29 11
0 14 0
1 26 0
2 8 19
t 1184 85.11627906976744
m 29 11
0 13 0
1 27 0
2 9 19
t 1183 85.11627906976744
m 30 11
0 14 0
1 26 0
2 8 19
t 1182 85.11627906976744
m 31 11
0 13 0
1 25 0
2 9 19
t 1181 85.11627906976744
m 31 11
0 12 0
1 24 0
2 10 19
t 1180 85.11627906976744
m 31 11
0 11 0
1 23 0
2 11 19
t 1179 85.11627906976744
m 30 11
0 10 0
1 24 0
2 12 19
t 1178 85.11627906976744
m 29 11
0 9 0
1 25 0
2 13 19
t 1177 85.11627906976744
m 29 11
0 8 0
1 26 0
2 14 19
t 1176 85.11627906976744
m 29 11
0 7 0
1 27 0
2 13 19
t 1175 85.11627906976744
m 29 11
0 7 1
1 26 0
2 12 19
t 1174 85.11627906976744
m 28 11
0 7 2
1 27 0
2 13 19
t 1173 85.11627906976744
m 27 11
0 7 3
1 27 1
2 12 19
t 1172 85.11627906976744
m 26 11
0 8 3
1 27 0
2 11 19
t 1171 85.11627906976744
m 25 11
0 7 3
1 27 1
2 10 19
t 1170 85.89147286821705
m 24 11
0 7 2
1 27 0
2 11 19
t 1169 85.89147286821705
m 23 11
0 7 1
1 28 0
2 10 19
t 1168 85.89147286821705
m 23 10
0 7 0
1 27 0
2 9 19
t 1167 86.66666666666667
m 23 9
0 7 1
1 26 0
2 8 19
t 1166 86.66666666666667
m 24 9
0 7 0
1 25 0
2 9 19
t 1165 87.44186046511628
m 23 9
0 8 0
1 26 0
2 10 19
t 1164 87.44186046511628
m 23 8
0 7 0
1 25 0
2 11 19
t 1163 87.44186046511628
m 23 7
0 7 1
1 26 0
2 12 19
t 1162 88.21705426356588
m 22 7
0 7 2
1 25 0
2 13 19
t 1161 88.21705426356588
m 21 7
0 7 3
1 26 0
2 14 19
t 1160 88.21705426356588
m 22 7
0 7 2
1 27 0
2 15 19
t 1159 88.21705426356588
m 23 7
0 7 1
1 26 0
2 14 19
t 1158 88.21705426356588
m 22 7
0 7 0
1 27 0
2 13 19
t 1157 88.21705426356588
m 22 7
0 7 1
1 26 0
2 14 19
t 1156 88.21705426356588
m 21 7
0 7 0
1 25 0
2 13 19
t 1155 88.21705426356588
m 21 8
0 7 1
1 26 0
2 12 19
t 1154 88.21705426356588
m 21 7
0 7 2
1 25 0
2 13 19
t 1153 88.21705426356588
m 22 7
0 7 3
1 24 0
2 14 19
t 1152 88.21705426356588
m 23 7
0 6 3
1 23 0
2 15 19
t 1151 88.21705426356588
m 24 7
0 5 3
1 22 0
2 16 19
t 1150 88.21705426356588
m 25 7
0 5 4
1 23 0
2 16 18
t 1149 88.21705426356588
m 25 7
0 5 5
1 24 0
2 16 17
t 1148 88.21705426356588
m 25 6
0 5 4
1 23 0
2 15 17
t 1147 88.21705426356588
m 25 5
0 5 5
1 22 0
2 16 17
t 1146 88.9922480620155
m 24 5
0 5 6
1 21 0
2 16 16
t 1145 88.9922480620155
m 23 5
0 4 6
1 22 0
2 16 17
t 1144 88.9922480620155
m 22 5
0 3 6
1 21 0
2 16 18
t 1143 89.76744186046511
m 22 5
0 3 7
1 20 0
2 16 19
t 1142 89.76744186046511
m 21 5
0 3 8
1 19 0
2 16 18
t 1141 89.76744186046511
m 21 4
0 3 9
1 20 0
2 16 19
t 1140 89.76744186046511
m 20 4
0 3 10
1 19 0
2 15 19
t 1139 90.54263565891473
m 19 4
0 3 9
1 18 0
2 14 19
t 1138 90.54263565891473
m 20 4
0 3 10
1 19 0
2 13 19
t 1137 90.54263565891473
m 19 4
0 3 9
1 20 0
2 14 19
t 1136 90.54263565891473
m 18 4
0 3 8
1 19 0
2 15 19
t 1135 90.54263565891473
m 17 4
0 2 8
1 20 0
2 16 19
t 1134 91.31782945736434
m 16 4
0 3 8
1 21 0
2 15 19
t 1133 91.31782945736434
m 15 4
0 3 9
1 22 0
2 16 19
t 1132 91.31782945736434
m 14 4
0 3 8
1 21 0
2 16 18
t 1131 92.09302325581395
m 13 4
0 2 8
1 22 0
2 16 19
t 1130 92.09302325581395
m 13 5
0 3 8
1 21 0
2 15 19
t 1129 92.86821705426357
m 12 5
0 3 9
1 22 0
2 16 19
t 1128 92.86821705426357
m 11 5
0 3 10
1 23 0
2 16 18
t 1127 92.86821705426357
m 10 5
0 3 11
1 22 0
2 16 17
t 1126 93.64341085271317
m 9 5
0 4 11
1 23 0
2 16 18
t 1125 93.64341085271317
m 9 6
0 3 11
1 22 0
2 16 19
t 1124 94.4186046511628
m 8 6
0 4 11
1 21 0
2 16 18
t 1123 94.4186046511628
m 8 6
0 3 11
1 22 0
2 16 17
t 1122 94.4186046511628
m 7 6
0 4 11
1 21 0
2 16 16
t 1121 94.4186046511628
m 6 6
0 3 11
1 20 0
2 16 17
t 1120 95.1937984496124
m 5 6
0 4 11
1 21 0
2 16 18
t 1119 95.1937984496124
m 4 6
0 5 11
1 20 0
2 16 19
t 1118 95.1937984496124
m 3 6
0 6 11
1 21 0
2 16 18
t 1117 95.96899224806202
m 3 7
0 7 11
1 20 0
2 16 19
t 1116 95.96899224806202
m 3 8
0 8 11
1 21 0
2 16 18
t 1115 95.96899224806202
m 2 8
0 7 11
1 20 0
2 16 17
t 1114 95.96899224806202
m 1 8
0 8 11
1 19 0
2 15 17
t 1113 96.74418604651163
m 1 8
0 7 11
1 18 0
2 16 17
t 1112 96.74418604651163
m 0 8
0 8 11
1 18 1
2 16 16
t 1111 96.74418604651163
m 0 7
0 7 11
1 18 2
2 16 17
t 1110 96.74418604651163
m 0 6
0 6 11
1 18 1
2 15 17
t 1109 97.51937984496124
m 0 5
0 5 11
1 18 2
2 14 17
t 1108 97.51937984496124
m 0 4
0 6 11
1 19 2
2 13 17
t 1107 97.51937984496124
m 0 3
0 6 10
1 18 2
2 14 17
t 1106 98.29457364341086
m 1 3
0 6 11
1 19 2
2 13 17
t 1105 98.29457364341086
m 2 3
0 7 11
1 18 2
2 12 17
t 1104 98.29457364341086
m 3 3
0 8 11
1 18 1
2 13 17
t 1103 99.06976744186046
m 2 3
0 7 11
1 18 0
2 14 17
t 1102 99.06976744186046
m 1 3
0 6 11
1 19 0
2 15 17
t 1101 99.06976744186046
m 0 3
0 6 10
1 18 0
2 16 17
t 1100 99.06976744186046
m 0 3
0 6 11
1 19 0
2 16 16
t 1099 99.06976744186046
m 0 2
0 5 11
1 20 0
2 16 15
t 1098 99.06976744186046
m 0 2
0 6 11
1 19 0
2 15 15
t 1097 99.06976744186046
m 0 2
0 5 11
1 20 0
2 16 15
t 1096 99.06976744186046
m 0 1
0 4 11
1 19 0
2 15 15
t 1095 99.06976744186046
m 0 0
0 5 11
1 20 0
2 14 15
t 1094 109.84496124031008
m 0 1
0 4 11
1 21 0
2 13 15
t 1093 109.84496124031008
m 0 0
0 5 11
1 22 0
2 12 15
t 1092 109.84496124031008
m 1 0
0 4 11
1 23 0
2 12 16
t 1091 109.84496124031008
m 2 0
0 3 11
1 24 0
2 12 15
t 1090 109.84496124031008
m 3 0
0 2 11
1 25 0
2 12 16
t 1089 110.62015503875969
m 3 0
0 2 12
1 24 0
2 12 15
t 1088 110.62015503875969
m 3 0
0 2 13
1 25 0
2 12 16
t 1087 110.62015503875969
m 3 0
0 3 13
1 26 0
2 12 15
t 1086 110.62015503875969
m 3 0
0 2 13
1 27 0
2 11 15
t 1085 110.62015503875969
m 4 0
0 3 13
1 27 1
2 10 15
t 1084 110.62015503875969
m 5 0
0 2 13
1 27 2
2 9 15
t 1083 110.62015503875969
m 6 0
0 3 13
1 27 3
2 8 15
t 1082 111.3953488372093
m 7 0
0 4 13
1 27 2
2 7 15
t 1081 111.3953488372093
m 8 0
0 5 13
1 27 3
2 6 15
t 1080 111.3953488372093
m 9 0
0 4 13
1 27 2
2 5 15
f 0 19
t 1079 112.17054263565892
m 8 0
0 5 13
1 27 1
2 4 15
t 1078 112.17054263565892
m 8 0
0 4 13
1 27 2
2 5 15
t 1077 112.17054263565892
m 8 0
0 3 13
1 27 1
2 6 15
t 1076 112.17054263565892
m 7 0
0 2 13
1 27 2
2 7 15
t 1075 112.17054263565892
m 7 1
0 2 12
1 27 3
2 8 15
t 1074 112.17054263565892
m 7 2
0 2 13
1 27 2
2 8 14
t 1073 112.94573643410853
m 7 3
0 3 13
1 27 1
2 8 15
t 1072 112.94573643410853
m 6 3
0 4 13
1 27 2
2 8 14
t 1071 113.72093023255815
m 5 3
0 5 13
1 27 3
2 8 13
t 1070 113.72093023255815
m 5 4
0 6 13
1 28 3
2 9 13
t 1069 114.49612403100775
m 5 3
0 5 13
1 29 3
2 8 13
t 1068 114.49612403100775
m 5 3
0 4 13
1 29 4
2 8 14
t 1067 114.49612403100775
m 5 3
0 5 13
1 29 5
2 8 13
t 1066 114.49612403100775
m 6 3
0 6 13
1 29 4
2 8 14
t 1065 114.49612403100775
m 7 3
0 7 13
1 29 5
2 8 13
t 1064 114.49612403100775
m 8 3
0 8 13
1 29 4
2 9 13
t 1063 114.49612403100775
m 9 3
0 7 13
1 29 3
2 10 13
t 1062 115.27131782945736
m 9 2
0 8 13
1 29 4
2 9 13
t 1061 115.27131782945736
m 10 2
0 7 13
1 29 5
2 8 13
t 1060 116.04651162790698
m 10 2
0 8 13
1 29 6
2 8 14
t 1059 116.04651162790698
m 11 2
0 8 14
1 29 5
2 8 13
t 1058 116.04651162790698
m 12 2
0 8 15
1 29 4
2 7 13
t 1057 116.04651162790698
m 13 2
0 9 15
1 29 3
2 8 13
t 1056 116.82170542635659
m 14 2
0 10 15
1 28 3
2 9 13
t 1055 116.82170542635659
m 15 2
0 9 15
1 29 3
2 8 13
t 1054 116.82170542635659
m 16 2
0 10 15
1 29 4
2 8 14
t 1053 117.59689922480621
m 15 2
0 11 15
1 29 5
2 8 15
t 1052 117.59689922480621
m 15 2
0 12 15
1 29 6
2 9 15
t 1051 117.59689922480621
m 15 2
0 12 16
1 28 6
2 10 15
t 1050 117.59689922480621
m 16 2
0 12 15
1 29 6
2 11 15
t 1049 117.59689922480621
m 16 2
0 13 15
1 30 6
2 12 15
t 1048 117.59689922480621
m 16 1
0 14 15
1 31 6
2 13 15
t 1047 117.59689922480621
m 16 1
0 13 15
1 31 7
2 14 15
t 1046 117.59689922480621
m 16 1
0 12 15
1 31 6
2 15 15
t 1045 117.59689922480621
m 16 0
0 12 16
1 31 7
2 16 15
t 1044 117.59689922480621
m 15 0
0 12 17
1 31 6
2 15 15
t 1043 118.37209302325581
m 15 0
0 12 16
1 31 7
2 16 15
t 1042 118.37209302325581
m 14 0
0 12 15
1 31 8
2 15 15
t 1041 118.37209302325581
m 13 0
0 12 16
1 32 8
2 14 15
t 1040 118.37209302325581
m 12 0
0 12 17
1 33 8
2 15 15
t 1039 119.14728682170542
m 11 0
0 11 17
1 32 8
2 14 15
t 1038 119.14728682170542
m 12 0
0 10 17
1 31 8
2 15 15
t 1037 119.14728682170542
m 13 0
0 11 17
1 31 9
2 16 15
t 1036 119.14728682170542
m 14 0
0 10 17
1 31 10
2 16 16
t 1035 119.14728682170542
m 14 0
0 9 17
1 31 11
2 16 17
t 1034 119.14728682170542
m 15 0
0 8 17
1 31 10
2 17 17
t 1033 119.14728682170542
m 16 0
0 7 17
1 31 11
2 18 17
t 1032 119.14728682170542
m 16 1
0 8 17
1 30 11
2 17 17
t 1031 119.14728682170542
m 16 2
0 9 17
1 31 11
2 18 17
t 1030 119.14728682170542
m 16 2
0 10 17
1 30 11
2 17 17
t 1029 119.14728682170542
m 16 2
0 9 17
1 29 11
2 16 17
t 1028 119.14728682170542
m 16 2
0 10 17
1 30 11
2 16 16
t 1027 119.14728682170542
m 16 1
0 9 17
1 31 11
2 16 17
t 1026 119.14728682170542
m 16 2
0 8 17
1 31 10
2 16 16
t 1025 119.14728682170542
m 16 2
0 7 17
1 31 9
2 16 15
t 1024 119.14728682170542
m 15 2
0 8 17
1 31 10
2 15 15
t 1023 119.14728682170542
m 16 2
0 7 17
1 31 11
2 16 15
t 1022 119.14728682170542
m 16 2
0 6 17
1 30 11
2 16 16
t 1021 119.14728682170542
m 16 1
0 7 17
1 29 11
2 16 17
t 1020 119.14728682170542
m 16 2
0 6 17
1 30 11
2 17 17
t 1019 119.14728682170542
m 16 2
0 5 17
1 31 11
2 16 17
t 1018 119.14728682170542
m 16 2
0 6 17
1 31 10
2 15 17
t 1017 119.14728682170542
m 15 2
0 7 17
1 31 11
2 14 17
t 1016 119.14728682170542
m 14 2
0 6 17
1 31 10
2 15 17
t 1015 119.14728682170542
m 13 2
0 5 17
1 31 9
2 16 17
t 1014 119.14728682170542
m 14 2
0 4 17
1 31 8
2 15 17
t 1013 119.14728682170542
m 15 2
0 5 17
1 32 8
2 14 17
t 1012 119.14728682170542
m 14 2
0 6 17
1 31 8
2 15 17
t 1011 119.14728682170542
m 14 2
0 5 17
1 31 9
2 16 17
t 1010 119.14728682170542
m 14 2
0 4 17
1 31 10
2 16 18
t 1009 119.14728682170542
m 13 2
0 5 17
1 31 11
2 16 19
t 1008 119.14728682170542
m 13 3
0 4 17
1 30 11
2 16 18
t 1007 119.14728682170542
m 13 4
0 5 17
1 29 11
2 16 17
t 1006 119.14728682170542
m 13 4
0 6 17
1 30 11
2 15 17
t 1005 119.14728682170542
m 13 5
0 7 17
1 31 11
2 14 17
t 1004 119.14728682170542
m 13 5
0 8 17
1 32 11
2 13 17
t 1003 119.14728682170542
m 12 5
0 7 17
1 33 11
2 12 17
t 1002 119.14728682170542
m 13 5
0 7 18
1 34 11
2 12 16
t 1001 119.14728682170542
m 13 4
0 7 17
1 34 12
2 12 17
t 1000 119.14728682170542
m 13 4
0 8 17
1 34 11
2 11 17
t 999 119.14728682170542
m 13 4
0 7 17
1 34 12
2 12 17
t 998 119.14728682170542
m 13 5
0 7 18
1 34 11
2 13 17
t 997 119.14728682170542
m 13 4
0 7 19
1 34 12
2 14 17
t 996 119.14728682170542
m 13 3
0 7 18
1 34 13
2 13 17
t 995 119.14728682170542
m 13 4
0 7 17
1 34 14
2 12 17
t 994 119.14728682170542
m 13 4
0 8 17
1 34 15
2 12 16
t 993 119.14728682170542
m 14 4
0 9 17
1 34 16
2 12 15
t 992 119.14728682170542
m 13 4
0 10 17
1 34 17
2 12 16
t 991 119.14728682170542
m 14 4
0 11 17
1 34 16
2 12 15
t 990 119.14728682170542
m 14 4
0 12 17
1 34 15
2 11 15
t 989 119.14728682170542
m 14 4
0 11 17
1 33 15
2 10 15
t 988 119.14728682170542
m 13 4
0 10 17
1 34 15
2 11 15
t 987 119.14728682170542
m 13 4
0 11 17
1 34 16
2 10 15
t 986 119.14728682170542
m 13 4
0 10 17
1 34 15
2 11 15
t 985 119.14728682170542
m 13 3
0 9 17
1 34 16
2 10 15
t 984 119.14728682170542
m 13 2
0 8 17
1 34 17
2 11 15
t 983 119.14728682170542
m 14 2
0 7 17
1 34 16
2 12 15
t 982 119.14728682170542
m 14 2
0 6 17
1 34 15
2 12 16
t 981 119.14728682170542
m 15 2
0 5 17
1 33 15
2 12 15
t 980 119.14728682170542
m 15 2
0 4 17
1 32 15
2 11 15
t 979 119.14728682170542
m 14 2
0 3 17
1 32 14
2 10 15
t 978 119.14728682170542
m 15 2
0 2 17
1 32 15
2 9 15
t 977 119.14728682170542
m 16 2
0 2 16
1 32 14
2 10 15
t 976 119.14728682170542
m 16 1
0 2 17
1 32 13
2 11 15
t 975 119.14728682170542
m 16 0
0 2 16
1 32 14
2 10 15
t 974 119.14728682170542
m 16 1
0 2 17
1 32 15
2 11 15
t 973 119.14728682170542
m 16 1
0 3 17
1 32 16
2 12 15
t 972 119.14728682170542
m 16 1
0 4 17
1 32 17
2 11 15
t 971 119.14728682170542
m 16 0
0 5 17
1 31 17
2 10 15
t 970 119.14728682170542
m 16 1
0 4 17
1 30 17
2 11 15
t 969 119.14728682170542
m 16 2
0 3 17
1 29 17
2 12 15
t 968 119.14728682170542
m 16 1
0 4 17
1 30 17
2 12 16
t 967 119.14728682170542
m 16 2
0 3 17
1 31 17
2 12 15
t 966 119.14728682170542
m 15 2
0 2 17
1 30 17
2 12 16
t 965 119.14728682170542
m 16 2
0 3 17
1 29 17
2 12 15
t 964 119.14728682170542
m 15 2
0 2 17
1 28 17
2 13 15
t 963 119.14728682170542
m 16 2
0 3 17
1 27 17
2 12 15
t 962 119.14728682170542
m 16 2
0 2 17
1 26 17
2 12 16
t 961 119.14728682170542
m 16 2
0 2 16
1 27 17
2 12 15
t 960 119.14728682170542
m 15 2
0 2 17
1 27 18
2 11 15
t 959 119.14728682170542
m 15 2
0 3 17
1 27 19
2 12 15
t 958 119.14728682170542
m 16 2
0 4 17
1 26 19
2 13 15
t 957 119.14728682170542
m 15 2
0 3 17
1 25 19
2 12 15
t 956 119.14728682170542
m 15 2
0 4 17
1 26 19
2 12 16
t 955 119.14728682170542
m 15 2
0 3 17
1 27 19
2 12 17
t 954 119.14728682170542
m 14 2
0 4 17
1 28 19
2 11 17
t 953 119.14728682170542
m 15 2
0 3 17
1 27 19
2 12 17
t 952 119.14728682170542
m 16 2
0 2 17
1 26 19
2 11 17
t 951 119.14728682170542
m 15 2
0 2 16
1 27 19
2 12 17
t 950 119.14728682170542
m 16 2
0 2 17
1 27 18
2 12 16
t 949 119.14728682170542
m 16 1
0 3 17
1 27 17
2 12 17
t 948 119.14728682170542
m 16 2
0 4 17
1 26 17
2 11 17
t 947 119.14728682170542
m 15 2
0 3 17
1 25 17
2 12 17
t 946 119.14728682170542
m 14 2
0 4 17
1 24 17
2 13 17
t 945 119.14728682170542
m 14 2
0 5 17
1 25 17
2 12 17
t 944 119.14728682170542
m 15 2
0 4 17
1 24 17
2 12 16
t 943 119.14728682170542
m 16 2
0 3 17
1 25 17
2 12 17
t 942 119.14728682170542
m 15 2
0 4 17
1 26 17
2 11 17
t 941 119.14728682170542
m 15 2
0 5 17
1 27 17
2 12 17
t 940 119.14728682170542
m 14 2
0 4 17
1 26 17
2 11 17
t 939 119.14728682170542
m 13 2
0 5 17
1 27 17
2 12 17
t 938 119.14728682170542
m 14 2
0 6 17
1 28 17
2 12 16
t 937 119.14728682170542
m 14 2
0 5 17
1 29 17
2 12 17
t 936 119.14728682170542
m 14 2
0 6 17
1 28 17
2 11 17
t 935 119.14728682170542
m 15 2
0 7 17
1 29 17
2 12 17
t 934 119.14728682170542
m 15 2
0 8 17
1 28 17
2 11 17
t 933 119.14728682170542
m 14 2
0 9 17
1 27 17
2 12 17
t 932 119.14728682170542
m 13 2
0 10 17
1 27 18
2 12 16
t 931 119.14728682170542
m 13 3
0 9 17
1 27 19
2 12 17
t 930 119.14728682170542
m 13 4
0 8 17
1 26 19
2 11 17
t 929 119.14728682170542
m 13 3
0 7 17
1 25 19
2 12 17
t 928 119.14728682170542
m 13 3
0 7 18
1 24 19
2 13 17
t 927 119.14728682170542
m 13 2
0 7 19
1 25 19
2 12 17
t 926 119.14728682170542
m 13 2
0 6 19
1 24 19
2 12 16
t 925 119.14728682170542
m 13 2
0 5 19
1 25 19
2 12 15
t 924 119.14728682170542
m 13 3
0 6 19
1 26 19
2 11 15
t 923 119.14728682170542
m 13 2
0 5 19
1 25 19
2 10 15
t 922 119.14728682170542
m 13 2
0 4 19
1 24 19
2 9 15
t 921 119.14728682170542
m 12 2
0 5 19
1 23 19
2 8 15
t 920 119.14728682170542
m 11 2
0 4 19
1 22 19
2 8 14
t 919 119.14728682170542
m 12 2
0 3 19
1 23 19
2 8 13
t 918 119.14728682170542
m 11 2
0 2 19
1 22 19
2 8 14
t 917 119.14728682170542
m 11 2
0 1 19
1 23 19
2 8 15
t 916 119.14728682170542
m 12 2
0 0 19
1 24 19
2 7 15
t 915 119.14728682170542
m 12 2
0 0 18
1 25 19
2 8 15
t 914 119.14728682170542
m 13 2
0 0 19
1 26 19
2 8 14
t 913 119.14728682170542
m 13 3
0 0 18
1 25 19
2 8 15
t 912 119.14728682170542
m 13 3
0 0 17
1 26 19
2 7 15
t 911 119.14728682170542
m 13 3
0 0 16
1 25 19
2 6 15
t 910 119.14728682170542
m 13 3
0 0 15
1 26 19
2 5 15
t 909 119.14728682170542
m 13 4
0 0 14
1 27 19
2 6 15
t 908 119.14728682170542
m 14 4
0 0 15
1 27 18
2 7 15
t 907 119.14728682170542
m 15 4
0 0 14
1 27 19
2 6 15
t 906 119.14728682170542
m 14 4
0 0 13
1 28 19
2 7 15
t 905 119.14728682170542
m 14 4
0 0 14
1 29 19
2 6 15
t 904 119.14728682170542
m 14 4
0 0 13
1 30 19
2 7 15
t 903 119.14728682170542
m 15 4
0 0 14
1 29 19
2 6 15
t 902 119.14728682170542
m 16 4
0 0 13
1 28 19
2 5 15
t 901 119.14728682170542
m 16 4
0 0 14
1 27 19
2 6 15
t 900 119.14728682170542
m 15 4
0 0 15
1 27 18
2 7 15
t 899 119.14728682170542
m 16 4
0 1 15
1 27 17
2 8 15
t 898 119.14728682170542
m 15 4
0 0 15
1 28 17
2 8 14
t 897 119.14728682170542
m 14 4
0 1 15
1 29 17
2 8 15
t 896 119.14728682170542
m 13 4
0 0 15
1 28 17
2 8 14
t 895 119.14728682170542
m 14 4
0 0 14
1 29 17
2 8 15
t 894 119.14728682170542
m 15 4
0 0 15
1 30 17
2 8 14
t 893 119.14728682170542
m 14 4
0 1 15
1 31 17
2 8 13
t 892 119.14728682170542
m 15 4
0 2 15
1 32 17
2 9 13
t 891 119.14728682170542
m 14 4
0 3 15
1 31 17
2 8 13
t 890 119.14728682170542
m 15 4
0 2 15
1 30 17
2 7 13
t 889 119.14728682170542
m 15 4
0 1 15
1 31 17
2 8 13
t 888 119.14728682170542
m 16 4
0 0 15
1 30 17
2 9 13
t 887 119.14728682170542
m 17 4
0 0 14
1 31 17
2 8 13
t 886 119.14728682170542
m 18 4
0 0 15
1 30 17
2 8 14
t 885 119.14728682170542
m 18 4
0 0 16
1 31 17
2 8 15
t 884 119.14728682170542
m 18 4
0 0 17
1 30 17
2 7 15
t 883 119.14728682170542
m 17 4
0 0 18
1 31 17
2 6 15
t 882 119.14728682170542
m 17 5
0 0 17
1 32 17
2 5 15
t 881 119.14728682170542
m 17 4
0 0 16
1 31 17
2 6 15
t 880 119.14728682170542
m 17 5
0 0 15
1 30 17
2 5 15
t 879 119.14728682170542
m 17 6
0 0 16
1 29 17
2 4 15
t 878 119.14728682170542
m 17 5
0 0 15
1 30 17
2 5 15
t 877 119.14728682170542
m 17 5
0 0 16
1 31 17
2 4 15
t 876 119.14728682170542
m 17 6
0 0 15
1 30 17
2 5 15
t 875 119.14728682170542
m 17 6
0 0 14
1 29 17
2 6 15
t 874 119.14728682170542
m 17 6
0 0 15
1 30 17
2 5 15
t 873 119.14728682170542
m 17 7
0 1 15
1 29 17
2 4 15
t 872 119.14728682170542
m 16 7
0 0 15
1 28 17
2 5 15
t 871 119.14728682170542
m 15 7
0 0 14
1 27 17
2 6 15
t 870 119.14728682170542
m 16 7
0 0 15
1 26 17
2 5 15
t 869 119.14728682170542
m 15 7
0 1 15
1 25 17
2 6 15
t 868 119.14728682170542
m 14 7
0 2 15
1 26 17
2 7 15
t 867 119.14728682170542
m 13 7
0 1 15
1 25 17
2 6 15
t 866 119.14728682170542
m 13 8
0 2 15
1 24 17
2 5 15
t 865 119.14728682170542
m 13 7
0 2 16
1 23 17
2 4 15
t 864 119.14728682170542
m 14 7
0 2 15
1 24 17
2 3 15
t 863 119.14728682170542
m 13 7
0 2 14
1 23 17
2 2 15
t 862 119.14728682170542
m 13 8
0 2 15
1 22 17
2 3 15
t 861 119.14728682170542
m 13 9
0 1 15
1 22 16
2 4 15
t 860 119.14728682170542
m 14 9
0 2 15
1 22 15
2 3 15
t 859 119.14728682170542
m 15 9
0 1 15
1 22 16
2 4 15
t 858 119.92248062015504
m 15 9
0 0 15
1 22 15
2 5 15
t 857 119.92248062015504
m 16 9
0 0 16
1 21 15
2 6 15
t 856 119.92248062015504
m 15 9
0 0 15
1 20 15
2 5 15
t 855 119.92248062015504
m 14 9
0 0 14
1 19 15
2 4 15
t 854 119.92248062015504
m 15 9
0 0 13
1 18 15
2 5 15
t 853 119.92248062015504
m 16 9
0 0 12
1 18 16
2 4 15
t 852 119.92248062015504
m 16 9
0 0 13
1 18 17
2 3 15
t 851 119.92248062015504
m 15 9
0 0 14
1 17 17
2 2 15
t 850 119.92248062015504
m 14 9
0 0 13
1 18 17
2 2 14
t 849 119.92248062015504
m 14 9
0 0 14
1 18 18
2 2 13
t 848 119.92248062015504
m 13 9
0 0 13
1 18 17
2 2 14
t 847 119.92248062015504
m 14 9
0 0 14
1 19 17
2 2 15
t 846 119.92248062015504
m 13 9
0 0 15
1 18 17
2 2 16
t 845 119.92248062015504
m 13 9
0 1 15
1 18 16
2 2 17
t 844 119.92248062015504
m 14 9
0 0 15
1 18 15
2 2 16
t 843 119.92248062015504
m 13 9
0 0 16
1 18 16
2 2 17
t 842 119.92248062015504
m 13 10
0 0 17
1 18 15
2 2 16
t 841 119.92248062015504
m 13 11
0 0 16
1 19 15
2 2 15
t 840 119.92248062015504
m 14 11
0 0 15
1 20 15
2 3 15
t 839 119.92248062015504
m 14 11
0 0 14
1 21 15
2 2 15
t 838 119.92248062015504
m 14 11
0 0 15
1 20 15
2 2 16
t 837 119.92248062015504
m 13 11
0 0 16
1 19 15
2 2 15
t 836 119.92248062015504
m 13 12
0 0 15
1 18 15
2 1 15
t 835 119.92248062015504
m 13 13
0 0 16
1 18 16
2 0 15
t 834 119.92248062015504
m 14 13
0 0 15
1 18 17
2 1 15
t 833 120.69767441860465
m 14 13
0 0 14
1 19 17
2 0 15
t 832 120.69767441860465
m 14 13
0 0 13
1 18 17
2 0 16
t 831 120.69767441860465
m 13 13
0 0 14
1 19 17
2 0 17
t 830 120.69767441860465
m 13 13
0 0 15
1 20 17
2 0 16
t 829 120.69767441860465
m 12 13
0 1 15
1 19 17
2 0 15
t 828 120.69767441860465
m 13 13
0 2 15
1 18 17
2 0 16
t 827 120.69767441860465
m 13 13
0 1 15
1 18 16
2 0 15
t 826 120.69767441860465
m 13 12
0 2 15
1 18 15
2 0 16
t 825 120.69767441860465
m 13 12
0 2 14
1 19 15
2 0 17
t 824 120.69767441860465
m 13 12
0 2 15
1 18 15
2 0 16
t 823 120.69767441860465
m 13 13
0 2 16
1 18 16
2 0 15
t 822 120.69767441860465
m 12 13
0 2 17
1 18 15
2 0 16
t 821 120.69767441860465
m 13 13
0 3 17
1 18 16
2 0 17
t 820 120.69767441860465
m 14 13
0 4 17
1 18 17
2 0 18
t 819 120.69767441860465
m 15 13
0 3 17
1 19 17
2 0 17
t 818 120.69767441860465
m 14 13
0 4 17
1 18 17
2 0 18
t 817 120.69767441860465
m 13 13
0 5 17
1 18 18
2 0 19
t 816 120.69767441860465
m 13 12
0 6 17
1 18 19
2 1 19
t 815 120.69767441860465
m 13 13
0 7 17
1 18 18
2 2 19
t 814 120.69767441860465
m 13 13
0 6 17
1 18 17
2 3 19
t 813 120.69767441860465
m 12 13
0 5 17
1 18 16
2 2 19
t 812 120.69767441860465
m 11 13
0 6 17
1 18 15
2 1 19
t 811 120.69767441860465
m 12 13
0 5 17
1 18 14
2 2 19
t 810 120.69767441860465
m 11 13
0 6 17
1 18 15
2 1 19
t 809 120.69767441860465
m 10 13
0 7 17
1 18 16
2 0 19
t 808 120.69767441860465
m 10 13
0 6 17
1 18 17
2 0 18
t 807 120.69767441860465
m 11 13
0 5 17
1 18 16
2 0 17
t 806 120.69767441860465
m 11 12
0 4 17
1 18 17
2 0 16
t 805 120.69767441860465
m 11 11
0 3 17
1 18 18
2 0 15
t 804 120.69767441860465
m 10 11
0 4 17
1 18 17
2 0 14
t 803 120.69767441860465
m 9 11
0 3 17
1 18 18
2 0 15
t 802 120.69767441860465
m 8 11
0 4 17
1 18 19
2 1 15
t 801 120.69767441860465
m 8 11
0 5 17
1 18 18
2 2 15
t 800 120.69767441860465
m 9 11
0 6 17
1 18 17
2 2 16
t 799 120.69767441860465
m 9 11
0 5 17
1 18 18
2 2 17
t 798 120.69767441860465
m 10 11
0 4 17
1 18 17
2 3 17
t 797 120.69767441860465
m 10 11
0 3 17
1 17 17
2 4 17
t 796 120.69767441860465
m 10 11
0 2 17
1 18 17
2 5 17
t 795 120.69767441860465
m 11 11
0 2 16
1 19 17
2 6 17
t 794 120.69767441860465
m 11 12
0 2 15
1 20 17
2 7 17
t 793 120.69767441860465
m 11 12
0 1 15
1 19 17
2 6 17
t 792 120.69767441860465
m 11 12
0 0 15
1 18 17
2 7 17
t 791 120.69767441860465
m 11 12
0 0 14
1 17 17
2 6 17
t 790 120.69767441860465
m 11 12
0 0 13
1 16 17
2 5 17
t 789 120.69767441860465
m 11 11
0 0 14
1 16 18
2 4 17
t 788 120.69767441860465
m 11 10
0 0 15
1 16 19
2 5 17
t 787 120.69767441860465
m 11 11
0 1 15
1 16 18
2 6 17
t 786 120.69767441860465
m 11 10
0 2 15
1 16 17
2 5 17
t 785 120.69767441860465
m 11 10
0 3 15
1 17 17
2 4 17
t 784 120.69767441860465
m 11 11
0 2 15
1 18 17
2 5 17
t 783 120.69767441860465
m 11 11
0 2 14
1 19 17
2 4 17
t 782 120.69767441860465
m 11 10
0 2 15
1 18 17
2 5 17
t 781 120.69767441860465
m 11 9
0 1 15
1 19 17
2 6 17
t 780 120.69767441860465
m 11 9
0 0 15
1 18 17
2 7 17
t 779 120.69767441860465
m 10 9
0 0 16
1 17 17
2 8 17
t 778 120.69767441860465
m 11 9
0 0 17
1 18 17
2 9 17
t 777 120.69767441860465
m 10 9
0 0 16
1 18 16
2 10 17
t 776 120.69767441860465
m 10 9
0 0 17
1 18 17
2 9 17
t 775 120.69767441860465
m 11 9
0 0 18
1 18 16
2 8 17
t 774 120.69767441860465
m 11 9
0 0 17
1 18 15
2 7 17
t 773 120.69767441860465
m 11 9
0 0 16
1 18 16
2 7 18
t 772 120.69767441860465
m 11 10
0 0 15
1 18 17
2 7 19
t 771 120.69767441860465
m 11 10
0 1 15
1 18 16
2 8 19
t 770 120.69767441860465
m 11 11
0 0 15
1 18 17
2 9 19
t 769 120.69767441860465
m 11 10
0 1 15
1 19 17
2 10 19
t 768 120.69767441860465
m 11 11
0 0 15
1 20 17
2 11 19
t 767 120.69767441860465
m 10 11
0 0 14
1 21 17
2 12 19
t 766 120.69767441860465
m 11 11
0 0 15
1 22 17
2 13 19
t 765 120.69767441860465
m 11 12
0 0 16
1 22 16
2 12 19
t 764 120.69767441860465
m 11 13
0 0 15
1 22 17
2 13 19
t 763 120.69767441860465
m 12 13
0 0 16
1 22 16
2 14 19
t 762 120.69767441860465
m 13 13
0 0 17
1 22 17
2 13 19
t 761 120.69767441860465
m 12 13
0 0 16
1 23 17
2 12 19
t 760 120.69767441860465
m 11 13
0 0 15
1 22 17
2 13 19
t 759 120.69767441860465
m 11 13
0 1 15
1 22 16
2 12 19
t 758 120.69767441860465
m 12 13
0 0 15
1 22 17
2 13 19
t 757 120.69767441860465
m 13 13
0 0 16
1 22 16
2 12 19
t 756 120.69767441860465
m 14 13
0 0 15
1 22 17
2 11 19
t 755 120.69767441860465
m 15 13
0 0 16
1 21 17
2 10 19
t 754 120.69767441860465
m 15 13
0 0 17
1 22 17
2 11 19
t 753 120.69767441860465
m 15 13
0 0 16
1 22 16
2 10 19
t 752 120.69767441860465
m 16 13
0 0 15
1 22 15
2 11 19
t 751 120.69767441860465
m 16 14
0 1 15
1 22 16
2 12 19
t 750 121.47286821705427
m 16 15
0 2 15
1 22 17
2 11 19
t 749 121.47286821705427
m 15 15
0 1 15
1 23 17
2 10 19
t 748 122.24806201550388
m 14 15
0 2 15
1 22 17
2 9 19
t 747 122.24806201550388
m 14 15
0 2 16
1 23 17
2 8 19
t 746 122.24806201550388
m 15 15
0 2 15
1 24 17
2 7 19
t 745 122.24806201550388
m 16 15
0 3 15
1 25 17
2 6 19
t 744 122.24806201550388
m 16 16
0 4 15
1 24 17
2 7 19
t 743 122.24806201550388
m 16 17
0 3 15
1 23 17
2 7 18
t 742 122.24806201550388
m 15 17
0 2 15
1 24 17
2 7 19
t 741 122.24806201550388
m 15 17
0 3 15
1 25 17
2 6 19
t 740 122.24806201550388
m 15 17
0 2 15
1 24 17
2 7 19
t 739 122.24806201550388
m 15 17
0 1 15
1 23 17
2 6 19
t 738 122.24806201550388
m 15 17
0 2 15
1 24 17
2 5 19
t 737 122.24806201550388
m 14 17
0 3 15
1 23 17
2 6 19
t 736 122.24806201550388
m 14 17
0 4 15
1 24 17
2 5 19
t 735 122.24806201550388
m 14 17
0 5 15
1 23 17
2 4 19
t 734 122.24806201550388
m 13 17
0 4 15
1 24 17
2 3 19
t 733 122.24806201550388
m 12 17
0 5 15
1 25 17
2 2 19
t 732 122.24806201550388
m 13 17
0 4 15
1 26 17
2 1 19
t 731 122.24806201550388
m 14 17
0 3 15
1 27 17
2 2 19
t 730 122.24806201550388
m 13 17
0 4 15
1 26 17
2 3 19
t 729 122.24806201550388
m 14 17
0 5 15
1 27 17
2 2 19
t 728 122.24806201550388
m 14 17
0 4 15
1 26 17
2 1 19
t 727 122.24806201550388
m 14 17
0 5 15
1 27 17
2 0 19
t 726 122.24806201550388
m 15 17
0 4 15
1 27 18
2 1 19
t 725 122.24806201550388
m 14 17
0 3 15
1 27 19
2 2 19
t 724 122.24806201550388
m 14 17
0 2 15
1 26 19
2 1 19
t 723 122.24806201550388
m 14 17
0 1 15
1 25 19
2 2 19
t 722 122.24806201550388
m 13 17
0 0 15
1 24 19
2 3 19
t 721 122.24806201550388
m 14 17
0 1 15
1 23 19
2 2 19
t 720 122.24806201550388
m 13 17
0 0 15
1 24 19
2 3 19
t 719 122.24806201550388
m 14 17
0 0 14
1 23 19
2 4 19
t 718 122.24806201550388
m 15 17
0 0 13
1 24 19
2 5 19
t 717 122.24806201550388
m 14 17
0 0 12
1 25 19
2 4 19
t 716 122.24806201550388
m 14 17
0 0 13
1 24 19
2 3 19
t 715 122.24806201550388
m 14 17
0 0 14
1 23 19
2 4 19
t 714 122.24806201550388
m 14 17
0 0 13
1 24 19
2 5 19
t 713 122.24806201550388
m 14 17
0 0 14
1 23 19
2 4 19
t 712 122.24806201550388
m 15 17
0 0 15
1 24 19
2 3 19
t 711 122.24806201550388
m 14 17
0 1 15
1 23 19
2 4 19
t 710 122.24806201550388
m 14 17
0 2 15
1 24 19
2 5 19
t 709 122.24806201550388
m 14 17
0 3 15
1 25 19
2 6 19
t 708 122.24806201550388
m 15 17
0 4 15
1 24 19
2 7 19
t 707 122.24806201550388
m 14 17
0 5 15
1 23 19
2 8 19
t 706 122.24806201550388
m 15 17
0 6 15
1 22 19
2 7 19
t 705 122.24806201550388
m 14 17
0 7 15
1 21 19
2 6 19
t 704 122.24806201550388
m 14 17
0 8 15
1 20 19
2 5 19
t 703 122.24806201550388
m 14 17
0 8 14
1 21 19
2 6 19
t 702 122.24806201550388
m 14 17
0 8 13
1 22 19
2 5 19
t 701 122.24806201550388
m 13 17
0 9 13
1 23 19
2 4 19
t 700 122.24806201550388
m 14 17
0 8 13
1 24 19
2 5 19
t 699 122.24806201550388
m 15 17
0 7 13
1 25 19
2 4 19
t 698 122.24806201550388
m 14 17
0 8 13
1 24 19
2 5 19
t 697 122.24806201550388
m 14 17
0 8 14
1 23 19
2 6 19
t 696 122.24806201550388
m 14 17
0 8 13
1 24 19
2 7 19
t 695 122.24806201550388
m 14 17
0 9 13
1 23 19
2 7 18
t 694 122.24806201550388
m 15 17
0 8 13
1 22 19
2 7 17
t 693 122.24806201550388
m 14 17
0 8 14
1 23 19
2 8 17
t 692 122.24806201550388
m 14 17
0 8 15
1 24 19
2 9 17
t 691 122.24806201550388
m 14 17
0 8 14
1 25 19
2 10 17
t 690 122.24806201550388
m 14 17
0 8 15
1 24 19
2 11 17
t 689 122.24806201550388
m 14 17
0 7 15
1 25 19
2 12 17
t 688 122.24806201550388
m 15 17
0 8 15
1 26 19
2 11 17
t 687 122.24806201550388
m 15 17
0 7 15
1 27 19
2 10 17
t 686 122.24806201550388
m 14 17
0 8 15
1 26 19
2 9 17
t 685 122.24806201550388
m 15 17
0 7 15
1 25 19
2 8 17
t 684 122.24806201550388
m 14 17
0 8 15
1 26 19
2 9 17
t 683 122.24806201550388
m 14 17
0 9 15
1 25 19
2 8 17
t 682 122.24806201550388
m 13 17
0 8 15
1 24 19
2 9 17
t 681 122.24806201550388
m 14 17
0 8 14
1 23 19
2 8 17
t 680 122.24806201550388
m 15 17
0 8 15
1 22 19
2 9 17
t 679 122.24806201550388
m 14 17
0 8 14
1 23 19
2 8 17
t 678 122.24806201550388
m 13 17
0 8 15
1 22 19
2 9 17
t 677 122.24806201550388
m 13 17
0 9 15
1 21 19
2 8 17
t 676 122.24806201550388
m 14 17
0 10 15
1 22 19
2 9 17
t 675 122.24806201550388
m 14 17
0 11 15
1 21 19
2 8 17
t 674 122.24806201550388
m 14 17
0 12 15
1 22 19
2 9 17
t 673 122.24806201550388
m 15 17
0 11 15
1 23 19
2 10 17
t 672 122.24806201550388
m 14 17
0 10 15
1 24 19
2 9 17
t 671 122.24806201550388
m 15 17
0 9 15
1 23 19
2 10 17
t 670 122.24806201550388
m 15 17
0 10 15
1 22 19
2 9 17
t 669 122.24806201550388
m 16 17
0 11 15
1 23 19
2 8 17
t 668 122.24806201550388
m 15 17
0 10 15
1 22 19
2 9 17
t 667 122.24806201550388
m 14 17
0 11 15
1 21 19
2 8 17
t 666 122.24806201550388
m 14 17
0 10 15
1 22 19
2 9 17
t 665 122.24806201550388
m 14 17
0 9 15
1 23 19
2 8 17
t 664 122.24806201550388
m 14 17
0 10 15
1 24 19
2 9 17
t 663 122.24806201550388
m 14 17
0 11 15
1 23 19
2 8 17
t 662 122.24806201550388
m 15 17
0 12 15
1 24 19
2 7 17
t 661 122.24806201550388
m 15 17
0 13 15
1 25 19
2 6 17
t 660 122.24806201550388
m 15 17
0 12 15
1 24 19
2 7 17
t 659 122.24806201550388
m 16 17
0 11 15
1 25 19
2 7 18
t 658 122.24806201550388
m 16 18
0 10 15
1 24 19
2 7 19
t 657 122.24806201550388
m 16 19
0 11 15
1 25 19
2 6 19
t 656 122.24806201550388
m 15 19
0 10 15
1 24 19
2 5 19
t 655 122.24806201550388
m 14 19
0 9 15
1 23 19
2 4 19
t 654 123.02325581395348
m 15 19
0 8 15
1 22 19
2 3 19
t 653 123.02325581395348
m 16 19
0 7 15
1 21 19
2 4 19
t 652 123.02325581395348
m 16 18
0 6 15
1 20 19
2 5 19
t 651 123.02325581395348
m 16 19
0 7 15
1 19 19
2 4 19
t 650 123.02325581395348
m 15 19
0 6 15
1 18 19
2 5 19
t 649 123.02325581395348
m 16 19
0 7 15
1 19 19
2 6 19
t 648 123.02325581395348
m 16 18
0 8 15
1 20 19
2 7 19
t 647 123.02325581395348
m 16 17
0 9 15
1 21 19
2 6 19
t 646 123.02325581395348
m 16 18
0 10 15
1 22 19
2 5 19
t 645 123.02325581395348
m 16 18
0 9 15
1 23 19
2 6 19
t 644 123.02325581395348
m 16 18
0 10 15
1 24 19
2 5 19
t 643 123.02325581395348
m 16 19
0 11 15
1 25 19
2 4 19
t 642 123.02325581395348
m 15 19
0 12 15
1 24 19
2 5 19
t 641 123.02325581395348
m 16 19
0 12 16
1 23 19
2 4 19
t 640 123.02325581395348
m 16 18
0 12 17
1 24 19
2 3 19
t 639 123.02325581395348
m 16 19
0 13 17
1 23 19
2 4 19
t 638 123.02325581395348
m 16 19
0 12 17
1 24 19
2 3 19
t 637 123.02325581395348
m 16 18
0 13 17
1 25 19
2 2 19
t 636 123.02325581395348
m 16 19
0 14 17
1 26 19
2 1 19
t 635 123.02325581395348
m 16 19
0 15 17
1 25 19
2 2 19
t 634 123.02325581395348
m 16 19
0 14 17
1 26 19
2 1 19
t 633 123.02325581395348
m 15 19
0 15 17
1 27 19
2 2 19
t 632 123.02325581395348
m 16 19
0 14 17
1 27 18
2 3 19
t 631 123.02325581395348
m 16 19
0 13 17
1 27 19
2 2 19
t 630 123.02325581395348
m 16 19
0 12 17
1 28 19
2 1 19
t 629 123.02325581395348
m 16 18
0 13 17
1 29 19
2 2 19
t 628 123.02325581395348
m 16 19
0 12 17
1 30 19
2 1 19
t 627 123.02325581395348
m 16 19
0 13 17
1 31 19
2 2 19
t 626 123.02325581395348
m 16 19
0 14 17
1 32 19
2 1 19
t 625 123.02325581395348
m 16 18
0 13 17
1 31 19
2 2 19
t 624 123.02325581395348
m 16 19
0 12 17
1 30 19
2 3 19
t 623 123.02325581395348
m 16 19
0 13 17
1 29 19
2 4 19
t 622 123.02325581395348
m 16 19
0 14 17
1 28 19
2 3 19
t 621 123.02325581395348
m 16 19
0 13 17
1 29 19
2 4 19
t 620 123.02325581395348
m 16 18
0 12 17
1 28 19
2 3 19
t 619 123.02325581395348
m 16 17
0 12 16
1 29 19
2 2 19
t 618 123.02325581395348
m 16 18
0 12 17
1 30 19
2 1 19
t 617 123.02325581395348
m 16 17
0 13 17
1 31 19
2 0 19
t 616 123.02325581395348
m 16 18
0 14 17
1 32 19
2 0 18
t 615 123.02325581395348
m 16 18
0 13 17
1 33 19
2 0 17
t 614 123.02325581395348
m 16 18
0 12 17
1 32 19
2 0 16
t 613 123.02325581395348
m 16 19
0 12 16
1 31 19
2 0 15
t 612 123.02325581395348
m 16 19
0 12 15
1 30 19
2 0 14
t 611 123.02325581395348
m 16 19
0 12 16
1 29 19
2 0 13
t 610 123.02325581395348
m 16 19
0 12 17
1 30 19
2 0 14
t 609 123.02325581395348
m 15 19
0 11 17
1 31 19
2 0 15
t 608 123.02325581395348
m 16 19
0 12 17
1 32 19
2 0 14
t 607 123.02325581395348
m 16 19
0 11 17
1 33 19
2 0 13
t 606 123.02325581395348
m 16 19
0 10 17
1 34 19
2 0 14
t 605 123.02325581395348
m 16 19
0 9 17
1 33 19
2 0 15
t 604 123.02325581395348
m 16 18
0 10 17
1 32 19
2 0 16
t 603 123.02325581395348
m 16 19
0 11 17
1 31 19
2 0 17
t 602 123.02325581395348
m 16 19
0 12 17
1 30 19
2 0 16
t 601 123.02325581395348
m 16 19
0 12 16
1 31 19
2 0 17
t 600 123.02325581395348
m 16 19
0 12 17
1 32 19
2 0 18
t 599 123.02325581395348
m 16 18
0 13 17
1 33 19
2 0 17
t 598 123.02325581395348
m 16 19
0 14 17
1 32 19
2 0 18
t 597 123.02325581395348
m 16 19
0 13 17
1 33 19
2 0 17
t 596 123.02325581395348
m 16 19
0 12 17
1 34 19
2 0 16
t 595 123.02325581395348
m 15 19
0 11 17
1 33 19
2 0 17
t 594 123.02325581395348
m 16 19
0 10 17
1 32 19
2 0 16
t 593 123.02325581395348
m 16 19
0 9 17
1 31 19
2 0 17
t 592 123.02325581395348
m 15 19
0 10 17
1 30 19
2 0 16
t 591 123.02325581395348
m 16 19
0 11 17
1 29 19
2 0 17
t 590 123.02325581395348
m 16 19
0 12 17
1 30 19
2 0 16
t 589 123.02325581395348
m 16 18
0 12 16
1 31 19
2 0 17
t 588 123.02325581395348
m 16 19
0 12 17
1 30 19
2 0 16
t 587 123.02325581395348
m 16 19
0 12 16
1 29 19
2 0 15
t 586 123.02325581395348
m 16 19
0 12 15
1 30 19
2 1 15
t 585 123.02325581395348
m 15 19
0 11 15
1 29 19
2 2 15
t 584 123.02325581395348
m 15 19
0 12 15
1 28 19
2 1 15
t 583 123.02325581395348
m 16 19
0 11 15
1 27 19
2 2 15
t 582 123.02325581395348
m 16 19
0 10 15
1 28 19
2 1 15
t 581 123.02325581395348
m 15 19
0 11 15
1 27 19
2 0 15
t 580 123.02325581395348
m 16 19
0 10 15
1 26 19
2 0 16
t 579 123.02325581395348
m 16 19
0 9 15
1 27 19
2 0 15
t 578 123.02325581395348
m 16 19
0 10 15
1 26 19
2 0 16
t 577 123.02325581395348
m 16 18
0 9 15
1 27 19
2 0 15
t 576 123.02325581395348
m 16 18
0 8 15
1 28 19
2 1 15
t 575 123.02325581395348
m 16 18
0 7 15
1 29 19
2 2 15
t 574 123.02325581395348
m 16 18
0 8 15
1 28 19
2 1 15
t 573 123.02325581395348
m 16 18
0 7 15
1 27 19
2 0 15
t 572 123.02325581395348
m 16 18
0 6 15
1 26 19
2 1 15
t 571 123.02325581395348
m 16 19
0 7 15
1 27 19
2 2 15
t 570 123.02325581395348
m 15 19
0 8 15
1 26 19
2 1 15
t 569 123.02325581395348
m 14 19
0 9 15
1 27 19
2 0 15
t 568 123.02325581395348
m 15 19
0 8 15
1 28 19
2 0 16
t 567 123.02325581395348
m 15 19
0 8 14
1 27 19
2 0 17
t 566 123.02325581395348
m 16 19
0 8 15
1 28 19
2 0 18
t 565 123.02325581395348
m 16 18
0 8 14
1 29 19
2 0 19
t 564 123.02325581395348
m 16 17
0 8 13
1 28 19
2 1 19
t 563 123.02325581395348
m 16 18
0 9 13
1 27 19
2 0 19
t 562 123.02325581395348
m 16 18
0 10 13
1 28 19
2 1 19
t 561 123.02325581395348
m 16 17
0 9 13
1 29 19
2 0 19
t 560 123.02325581395348
m 17 17
0 8 13
1 28 19
2 1 19
t 559 123.02325581395348
m 16 17
0 9 13
1 27 19
2 2 19
t 558 123.02325581395348
m 17 17
0 8 13
1 28 19
2 3 19
t 557 123.02325581395348
m 18 17
0 8 14
1 27 19
2 4 19
t 556 123.02325581395348
m 18 17
0 8 15
1 26 19
2 5 19
t 555 123.02325581395348
m 19 17
0 7 15
1 25 19
2 6 19
t 554 123.02325581395348
m 20 17
0 8 15
1 26 19
2 5 19
t 553 123.02325581395348
m 20 17
0 9 15
1 27 19
2 6 19
t 552 123.02325581395348
m 21 17
0 10 15
1 28 19
2 7 19
t 551 123.02325581395348
m 21 17
0 9 15
1 27 19
2 6 19
t 550 123.02325581395348
m 21 17
0 8 15
1 27 18
2 7 19
t 549 123.02325581395348
m 21 17
0 7 15
1 27 17
2 7 18
t 548 123.02325581395348
m 21 17
0 6 15
1 26 17
2 7 17
t 547 123.02325581395348
m 21 17
0 7 15
1 27 17
2 6 17
t 546 123.02325581395348
m 22 17
0 8 15
1 27 18
2 5 17
t 545 123.02325581395348
m 22 16
0 8 14
1 27 19
2 6 17
t 544 123.02325581395348
m 22 15
0 8 13
1 26 19
2 7 17
t 543 123.02325581395348
m 21 15
0 9 13
1 25 19
2 8 17
t 542 123.7984496124031
m 21 15
0 10 13
1 26 19
2 7 17
t 541 123.7984496124031
m 21 15
0 11 13
1 25 19
2 6 17
t 540 123.7984496124031
m 22 15
0 12 13
1 26 19
2 7 17
t 539 123.7984496124031
m 23 15
0 13 13
1 25 19
2 7 18
t 538 123.7984496124031
m 24 15
0 12 13
1 24 19
2 7 17
t 537 124.57364341085271
m 25 15
0 11 13
1 25 19
2 8 17
t 536 124.57364341085271
m 26 15
0 11 12
1 24 19
2 9 17
t 535 124.57364341085271
m 27 15
0 11 11
1 23 19
2 8 17
t 534 125.34883720930233
m 26 15
0 10 11
1 22 19
2 9 17
t 533 125.34883720930233
m 26 14
0 11 11
1 23 19
2 10 17
t 532 125.34883720930233
m 26 13
0 10 11
1 22 19
2 9 17
t 531 126.12403100775194
m 26 13
0 11 11
1 21 19
2 8 17
t 530 126.12403100775194
m 27 13
0 11 10
1 22 19
2 7 17
t 529 126.12403100775194
m 27 13
0 11 9
1 21 19
2 7 18
t 528 126.12403100775194
m 26 13
0 11 10
1 20 19
2 7 19
t 527 126.12403100775194
m 27 13
0 11 9
1 19 19
2 8 19
t 526 126.12403100775194
m 28 13
0 10 9
1 18 19
2 9 19
t 525 126.12403100775194
m 29 13
0 9 9
1 18 18
2 8 19
t 524 126.89922480620154
m 30 13
0 8 9
1 18 19
2 9 19
t 523 126.89922480620154
m 30 13
0 7 9
1 18 18
2 8 19
t 522 126.89922480620154
m 30 13
0 8 9
1 18 19
2 9 19
t 521 126.89922480620154
m 30 13
0 7 9
1 18 18
2 8 19
t 520 126.89922480620154
m 30 13
0 8 9
1 18 17
2 7 19
t 519 126.89922480620154
m 31 13
0 9 9
1 19 17
2 6 19
t 518 126.89922480620154
m 31 13
0 8 9
1 18 17
2 7 19
t 517 126.89922480620154
m 30 13
0 9 9
1 19 17
2 8 19
t 516 126.89922480620154
m 31 13
0 8 9
1 18 17
2 9 19
t 515 126.89922480620154
m 30 13
0 9 9
1 19 17
2 8 19
t 514 126.89922480620154
m 30 13
0 8 9
1 20 17
2 9 19
t 513 126.89922480620154
m 30 13
0 9 9
1 21 17
2 10 19
t 512 126.89922480620154
m 31 13
0 8 9
1 22 17
2 11 19
t 511 126.89922480620154
m 32 13
0 7 9
1 21 17
2 12 19
t 510 126.89922480620154
m 32 14
0 8 9
1 22 17
2 13 19
t 509 126.89922480620154
m 32 15
0 9 9
1 23 17
2 12 19
t 508 126.89922480620154
m 32 15
0 10 9
1 24 17
2 13 19
t 507 126.89922480620154
m 31 15
0 9 9
1 25 17
2 14 19
t 506 126.89922480620154
m 30 15
0 10 9
1 26 17
2 13 19
t 505 127.67441860465117
m 30 15
0 9 9
1 25 17
2 12 19
t 504 127.67441860465117
m 30 15
0 10 9
1 26 17
2 11 19
t 503 127.67441860465117
m 31 15
0 11 9
1 25 17
2 10 19
t 502 127.67441860465117
m 32 15
0 10 9
1 24 17
2 11 19
t 501 127.67441860465117
m 33 15
0 11 9
1 25 17
2 12 19
t 500 127.67441860465117
m 33 15
0 10 9
1 24 17
2 13 19
t 499 127.67441860465117
m 34 15
0 9 9
1 25 17
2 12 19
t 498 127.67441860465117
m 34 14
0 8 9
1 24 17
2 11 19
t 497 127.67441860465117
m 34 13
0 9 9
1 25 17
2 10 19
t 496 127.67441860465117
m 34 12
0 10 9
1 24 17
2 11 19
t 495 127.67441860465117
m 34 11
0 9 9
1 25 17
2 10 19
t 494 127.67441860465117
m 33 11
0 8 9
1 26 17
2 11 19
t 493 127.67441860465117
m 32 11
0 9 9
1 27 17
2 12 19
t 492 127.67441860465117
m 32 11
0 8 9
1 26 17
2 13 19
t 491 127.67441860465117
m 32 12
0 7 9
1 27 17
2 14 19
t 490 127.67441860465117
m 32 13
0 6 9
1 26 17
2 13 19
t 489 127.67441860465117
m 32 12
0 6 8
1 25 17
2 14 19
t 488 127.67441860465117
m 32 13
0 5 8
1 24 17
2 15 19
t 487 127.67441860465117
m 32 13
0 4 8
1 23 17
2 14 19
t 486 127.67441860465117
m 31 13
0 3 8
1 24 17
2 15 19
t 485 127.67441860465117
m 32 13
0 3 7
1 23 17
2 14 19
t 484 127.67441860465117
m 31 13
0 3 8
1 24 17
2 15 19
t 483 127.67441860465117
m 31 13
0 2 8
1 25 17
2 14 19
t 482 127.67441860465117
m 32 13
0 1 8
1 24 17
2 13 19
t 481 127.67441860465117
m 31 13
0 0 8
1 23 17
2 12 19
t 480 127.67441860465117
m 31 13
0 0 7
1 22 17
2 13 19
t 479 127.67441860465117
m 32 13
0 0 8
1 23 17
2 14 19
t 478 127.67441860465117
m 32 12
0 1 8
1 22 17
2 15 19
t 477 127.67441860465117
m 32 13
0 2 8
1 21 17
2 16 19
t 476 127.67441860465117
m 32 13
0 3 8
1 20 17
2 16 18
t 475 127.67441860465117
m 32 12
0 3 9
1 19 17
2 16 19
t 474 127.67441860465117
m 32 11
0 3 10
1 20 17
2 16 18
t 473 127.67441860465117
m 31 11
0 3 11
1 21 17
2 16 17
t 472 127.67441860465117
m 30 11
0 2 11
1 22 17
2 16 18
t 471 127.67441860465117
m 29 11
0 2 12
1 22 16
2 16 17
t 470 127.67441860465117
m 29 11
0 2 11
1 22 15
2 16 16
t 469 127.67441860465117
m 28 11
0 2 12
1 23 15
2 16 17
t 468 127.67441860465117
m 27 11
0 2 11
1 24 15
2 16 16
t 467 127.67441860465117
m 26 11
0 3 11
1 25 15
2 16 17
t 466 127.67441860465117
m 26 11
0 2 11
1 24 15
2 15 17
t 465 127.67441860465117
m 26 11
0 3 11
1 25 15
2 14 17
t 464 127.67441860465117
m 26 11
0 3 10
1 26 15
2 13 17
t 463 127.67441860465117
m 25 11
0 3 11
1 26 14
2 14 17
t 462 127.67441860465117
m 25 11
0 4 11
1 26 13
2 13 17
t 461 127.67441860465117
m 24 11
0 3 11
1 25 13
2 12 17
t 460 127.67441860465117
m 23 11
0 3 10
1 24 13
2 13 17
t 459 127.67441860465117
m 23 12
0 3 11
1 25 13
2 14 17
t 458 127.67441860465117
m 23 13
0 4 11
1 24 13
2 15 17
t 457 128.4496124031008
m 22 13
0 3 11
1 23 13
2 16 17
t 456 128.4496124031008
m 21 13
0 2 11
1 22 13
2 15 17
t 455 128.4496124031008
m 20 13
0 1 11
1 21 13
2 14 17
t 454 128.4496124031008
m 19 13
0 0 11
1 22 13
2 13 17
t 453 128.4496124031008
m 18 13
0 0 12
1 21 13
2 12 17
t 452 128.4496124031008
m 18 14
0 0 13
1 20 13
2 13 17
t 451 128.4496124031008
m 18 15
0 0 14
1 21 13
2 12 17
t 450 128.4496124031008
m 18 16
0 0 13
1 21 12
2 12 16
t 449 128.4496124031008
m 18 17
0 0 14
1 21 13
2 12 17
t 448 128.4496124031008
m 18 17
0 0 15
1 22 13
2 11 17
t 447 128.4496124031008
m 18 18
0 1 15
1 23 13
2 12 17
t 446 128.4496124031008
m 18 19
0 2 15
1 24 13
2 11 17
t 445 128.4496124031008
m 19 19
0 3 15
1 23 13
2 12 17
t 444 128.4496124031008
m 20 19
0 4 15
1 22 13
2 12 16
t 443 129.2248062015504
m 21 19
0 3 15
1 23 13
2 12 17
t 442 129.2248062015504
m 22 19
0 2 15
1 23 12
2 13 17
t 441 129.2248062015504
m 23 19
0 3 15
1 23 11
2 12 17
t 440 155.14285714285714
